GPD_param1,GPD_param2,iteration,model_name,model_type,u_opt,p_u,location
0.1,0.8030729792542677,0,GPD,tail,21.39793168391183,0.090625,Puntarenas_OTROS_Hidrometereológico
0.1,0.8030729792542677,1,GPD,tail,21.39793168391183,0.090625,Puntarenas_OTROS_Hidrometereológico
0.1,0.8030729792542677,2,GPD,tail,21.39793168391183,0.090625,Puntarenas_OTROS_Hidrometereológico
0.1,0.8030729792542677,3,GPD,tail,21.39793168391183,0.090625,Puntarenas_OTROS_Hidrometereológico
0.1,0.8030729792542677,4,GPD,tail,21.39793168391183,0.090625,Puntarenas_OTROS_Hidrometereológico
0.1,0.8030729792542677,5,GPD,tail,21.39793168391183,0.090625,Puntarenas_OTROS_Hidrometereológico
0.1,0.8030729792542677,6,GPD,tail,21.39793168391183,0.090625,Puntarenas_OTROS_Hidrometereológico
0.1,0.8030729792542677,7,GPD,tail,21.39793168391183,0.090625,Puntarenas_OTROS_Hidrometereológico
-0.08384481498414292,0.808920583385312,8,GPD,tail,21.39793168391183,0.090625,Puntarenas_OTROS_Hidrometereológico
-0.08384481498414292,0.808920583385312,9,GPD,tail,21.39793168391183,0.090625,Puntarenas_OTROS_Hidrometereológico
-0.08384481498414292,0.808920583385312,10,GPD,tail,21.39793168391183,0.090625,Puntarenas_OTROS_Hidrometereológico
-0.08384481498414292,0.808920583385312,11,GPD,tail,21.39793168391183,0.090625,Puntarenas_OTROS_Hidrometereológico
-0.08384481498414292,0.808920583385312,12,GPD,tail,21.39793168391183,0.090625,Puntarenas_OTROS_Hidrometereológico
-0.08384481498414292,0.808920583385312,13,GPD,tail,21.39793168391183,0.090625,Puntarenas_OTROS_Hidrometereológico
-0.08384481498414292,0.808920583385312,14,GPD,tail,21.39793168391183,0.090625,Puntarenas_OTROS_Hidrometereológico
-0.08384481498414292,0.808920583385312,15,GPD,tail,21.39793168391183,0.090625,Puntarenas_OTROS_Hidrometereológico
-0.08384481498414292,0.808920583385312,16,GPD,tail,21.39793168391183,0.090625,Puntarenas_OTROS_Hidrometereológico
-0.08384481498414292,0.808920583385312,17,GPD,tail,21.39793168391183,0.090625,Puntarenas_OTROS_Hidrometereológico
-0.08384481498414292,0.808920583385312,18,GPD,tail,21.39793168391183,0.090625,Puntarenas_OTROS_Hidrometereológico
-0.08384481498414292,0.808920583385312,19,GPD,tail,21.39793168391183,0.090625,Puntarenas_OTROS_Hidrometereológico
-0.08384481498414292,0.808920583385312,20,GPD,tail,21.39793168391183,0.090625,Puntarenas_OTROS_Hidrometereológico
-0.08384481498414292,0.808920583385312,21,GPD,tail,21.39793168391183,0.090625,Puntarenas_OTROS_Hidrometereológico
-0.08384481498414292,0.808920583385312,22,GPD,tail,21.39793168391183,0.090625,Puntarenas_OTROS_Hidrometereológico
-0.08384481498414292,0.808920583385312,23,GPD,tail,21.39793168391183,0.090625,Puntarenas_OTROS_Hidrometereológico
-0.08384481498414292,0.808920583385312,24,GPD,tail,21.39793168391183,0.090625,Puntarenas_OTROS_Hidrometereológico
-0.08384481498414292,0.808920583385312,25,GPD,tail,21.39793168391183,0.090625,Puntarenas_OTROS_Hidrometereológico
-0.08384481498414292,0.808920583385312,26,GPD,tail,21.39793168391183,0.090625,Puntarenas_OTROS_Hidrometereológico
-0.08384481498414292,0.808920583385312,27,GPD,tail,21.39793168391183,0.090625,Puntarenas_OTROS_Hidrometereológico
-0.08384481498414292,0.808920583385312,28,GPD,tail,21.39793168391183,0.090625,Puntarenas_OTROS_Hidrometereológico
-0.08384481498414292,0.808920583385312,29,GPD,tail,21.39793168391183,0.090625,Puntarenas_OTROS_Hidrometereológico
-0.08384481498414292,0.808920583385312,30,GPD,tail,21.39793168391183,0.090625,Puntarenas_OTROS_Hidrometereológico
-0.08384481498414292,0.808920583385312,31,GPD,tail,21.39793168391183,0.090625,Puntarenas_OTROS_Hidrometereológico
-0.08384481498414292,0.808920583385312,32,GPD,tail,21.39793168391183,0.090625,Puntarenas_OTROS_Hidrometereológico
-0.08384481498414292,0.808920583385312,33,GPD,tail,21.39793168391183,0.090625,Puntarenas_OTROS_Hidrometereológico
-0.08384481498414292,0.808920583385312,34,GPD,tail,21.39793168391183,0.090625,Puntarenas_OTROS_Hidrometereológico
-0.042360080059550685,0.928491497537093,35,GPD,tail,21.39793168391183,0.090625,Puntarenas_OTROS_Hidrometereológico
-0.042360080059550685,0.928491497537093,36,GPD,tail,21.39793168391183,0.090625,Puntarenas_OTROS_Hidrometereológico
-0.042360080059550685,0.928491497537093,37,GPD,tail,21.39793168391183,0.090625,Puntarenas_OTROS_Hidrometereológico
-0.042360080059550685,0.928491497537093,38,GPD,tail,21.39793168391183,0.090625,Puntarenas_OTROS_Hidrometereológico
-0.042360080059550685,0.928491497537093,39,GPD,tail,21.39793168391183,0.090625,Puntarenas_OTROS_Hidrometereológico
-0.042360080059550685,0.928491497537093,40,GPD,tail,21.39793168391183,0.090625,Puntarenas_OTROS_Hidrometereológico
0.11461380148332431,0.7104491093099194,41,GPD,tail,21.39793168391183,0.090625,Puntarenas_OTROS_Hidrometereológico
0.11461380148332431,0.7104491093099194,42,GPD,tail,21.39793168391183,0.090625,Puntarenas_OTROS_Hidrometereológico
0.11461380148332431,0.7104491093099194,43,GPD,tail,21.39793168391183,0.090625,Puntarenas_OTROS_Hidrometereológico
0.11461380148332431,0.7104491093099194,44,GPD,tail,21.39793168391183,0.090625,Puntarenas_OTROS_Hidrometereológico
0.032365695326560334,0.7607351414677412,45,GPD,tail,21.39793168391183,0.090625,Puntarenas_OTROS_Hidrometereológico
0.032365695326560334,0.7607351414677412,46,GPD,tail,21.39793168391183,0.090625,Puntarenas_OTROS_Hidrometereológico
0.032365695326560334,0.7607351414677412,47,GPD,tail,21.39793168391183,0.090625,Puntarenas_OTROS_Hidrometereológico
0.032365695326560334,0.7607351414677412,48,GPD,tail,21.39793168391183,0.090625,Puntarenas_OTROS_Hidrometereológico
0.032365695326560334,0.7607351414677412,49,GPD,tail,21.39793168391183,0.090625,Puntarenas_OTROS_Hidrometereológico
0.032365695326560334,0.7607351414677412,50,GPD,tail,21.39793168391183,0.090625,Puntarenas_OTROS_Hidrometereológico
0.032365695326560334,0.7607351414677412,51,GPD,tail,21.39793168391183,0.090625,Puntarenas_OTROS_Hidrometereológico
0.032365695326560334,0.7607351414677412,52,GPD,tail,21.39793168391183,0.090625,Puntarenas_OTROS_Hidrometereológico
0.032365695326560334,0.7607351414677412,53,GPD,tail,21.39793168391183,0.090625,Puntarenas_OTROS_Hidrometereológico
0.032365695326560334,0.7607351414677412,54,GPD,tail,21.39793168391183,0.090625,Puntarenas_OTROS_Hidrometereológico
0.032365695326560334,0.7607351414677412,55,GPD,tail,21.39793168391183,0.090625,Puntarenas_OTROS_Hidrometereológico
0.032365695326560334,0.7607351414677412,56,GPD,tail,21.39793168391183,0.090625,Puntarenas_OTROS_Hidrometereológico
0.032365695326560334,0.7607351414677412,57,GPD,tail,21.39793168391183,0.090625,Puntarenas_OTROS_Hidrometereológico
0.032365695326560334,0.7607351414677412,58,GPD,tail,21.39793168391183,0.090625,Puntarenas_OTROS_Hidrometereológico
0.032365695326560334,0.7607351414677412,59,GPD,tail,21.39793168391183,0.090625,Puntarenas_OTROS_Hidrometereológico
0.04245868660689287,0.8015009830330376,60,GPD,tail,21.39793168391183,0.090625,Puntarenas_OTROS_Hidrometereológico
0.04245868660689287,0.8015009830330376,61,GPD,tail,21.39793168391183,0.090625,Puntarenas_OTROS_Hidrometereológico
0.04245868660689287,0.8015009830330376,62,GPD,tail,21.39793168391183,0.090625,Puntarenas_OTROS_Hidrometereológico
0.04245868660689287,0.8015009830330376,63,GPD,tail,21.39793168391183,0.090625,Puntarenas_OTROS_Hidrometereológico
0.04245868660689287,0.8015009830330376,64,GPD,tail,21.39793168391183,0.090625,Puntarenas_OTROS_Hidrometereológico
0.04245868660689287,0.8015009830330376,65,GPD,tail,21.39793168391183,0.090625,Puntarenas_OTROS_Hidrometereológico
0.04245868660689287,0.8015009830330376,66,GPD,tail,21.39793168391183,0.090625,Puntarenas_OTROS_Hidrometereológico
0.04245868660689287,0.8015009830330376,67,GPD,tail,21.39793168391183,0.090625,Puntarenas_OTROS_Hidrometereológico
0.04245868660689287,0.8015009830330376,68,GPD,tail,21.39793168391183,0.090625,Puntarenas_OTROS_Hidrometereológico
0.04245868660689287,0.8015009830330376,69,GPD,tail,21.39793168391183,0.090625,Puntarenas_OTROS_Hidrometereológico
0.04245868660689287,0.8015009830330376,70,GPD,tail,21.39793168391183,0.090625,Puntarenas_OTROS_Hidrometereológico
0.04245868660689287,0.8015009830330376,71,GPD,tail,21.39793168391183,0.090625,Puntarenas_OTROS_Hidrometereológico
0.04245868660689287,0.8015009830330376,72,GPD,tail,21.39793168391183,0.090625,Puntarenas_OTROS_Hidrometereológico
-0.13421146962290512,0.9795921495514176,73,GPD,tail,21.39793168391183,0.090625,Puntarenas_OTROS_Hidrometereológico
-0.13421146962290512,0.9795921495514176,74,GPD,tail,21.39793168391183,0.090625,Puntarenas_OTROS_Hidrometereológico
-0.13421146962290512,0.9795921495514176,75,GPD,tail,21.39793168391183,0.090625,Puntarenas_OTROS_Hidrometereológico
-0.13421146962290512,0.9795921495514176,76,GPD,tail,21.39793168391183,0.090625,Puntarenas_OTROS_Hidrometereológico
-0.13421146962290512,0.9795921495514176,77,GPD,tail,21.39793168391183,0.090625,Puntarenas_OTROS_Hidrometereológico
-0.13421146962290512,0.9795921495514176,78,GPD,tail,21.39793168391183,0.090625,Puntarenas_OTROS_Hidrometereológico
-0.13421146962290512,0.9795921495514176,79,GPD,tail,21.39793168391183,0.090625,Puntarenas_OTROS_Hidrometereológico
-0.13421146962290512,0.9795921495514176,80,GPD,tail,21.39793168391183,0.090625,Puntarenas_OTROS_Hidrometereológico
-0.13421146962290512,0.9795921495514176,81,GPD,tail,21.39793168391183,0.090625,Puntarenas_OTROS_Hidrometereológico
0.002963347288868906,0.8436842637533509,82,GPD,tail,21.39793168391183,0.090625,Puntarenas_OTROS_Hidrometereológico
-0.08605637484380647,0.9555816767635414,83,GPD,tail,21.39793168391183,0.090625,Puntarenas_OTROS_Hidrometereológico
-0.08605637484380647,0.9555816767635414,84,GPD,tail,21.39793168391183,0.090625,Puntarenas_OTROS_Hidrometereológico
-0.08605637484380647,0.9555816767635414,85,GPD,tail,21.39793168391183,0.090625,Puntarenas_OTROS_Hidrometereológico
-0.08605637484380647,0.9555816767635414,86,GPD,tail,21.39793168391183,0.090625,Puntarenas_OTROS_Hidrometereológico
-0.08605637484380647,0.9555816767635414,87,GPD,tail,21.39793168391183,0.090625,Puntarenas_OTROS_Hidrometereológico
-0.08605637484380647,0.9555816767635414,88,GPD,tail,21.39793168391183,0.090625,Puntarenas_OTROS_Hidrometereológico
-0.08605637484380647,0.9555816767635414,89,GPD,tail,21.39793168391183,0.090625,Puntarenas_OTROS_Hidrometereológico
-0.08605637484380647,0.9555816767635414,90,GPD,tail,21.39793168391183,0.090625,Puntarenas_OTROS_Hidrometereológico
-0.08605637484380647,0.9555816767635414,91,GPD,tail,21.39793168391183,0.090625,Puntarenas_OTROS_Hidrometereológico
-0.08605637484380647,0.9555816767635414,92,GPD,tail,21.39793168391183,0.090625,Puntarenas_OTROS_Hidrometereológico
-0.08605637484380647,0.9555816767635414,93,GPD,tail,21.39793168391183,0.090625,Puntarenas_OTROS_Hidrometereológico
-0.08605637484380647,0.9555816767635414,94,GPD,tail,21.39793168391183,0.090625,Puntarenas_OTROS_Hidrometereológico
-0.08605637484380647,0.9555816767635414,95,GPD,tail,21.39793168391183,0.090625,Puntarenas_OTROS_Hidrometereológico
-0.08605637484380647,0.9555816767635414,96,GPD,tail,21.39793168391183,0.090625,Puntarenas_OTROS_Hidrometereológico
-0.08605637484380647,0.9555816767635414,97,GPD,tail,21.39793168391183,0.090625,Puntarenas_OTROS_Hidrometereológico
-0.08605637484380647,0.9555816767635414,98,GPD,tail,21.39793168391183,0.090625,Puntarenas_OTROS_Hidrometereológico
-0.08605637484380647,0.9555816767635414,99,GPD,tail,21.39793168391183,0.090625,Puntarenas_OTROS_Hidrometereológico
-0.08605637484380647,0.9555816767635414,100,GPD,tail,21.39793168391183,0.090625,Puntarenas_OTROS_Hidrometereológico
-0.08605637484380647,0.9555816767635414,101,GPD,tail,21.39793168391183,0.090625,Puntarenas_OTROS_Hidrometereológico
-0.08605637484380647,0.9555816767635414,102,GPD,tail,21.39793168391183,0.090625,Puntarenas_OTROS_Hidrometereológico
-0.08605637484380647,0.9555816767635414,103,GPD,tail,21.39793168391183,0.090625,Puntarenas_OTROS_Hidrometereológico
-0.08605637484380647,0.9555816767635414,104,GPD,tail,21.39793168391183,0.090625,Puntarenas_OTROS_Hidrometereológico
-0.08605637484380647,0.9555816767635414,105,GPD,tail,21.39793168391183,0.090625,Puntarenas_OTROS_Hidrometereológico
-0.08605637484380647,0.9555816767635414,106,GPD,tail,21.39793168391183,0.090625,Puntarenas_OTROS_Hidrometereológico
-0.08605637484380647,0.9555816767635414,107,GPD,tail,21.39793168391183,0.090625,Puntarenas_OTROS_Hidrometereológico
-0.08605637484380647,0.9555816767635414,108,GPD,tail,21.39793168391183,0.090625,Puntarenas_OTROS_Hidrometereológico
-0.01044446697761954,0.8847303279678191,109,GPD,tail,21.39793168391183,0.090625,Puntarenas_OTROS_Hidrometereológico
-0.027128624511441497,0.7619899295963654,110,GPD,tail,21.39793168391183,0.090625,Puntarenas_OTROS_Hidrometereológico
-0.07600781400287626,0.8191059026770067,111,GPD,tail,21.39793168391183,0.090625,Puntarenas_OTROS_Hidrometereológico
-0.07600781400287626,0.8191059026770067,112,GPD,tail,21.39793168391183,0.090625,Puntarenas_OTROS_Hidrometereológico
-0.07600781400287626,0.8191059026770067,113,GPD,tail,21.39793168391183,0.090625,Puntarenas_OTROS_Hidrometereológico
-0.07600781400287626,0.8191059026770067,114,GPD,tail,21.39793168391183,0.090625,Puntarenas_OTROS_Hidrometereológico
-0.07600781400287626,0.8191059026770067,115,GPD,tail,21.39793168391183,0.090625,Puntarenas_OTROS_Hidrometereológico
-0.07600781400287626,0.8191059026770067,116,GPD,tail,21.39793168391183,0.090625,Puntarenas_OTROS_Hidrometereológico
-0.07600781400287626,0.8191059026770067,117,GPD,tail,21.39793168391183,0.090625,Puntarenas_OTROS_Hidrometereológico
-0.07600781400287626,0.8191059026770067,118,GPD,tail,21.39793168391183,0.090625,Puntarenas_OTROS_Hidrometereológico
-0.07600781400287626,0.8191059026770067,119,GPD,tail,21.39793168391183,0.090625,Puntarenas_OTROS_Hidrometereológico
-0.07600781400287626,0.8191059026770067,120,GPD,tail,21.39793168391183,0.090625,Puntarenas_OTROS_Hidrometereológico
-0.07600781400287626,0.8191059026770067,121,GPD,tail,21.39793168391183,0.090625,Puntarenas_OTROS_Hidrometereológico
-0.07600781400287626,0.8191059026770067,122,GPD,tail,21.39793168391183,0.090625,Puntarenas_OTROS_Hidrometereológico
-0.07600781400287626,0.8191059026770067,123,GPD,tail,21.39793168391183,0.090625,Puntarenas_OTROS_Hidrometereológico
-0.12840425651952964,0.9414286344997987,124,GPD,tail,21.39793168391183,0.090625,Puntarenas_OTROS_Hidrometereológico
-0.12840425651952964,0.9414286344997987,125,GPD,tail,21.39793168391183,0.090625,Puntarenas_OTROS_Hidrometereológico
-0.12840425651952964,0.9414286344997987,126,GPD,tail,21.39793168391183,0.090625,Puntarenas_OTROS_Hidrometereológico
-0.12840425651952964,0.9414286344997987,127,GPD,tail,21.39793168391183,0.090625,Puntarenas_OTROS_Hidrometereológico
-0.12840425651952964,0.9414286344997987,128,GPD,tail,21.39793168391183,0.090625,Puntarenas_OTROS_Hidrometereológico
-0.12840425651952964,0.9414286344997987,129,GPD,tail,21.39793168391183,0.090625,Puntarenas_OTROS_Hidrometereológico
-0.12840425651952964,0.9414286344997987,130,GPD,tail,21.39793168391183,0.090625,Puntarenas_OTROS_Hidrometereológico
-0.12840425651952964,0.9414286344997987,131,GPD,tail,21.39793168391183,0.090625,Puntarenas_OTROS_Hidrometereológico
-0.11524358121558363,0.9633065068581874,132,GPD,tail,21.39793168391183,0.090625,Puntarenas_OTROS_Hidrometereológico
-0.11524358121558363,0.9633065068581874,133,GPD,tail,21.39793168391183,0.090625,Puntarenas_OTROS_Hidrometereológico
-0.11524358121558363,0.9633065068581874,134,GPD,tail,21.39793168391183,0.090625,Puntarenas_OTROS_Hidrometereológico
-0.11524358121558363,0.9633065068581874,135,GPD,tail,21.39793168391183,0.090625,Puntarenas_OTROS_Hidrometereológico
-0.11524358121558363,0.9633065068581874,136,GPD,tail,21.39793168391183,0.090625,Puntarenas_OTROS_Hidrometereológico
-0.11524358121558363,0.9633065068581874,137,GPD,tail,21.39793168391183,0.090625,Puntarenas_OTROS_Hidrometereológico
-0.11524358121558363,0.9633065068581874,138,GPD,tail,21.39793168391183,0.090625,Puntarenas_OTROS_Hidrometereológico
-0.11524358121558363,0.9633065068581874,139,GPD,tail,21.39793168391183,0.090625,Puntarenas_OTROS_Hidrometereológico
-0.11524358121558363,0.9633065068581874,140,GPD,tail,21.39793168391183,0.090625,Puntarenas_OTROS_Hidrometereológico
-0.11524358121558363,0.9633065068581874,141,GPD,tail,21.39793168391183,0.090625,Puntarenas_OTROS_Hidrometereológico
-0.11524358121558363,0.9633065068581874,142,GPD,tail,21.39793168391183,0.090625,Puntarenas_OTROS_Hidrometereológico
-0.11524358121558363,0.9633065068581874,143,GPD,tail,21.39793168391183,0.090625,Puntarenas_OTROS_Hidrometereológico
-0.11524358121558363,0.9633065068581874,144,GPD,tail,21.39793168391183,0.090625,Puntarenas_OTROS_Hidrometereológico
-0.11524358121558363,0.9633065068581874,145,GPD,tail,21.39793168391183,0.090625,Puntarenas_OTROS_Hidrometereológico
0.05474442464985481,0.8232174051416288,146,GPD,tail,21.39793168391183,0.090625,Puntarenas_OTROS_Hidrometereológico
0.05474442464985481,0.8232174051416288,147,GPD,tail,21.39793168391183,0.090625,Puntarenas_OTROS_Hidrometereológico
0.05474442464985481,0.8232174051416288,148,GPD,tail,21.39793168391183,0.090625,Puntarenas_OTROS_Hidrometereológico
0.05474442464985481,0.8232174051416288,149,GPD,tail,21.39793168391183,0.090625,Puntarenas_OTROS_Hidrometereológico
0.05474442464985481,0.8232174051416288,150,GPD,tail,21.39793168391183,0.090625,Puntarenas_OTROS_Hidrometereológico
0.05474442464985481,0.8232174051416288,151,GPD,tail,21.39793168391183,0.090625,Puntarenas_OTROS_Hidrometereológico
0.05474442464985481,0.8232174051416288,152,GPD,tail,21.39793168391183,0.090625,Puntarenas_OTROS_Hidrometereológico
0.05474442464985481,0.8232174051416288,153,GPD,tail,21.39793168391183,0.090625,Puntarenas_OTROS_Hidrometereológico
-0.10175766168653926,0.9375817402886495,154,GPD,tail,21.39793168391183,0.090625,Puntarenas_OTROS_Hidrometereológico
-0.10175766168653926,0.9375817402886495,155,GPD,tail,21.39793168391183,0.090625,Puntarenas_OTROS_Hidrometereológico
-0.10175766168653926,0.9375817402886495,156,GPD,tail,21.39793168391183,0.090625,Puntarenas_OTROS_Hidrometereológico
-0.10175766168653926,0.9375817402886495,157,GPD,tail,21.39793168391183,0.090625,Puntarenas_OTROS_Hidrometereológico
-0.10175766168653926,0.9375817402886495,158,GPD,tail,21.39793168391183,0.090625,Puntarenas_OTROS_Hidrometereológico
-0.10175766168653926,0.9375817402886495,159,GPD,tail,21.39793168391183,0.090625,Puntarenas_OTROS_Hidrometereológico
-0.10175766168653926,0.9375817402886495,160,GPD,tail,21.39793168391183,0.090625,Puntarenas_OTROS_Hidrometereológico
-0.10175766168653926,0.9375817402886495,161,GPD,tail,21.39793168391183,0.090625,Puntarenas_OTROS_Hidrometereológico
-0.10175766168653926,0.9375817402886495,162,GPD,tail,21.39793168391183,0.090625,Puntarenas_OTROS_Hidrometereológico
-0.10175766168653926,0.9375817402886495,163,GPD,tail,21.39793168391183,0.090625,Puntarenas_OTROS_Hidrometereológico
-0.10175766168653926,0.9375817402886495,164,GPD,tail,21.39793168391183,0.090625,Puntarenas_OTROS_Hidrometereológico
-0.10175766168653926,0.9375817402886495,165,GPD,tail,21.39793168391183,0.090625,Puntarenas_OTROS_Hidrometereológico
-0.10175766168653926,0.9375817402886495,166,GPD,tail,21.39793168391183,0.090625,Puntarenas_OTROS_Hidrometereológico
-0.10175766168653926,0.9375817402886495,167,GPD,tail,21.39793168391183,0.090625,Puntarenas_OTROS_Hidrometereológico
-0.10175766168653926,0.9375817402886495,168,GPD,tail,21.39793168391183,0.090625,Puntarenas_OTROS_Hidrometereológico
-0.10175766168653926,0.9375817402886495,169,GPD,tail,21.39793168391183,0.090625,Puntarenas_OTROS_Hidrometereológico
-0.10175766168653926,0.9375817402886495,170,GPD,tail,21.39793168391183,0.090625,Puntarenas_OTROS_Hidrometereológico
-0.10175766168653926,0.9375817402886495,171,GPD,tail,21.39793168391183,0.090625,Puntarenas_OTROS_Hidrometereológico
-0.10175766168653926,0.9375817402886495,172,GPD,tail,21.39793168391183,0.090625,Puntarenas_OTROS_Hidrometereológico
-0.10175766168653926,0.9375817402886495,173,GPD,tail,21.39793168391183,0.090625,Puntarenas_OTROS_Hidrometereológico
-0.10175766168653926,0.9375817402886495,174,GPD,tail,21.39793168391183,0.090625,Puntarenas_OTROS_Hidrometereológico
-0.10175766168653926,0.9375817402886495,175,GPD,tail,21.39793168391183,0.090625,Puntarenas_OTROS_Hidrometereológico
-0.10175766168653926,0.9375817402886495,176,GPD,tail,21.39793168391183,0.090625,Puntarenas_OTROS_Hidrometereológico
-0.10175766168653926,0.9375817402886495,177,GPD,tail,21.39793168391183,0.090625,Puntarenas_OTROS_Hidrometereológico
-0.10175766168653926,0.9375817402886495,178,GPD,tail,21.39793168391183,0.090625,Puntarenas_OTROS_Hidrometereológico
-0.10175766168653926,0.9375817402886495,179,GPD,tail,21.39793168391183,0.090625,Puntarenas_OTROS_Hidrometereológico
-0.10175766168653926,0.9375817402886495,180,GPD,tail,21.39793168391183,0.090625,Puntarenas_OTROS_Hidrometereológico
-0.10175766168653926,0.9375817402886495,181,GPD,tail,21.39793168391183,0.090625,Puntarenas_OTROS_Hidrometereológico
-0.10175766168653926,0.9375817402886495,182,GPD,tail,21.39793168391183,0.090625,Puntarenas_OTROS_Hidrometereológico
-0.10175766168653926,0.9375817402886495,183,GPD,tail,21.39793168391183,0.090625,Puntarenas_OTROS_Hidrometereológico
-0.10175766168653926,0.9375817402886495,184,GPD,tail,21.39793168391183,0.090625,Puntarenas_OTROS_Hidrometereológico
-0.10175766168653926,0.9375817402886495,185,GPD,tail,21.39793168391183,0.090625,Puntarenas_OTROS_Hidrometereológico
-0.10175766168653926,0.9375817402886495,186,GPD,tail,21.39793168391183,0.090625,Puntarenas_OTROS_Hidrometereológico
-0.10175766168653926,0.9375817402886495,187,GPD,tail,21.39793168391183,0.090625,Puntarenas_OTROS_Hidrometereológico
-0.10175766168653926,0.9375817402886495,188,GPD,tail,21.39793168391183,0.090625,Puntarenas_OTROS_Hidrometereológico
-0.10175766168653926,0.9375817402886495,189,GPD,tail,21.39793168391183,0.090625,Puntarenas_OTROS_Hidrometereológico
-0.10175766168653926,0.9375817402886495,190,GPD,tail,21.39793168391183,0.090625,Puntarenas_OTROS_Hidrometereológico
-0.10175766168653926,0.9375817402886495,191,GPD,tail,21.39793168391183,0.090625,Puntarenas_OTROS_Hidrometereológico
-0.07686151096027352,0.9074343371334338,192,GPD,tail,21.39793168391183,0.090625,Puntarenas_OTROS_Hidrometereológico
-0.07686151096027352,0.9074343371334338,193,GPD,tail,21.39793168391183,0.090625,Puntarenas_OTROS_Hidrometereológico
-0.07686151096027352,0.9074343371334338,194,GPD,tail,21.39793168391183,0.090625,Puntarenas_OTROS_Hidrometereológico
-0.07686151096027352,0.9074343371334338,195,GPD,tail,21.39793168391183,0.090625,Puntarenas_OTROS_Hidrometereológico
-0.07686151096027352,0.9074343371334338,196,GPD,tail,21.39793168391183,0.090625,Puntarenas_OTROS_Hidrometereológico
-0.07686151096027352,0.9074343371334338,197,GPD,tail,21.39793168391183,0.090625,Puntarenas_OTROS_Hidrometereológico
-0.07686151096027352,0.9074343371334338,198,GPD,tail,21.39793168391183,0.090625,Puntarenas_OTROS_Hidrometereológico
-0.07686151096027352,0.9074343371334338,199,GPD,tail,21.39793168391183,0.090625,Puntarenas_OTROS_Hidrometereológico
-0.07686151096027352,0.9074343371334338,200,GPD,tail,21.39793168391183,0.090625,Puntarenas_OTROS_Hidrometereológico
-0.07686151096027352,0.9074343371334338,201,GPD,tail,21.39793168391183,0.090625,Puntarenas_OTROS_Hidrometereológico
-0.07686151096027352,0.9074343371334338,202,GPD,tail,21.39793168391183,0.090625,Puntarenas_OTROS_Hidrometereológico
-0.07686151096027352,0.9074343371334338,203,GPD,tail,21.39793168391183,0.090625,Puntarenas_OTROS_Hidrometereológico
-0.005504344735891356,0.7052816091335712,204,GPD,tail,21.39793168391183,0.090625,Puntarenas_OTROS_Hidrometereológico
-0.005504344735891356,0.7052816091335712,205,GPD,tail,21.39793168391183,0.090625,Puntarenas_OTROS_Hidrometereológico
-0.005504344735891356,0.7052816091335712,206,GPD,tail,21.39793168391183,0.090625,Puntarenas_OTROS_Hidrometereológico
-0.005504344735891356,0.7052816091335712,207,GPD,tail,21.39793168391183,0.090625,Puntarenas_OTROS_Hidrometereológico
-0.005504344735891356,0.7052816091335712,208,GPD,tail,21.39793168391183,0.090625,Puntarenas_OTROS_Hidrometereológico
-0.005504344735891356,0.7052816091335712,209,GPD,tail,21.39793168391183,0.090625,Puntarenas_OTROS_Hidrometereológico
-0.1505780254068832,0.8819246018238347,210,GPD,tail,21.39793168391183,0.090625,Puntarenas_OTROS_Hidrometereológico
-0.1505780254068832,0.8819246018238347,211,GPD,tail,21.39793168391183,0.090625,Puntarenas_OTROS_Hidrometereológico
-0.1505780254068832,0.8819246018238347,212,GPD,tail,21.39793168391183,0.090625,Puntarenas_OTROS_Hidrometereológico
-0.1505780254068832,0.8819246018238347,213,GPD,tail,21.39793168391183,0.090625,Puntarenas_OTROS_Hidrometereológico
-0.1505780254068832,0.8819246018238347,214,GPD,tail,21.39793168391183,0.090625,Puntarenas_OTROS_Hidrometereológico
-0.1505780254068832,0.8819246018238347,215,GPD,tail,21.39793168391183,0.090625,Puntarenas_OTROS_Hidrometereológico
-0.1505780254068832,0.8819246018238347,216,GPD,tail,21.39793168391183,0.090625,Puntarenas_OTROS_Hidrometereológico
0.03758392349848527,0.767230921229523,217,GPD,tail,21.39793168391183,0.090625,Puntarenas_OTROS_Hidrometereológico
0.03758392349848527,0.767230921229523,218,GPD,tail,21.39793168391183,0.090625,Puntarenas_OTROS_Hidrometereológico
0.03758392349848527,0.767230921229523,219,GPD,tail,21.39793168391183,0.090625,Puntarenas_OTROS_Hidrometereológico
0.03758392349848527,0.767230921229523,220,GPD,tail,21.39793168391183,0.090625,Puntarenas_OTROS_Hidrometereológico
0.03758392349848527,0.767230921229523,221,GPD,tail,21.39793168391183,0.090625,Puntarenas_OTROS_Hidrometereológico
-0.17425135856731733,0.9078608352618114,222,GPD,tail,21.39793168391183,0.090625,Puntarenas_OTROS_Hidrometereológico
-0.17425135856731733,0.9078608352618114,223,GPD,tail,21.39793168391183,0.090625,Puntarenas_OTROS_Hidrometereológico
-0.11307140311329139,0.9475400700894715,224,GPD,tail,21.39793168391183,0.090625,Puntarenas_OTROS_Hidrometereológico
-0.11307140311329139,0.9475400700894715,225,GPD,tail,21.39793168391183,0.090625,Puntarenas_OTROS_Hidrometereológico
-0.11307140311329139,0.9475400700894715,226,GPD,tail,21.39793168391183,0.090625,Puntarenas_OTROS_Hidrometereológico
-0.11307140311329139,0.9475400700894715,227,GPD,tail,21.39793168391183,0.090625,Puntarenas_OTROS_Hidrometereológico
-0.11307140311329139,0.9475400700894715,228,GPD,tail,21.39793168391183,0.090625,Puntarenas_OTROS_Hidrometereológico
-0.11307140311329139,0.9475400700894715,229,GPD,tail,21.39793168391183,0.090625,Puntarenas_OTROS_Hidrometereológico
-0.11307140311329139,0.9475400700894715,230,GPD,tail,21.39793168391183,0.090625,Puntarenas_OTROS_Hidrometereológico
-0.11307140311329139,0.9475400700894715,231,GPD,tail,21.39793168391183,0.090625,Puntarenas_OTROS_Hidrometereológico
-0.11307140311329139,0.9475400700894715,232,GPD,tail,21.39793168391183,0.090625,Puntarenas_OTROS_Hidrometereológico
-0.11307140311329139,0.9475400700894715,233,GPD,tail,21.39793168391183,0.090625,Puntarenas_OTROS_Hidrometereológico
-0.11307140311329139,0.9475400700894715,234,GPD,tail,21.39793168391183,0.090625,Puntarenas_OTROS_Hidrometereológico
-0.11307140311329139,0.9475400700894715,235,GPD,tail,21.39793168391183,0.090625,Puntarenas_OTROS_Hidrometereológico
-0.11307140311329139,0.9475400700894715,236,GPD,tail,21.39793168391183,0.090625,Puntarenas_OTROS_Hidrometereológico
-0.11307140311329139,0.9475400700894715,237,GPD,tail,21.39793168391183,0.090625,Puntarenas_OTROS_Hidrometereológico
-0.11307140311329139,0.9475400700894715,238,GPD,tail,21.39793168391183,0.090625,Puntarenas_OTROS_Hidrometereológico
-0.11307140311329139,0.9475400700894715,239,GPD,tail,21.39793168391183,0.090625,Puntarenas_OTROS_Hidrometereológico
-0.11307140311329139,0.9475400700894715,240,GPD,tail,21.39793168391183,0.090625,Puntarenas_OTROS_Hidrometereológico
-0.11307140311329139,0.9475400700894715,241,GPD,tail,21.39793168391183,0.090625,Puntarenas_OTROS_Hidrometereológico
-0.11307140311329139,0.9475400700894715,242,GPD,tail,21.39793168391183,0.090625,Puntarenas_OTROS_Hidrometereológico
-0.11307140311329139,0.9475400700894715,243,GPD,tail,21.39793168391183,0.090625,Puntarenas_OTROS_Hidrometereológico
-0.11307140311329139,0.9475400700894715,244,GPD,tail,21.39793168391183,0.090625,Puntarenas_OTROS_Hidrometereológico
-0.11307140311329139,0.9475400700894715,245,GPD,tail,21.39793168391183,0.090625,Puntarenas_OTROS_Hidrometereológico
-0.11307140311329139,0.9475400700894715,246,GPD,tail,21.39793168391183,0.090625,Puntarenas_OTROS_Hidrometereológico
-0.11307140311329139,0.9475400700894715,247,GPD,tail,21.39793168391183,0.090625,Puntarenas_OTROS_Hidrometereológico
-0.11307140311329139,0.9475400700894715,248,GPD,tail,21.39793168391183,0.090625,Puntarenas_OTROS_Hidrometereológico
-0.11307140311329139,0.9475400700894715,249,GPD,tail,21.39793168391183,0.090625,Puntarenas_OTROS_Hidrometereológico
-0.11307140311329139,0.9475400700894715,250,GPD,tail,21.39793168391183,0.090625,Puntarenas_OTROS_Hidrometereológico
-0.11307140311329139,0.9475400700894715,251,GPD,tail,21.39793168391183,0.090625,Puntarenas_OTROS_Hidrometereológico
-0.11307140311329139,0.9475400700894715,252,GPD,tail,21.39793168391183,0.090625,Puntarenas_OTROS_Hidrometereológico
-0.11307140311329139,0.9475400700894715,253,GPD,tail,21.39793168391183,0.090625,Puntarenas_OTROS_Hidrometereológico
-0.11307140311329139,0.9475400700894715,254,GPD,tail,21.39793168391183,0.090625,Puntarenas_OTROS_Hidrometereológico
-0.11307140311329139,0.9475400700894715,255,GPD,tail,21.39793168391183,0.090625,Puntarenas_OTROS_Hidrometereológico
-0.11307140311329139,0.9475400700894715,256,GPD,tail,21.39793168391183,0.090625,Puntarenas_OTROS_Hidrometereológico
-0.11307140311329139,0.9475400700894715,257,GPD,tail,21.39793168391183,0.090625,Puntarenas_OTROS_Hidrometereológico
-0.11307140311329139,0.9475400700894715,258,GPD,tail,21.39793168391183,0.090625,Puntarenas_OTROS_Hidrometereológico
-0.11307140311329139,0.9475400700894715,259,GPD,tail,21.39793168391183,0.090625,Puntarenas_OTROS_Hidrometereológico
-0.11307140311329139,0.9475400700894715,260,GPD,tail,21.39793168391183,0.090625,Puntarenas_OTROS_Hidrometereológico
-0.11307140311329139,0.9475400700894715,261,GPD,tail,21.39793168391183,0.090625,Puntarenas_OTROS_Hidrometereológico
-0.11307140311329139,0.9475400700894715,262,GPD,tail,21.39793168391183,0.090625,Puntarenas_OTROS_Hidrometereológico
-0.11307140311329139,0.9475400700894715,263,GPD,tail,21.39793168391183,0.090625,Puntarenas_OTROS_Hidrometereológico
-0.11307140311329139,0.9475400700894715,264,GPD,tail,21.39793168391183,0.090625,Puntarenas_OTROS_Hidrometereológico
-0.11307140311329139,0.9475400700894715,265,GPD,tail,21.39793168391183,0.090625,Puntarenas_OTROS_Hidrometereológico
-0.11307140311329139,0.9475400700894715,266,GPD,tail,21.39793168391183,0.090625,Puntarenas_OTROS_Hidrometereológico
-0.11307140311329139,0.9475400700894715,267,GPD,tail,21.39793168391183,0.090625,Puntarenas_OTROS_Hidrometereológico
-0.11307140311329139,0.9475400700894715,268,GPD,tail,21.39793168391183,0.090625,Puntarenas_OTROS_Hidrometereológico
-0.11307140311329139,0.9475400700894715,269,GPD,tail,21.39793168391183,0.090625,Puntarenas_OTROS_Hidrometereológico
-0.11307140311329139,0.9475400700894715,270,GPD,tail,21.39793168391183,0.090625,Puntarenas_OTROS_Hidrometereológico
-0.11307140311329139,0.9475400700894715,271,GPD,tail,21.39793168391183,0.090625,Puntarenas_OTROS_Hidrometereológico
-0.11307140311329139,0.9475400700894715,272,GPD,tail,21.39793168391183,0.090625,Puntarenas_OTROS_Hidrometereológico
-0.11307140311329139,0.9475400700894715,273,GPD,tail,21.39793168391183,0.090625,Puntarenas_OTROS_Hidrometereológico
-0.11307140311329139,0.9475400700894715,274,GPD,tail,21.39793168391183,0.090625,Puntarenas_OTROS_Hidrometereológico
-0.11307140311329139,0.9475400700894715,275,GPD,tail,21.39793168391183,0.090625,Puntarenas_OTROS_Hidrometereológico
-0.11307140311329139,0.9475400700894715,276,GPD,tail,21.39793168391183,0.090625,Puntarenas_OTROS_Hidrometereológico
-0.11307140311329139,0.9475400700894715,277,GPD,tail,21.39793168391183,0.090625,Puntarenas_OTROS_Hidrometereológico
-0.11307140311329139,0.9475400700894715,278,GPD,tail,21.39793168391183,0.090625,Puntarenas_OTROS_Hidrometereológico
-0.11307140311329139,0.9475400700894715,279,GPD,tail,21.39793168391183,0.090625,Puntarenas_OTROS_Hidrometereológico
-0.09381352347357162,0.8768023061706507,280,GPD,tail,21.39793168391183,0.090625,Puntarenas_OTROS_Hidrometereológico
-0.09381352347357162,0.8768023061706507,281,GPD,tail,21.39793168391183,0.090625,Puntarenas_OTROS_Hidrometereológico
-0.09381352347357162,0.8768023061706507,282,GPD,tail,21.39793168391183,0.090625,Puntarenas_OTROS_Hidrometereológico
-0.09381352347357162,0.8768023061706507,283,GPD,tail,21.39793168391183,0.090625,Puntarenas_OTROS_Hidrometereológico
-0.09381352347357162,0.8768023061706507,284,GPD,tail,21.39793168391183,0.090625,Puntarenas_OTROS_Hidrometereológico
-0.09381352347357162,0.8768023061706507,285,GPD,tail,21.39793168391183,0.090625,Puntarenas_OTROS_Hidrometereológico
-0.09381352347357162,0.8768023061706507,286,GPD,tail,21.39793168391183,0.090625,Puntarenas_OTROS_Hidrometereológico
-0.09381352347357162,0.8768023061706507,287,GPD,tail,21.39793168391183,0.090625,Puntarenas_OTROS_Hidrometereológico
-0.09381352347357162,0.8768023061706507,288,GPD,tail,21.39793168391183,0.090625,Puntarenas_OTROS_Hidrometereológico
-0.09381352347357162,0.8768023061706507,289,GPD,tail,21.39793168391183,0.090625,Puntarenas_OTROS_Hidrometereológico
-0.09381352347357162,0.8768023061706507,290,GPD,tail,21.39793168391183,0.090625,Puntarenas_OTROS_Hidrometereológico
-0.09381352347357162,0.8768023061706507,291,GPD,tail,21.39793168391183,0.090625,Puntarenas_OTROS_Hidrometereológico
-0.09381352347357162,0.8768023061706507,292,GPD,tail,21.39793168391183,0.090625,Puntarenas_OTROS_Hidrometereológico
-0.09381352347357162,0.8768023061706507,293,GPD,tail,21.39793168391183,0.090625,Puntarenas_OTROS_Hidrometereológico
-0.09381352347357162,0.8768023061706507,294,GPD,tail,21.39793168391183,0.090625,Puntarenas_OTROS_Hidrometereológico
-0.09381352347357162,0.8768023061706507,295,GPD,tail,21.39793168391183,0.090625,Puntarenas_OTROS_Hidrometereológico
-0.09381352347357162,0.8768023061706507,296,GPD,tail,21.39793168391183,0.090625,Puntarenas_OTROS_Hidrometereológico
-0.09381352347357162,0.8768023061706507,297,GPD,tail,21.39793168391183,0.090625,Puntarenas_OTROS_Hidrometereológico
-0.09381352347357162,0.8768023061706507,298,GPD,tail,21.39793168391183,0.090625,Puntarenas_OTROS_Hidrometereológico
-0.09381352347357162,0.8768023061706507,299,GPD,tail,21.39793168391183,0.090625,Puntarenas_OTROS_Hidrometereológico
-0.09381352347357162,0.8768023061706507,300,GPD,tail,21.39793168391183,0.090625,Puntarenas_OTROS_Hidrometereológico
-0.09381352347357162,0.8768023061706507,301,GPD,tail,21.39793168391183,0.090625,Puntarenas_OTROS_Hidrometereológico
-0.09381352347357162,0.8768023061706507,302,GPD,tail,21.39793168391183,0.090625,Puntarenas_OTROS_Hidrometereológico
-0.09381352347357162,0.8768023061706507,303,GPD,tail,21.39793168391183,0.090625,Puntarenas_OTROS_Hidrometereológico
-0.09381352347357162,0.8768023061706507,304,GPD,tail,21.39793168391183,0.090625,Puntarenas_OTROS_Hidrometereológico
-0.09381352347357162,0.8768023061706507,305,GPD,tail,21.39793168391183,0.090625,Puntarenas_OTROS_Hidrometereológico
-0.09381352347357162,0.8768023061706507,306,GPD,tail,21.39793168391183,0.090625,Puntarenas_OTROS_Hidrometereológico
-0.09381352347357162,0.8768023061706507,307,GPD,tail,21.39793168391183,0.090625,Puntarenas_OTROS_Hidrometereológico
-0.09381352347357162,0.8768023061706507,308,GPD,tail,21.39793168391183,0.090625,Puntarenas_OTROS_Hidrometereológico
-0.09381352347357162,0.8768023061706507,309,GPD,tail,21.39793168391183,0.090625,Puntarenas_OTROS_Hidrometereológico
-0.09381352347357162,0.8768023061706507,310,GPD,tail,21.39793168391183,0.090625,Puntarenas_OTROS_Hidrometereológico
-0.09381352347357162,0.8768023061706507,311,GPD,tail,21.39793168391183,0.090625,Puntarenas_OTROS_Hidrometereológico
-0.09381352347357162,0.8768023061706507,312,GPD,tail,21.39793168391183,0.090625,Puntarenas_OTROS_Hidrometereológico
-0.09381352347357162,0.8768023061706507,313,GPD,tail,21.39793168391183,0.090625,Puntarenas_OTROS_Hidrometereológico
-0.09381352347357162,0.8768023061706507,314,GPD,tail,21.39793168391183,0.090625,Puntarenas_OTROS_Hidrometereológico
-0.09381352347357162,0.8768023061706507,315,GPD,tail,21.39793168391183,0.090625,Puntarenas_OTROS_Hidrometereológico
-0.09381352347357162,0.8768023061706507,316,GPD,tail,21.39793168391183,0.090625,Puntarenas_OTROS_Hidrometereológico
-0.09289281624202372,0.8366594449241923,317,GPD,tail,21.39793168391183,0.090625,Puntarenas_OTROS_Hidrometereológico
-0.12320888223238728,0.8712045331640051,318,GPD,tail,21.39793168391183,0.090625,Puntarenas_OTROS_Hidrometereológico
-0.12320888223238728,0.8712045331640051,319,GPD,tail,21.39793168391183,0.090625,Puntarenas_OTROS_Hidrometereológico
-0.053412856207272125,0.7537156992993418,320,GPD,tail,21.39793168391183,0.090625,Puntarenas_OTROS_Hidrometereológico
-0.053412856207272125,0.7537156992993418,321,GPD,tail,21.39793168391183,0.090625,Puntarenas_OTROS_Hidrometereológico
-0.04881089705039576,0.7696818158865095,322,GPD,tail,21.39793168391183,0.090625,Puntarenas_OTROS_Hidrometereológico
-0.04881089705039576,0.7696818158865095,323,GPD,tail,21.39793168391183,0.090625,Puntarenas_OTROS_Hidrometereológico
-0.04881089705039576,0.7696818158865095,324,GPD,tail,21.39793168391183,0.090625,Puntarenas_OTROS_Hidrometereológico
-0.04881089705039576,0.7696818158865095,325,GPD,tail,21.39793168391183,0.090625,Puntarenas_OTROS_Hidrometereológico
-0.04881089705039576,0.7696818158865095,326,GPD,tail,21.39793168391183,0.090625,Puntarenas_OTROS_Hidrometereológico
0.020329441848375707,0.7518794619883309,327,GPD,tail,21.39793168391183,0.090625,Puntarenas_OTROS_Hidrometereológico
0.020329441848375707,0.7518794619883309,328,GPD,tail,21.39793168391183,0.090625,Puntarenas_OTROS_Hidrometereológico
0.020329441848375707,0.7518794619883309,329,GPD,tail,21.39793168391183,0.090625,Puntarenas_OTROS_Hidrometereológico
0.020329441848375707,0.7518794619883309,330,GPD,tail,21.39793168391183,0.090625,Puntarenas_OTROS_Hidrometereológico
0.020329441848375707,0.7518794619883309,331,GPD,tail,21.39793168391183,0.090625,Puntarenas_OTROS_Hidrometereológico
0.020329441848375707,0.7518794619883309,332,GPD,tail,21.39793168391183,0.090625,Puntarenas_OTROS_Hidrometereológico
0.020329441848375707,0.7518794619883309,333,GPD,tail,21.39793168391183,0.090625,Puntarenas_OTROS_Hidrometereológico
0.020329441848375707,0.7518794619883309,334,GPD,tail,21.39793168391183,0.090625,Puntarenas_OTROS_Hidrometereológico
0.020329441848375707,0.7518794619883309,335,GPD,tail,21.39793168391183,0.090625,Puntarenas_OTROS_Hidrometereológico
0.020329441848375707,0.7518794619883309,336,GPD,tail,21.39793168391183,0.090625,Puntarenas_OTROS_Hidrometereológico
0.020329441848375707,0.7518794619883309,337,GPD,tail,21.39793168391183,0.090625,Puntarenas_OTROS_Hidrometereológico
0.020329441848375707,0.7518794619883309,338,GPD,tail,21.39793168391183,0.090625,Puntarenas_OTROS_Hidrometereológico
0.020329441848375707,0.7518794619883309,339,GPD,tail,21.39793168391183,0.090625,Puntarenas_OTROS_Hidrometereológico
0.020329441848375707,0.7518794619883309,340,GPD,tail,21.39793168391183,0.090625,Puntarenas_OTROS_Hidrometereológico
0.020329441848375707,0.7518794619883309,341,GPD,tail,21.39793168391183,0.090625,Puntarenas_OTROS_Hidrometereológico
0.020329441848375707,0.7518794619883309,342,GPD,tail,21.39793168391183,0.090625,Puntarenas_OTROS_Hidrometereológico
0.020329441848375707,0.7518794619883309,343,GPD,tail,21.39793168391183,0.090625,Puntarenas_OTROS_Hidrometereológico
0.020329441848375707,0.7518794619883309,344,GPD,tail,21.39793168391183,0.090625,Puntarenas_OTROS_Hidrometereológico
0.020329441848375707,0.7518794619883309,345,GPD,tail,21.39793168391183,0.090625,Puntarenas_OTROS_Hidrometereológico
0.020329441848375707,0.7518794619883309,346,GPD,tail,21.39793168391183,0.090625,Puntarenas_OTROS_Hidrometereológico
0.020329441848375707,0.7518794619883309,347,GPD,tail,21.39793168391183,0.090625,Puntarenas_OTROS_Hidrometereológico
0.020329441848375707,0.7518794619883309,348,GPD,tail,21.39793168391183,0.090625,Puntarenas_OTROS_Hidrometereológico
0.020329441848375707,0.7518794619883309,349,GPD,tail,21.39793168391183,0.090625,Puntarenas_OTROS_Hidrometereológico
0.020329441848375707,0.7518794619883309,350,GPD,tail,21.39793168391183,0.090625,Puntarenas_OTROS_Hidrometereológico
0.020329441848375707,0.7518794619883309,351,GPD,tail,21.39793168391183,0.090625,Puntarenas_OTROS_Hidrometereológico
0.020329441848375707,0.7518794619883309,352,GPD,tail,21.39793168391183,0.090625,Puntarenas_OTROS_Hidrometereológico
0.020329441848375707,0.7518794619883309,353,GPD,tail,21.39793168391183,0.090625,Puntarenas_OTROS_Hidrometereológico
0.020329441848375707,0.7518794619883309,354,GPD,tail,21.39793168391183,0.090625,Puntarenas_OTROS_Hidrometereológico
0.020329441848375707,0.7518794619883309,355,GPD,tail,21.39793168391183,0.090625,Puntarenas_OTROS_Hidrometereológico
0.020329441848375707,0.7518794619883309,356,GPD,tail,21.39793168391183,0.090625,Puntarenas_OTROS_Hidrometereológico
0.020329441848375707,0.7518794619883309,357,GPD,tail,21.39793168391183,0.090625,Puntarenas_OTROS_Hidrometereológico
0.020329441848375707,0.7518794619883309,358,GPD,tail,21.39793168391183,0.090625,Puntarenas_OTROS_Hidrometereológico
0.020329441848375707,0.7518794619883309,359,GPD,tail,21.39793168391183,0.090625,Puntarenas_OTROS_Hidrometereológico
0.020329441848375707,0.7518794619883309,360,GPD,tail,21.39793168391183,0.090625,Puntarenas_OTROS_Hidrometereológico
0.020329441848375707,0.7518794619883309,361,GPD,tail,21.39793168391183,0.090625,Puntarenas_OTROS_Hidrometereológico
0.020329441848375707,0.7518794619883309,362,GPD,tail,21.39793168391183,0.090625,Puntarenas_OTROS_Hidrometereológico
0.020329441848375707,0.7518794619883309,363,GPD,tail,21.39793168391183,0.090625,Puntarenas_OTROS_Hidrometereológico
0.020329441848375707,0.7518794619883309,364,GPD,tail,21.39793168391183,0.090625,Puntarenas_OTROS_Hidrometereológico
0.011949998689170675,0.8138827760191829,365,GPD,tail,21.39793168391183,0.090625,Puntarenas_OTROS_Hidrometereológico
0.011949998689170675,0.8138827760191829,366,GPD,tail,21.39793168391183,0.090625,Puntarenas_OTROS_Hidrometereológico
0.011949998689170675,0.8138827760191829,367,GPD,tail,21.39793168391183,0.090625,Puntarenas_OTROS_Hidrometereológico
0.011949998689170675,0.8138827760191829,368,GPD,tail,21.39793168391183,0.090625,Puntarenas_OTROS_Hidrometereológico
-0.06383519391909229,0.7520118270218737,369,GPD,tail,21.39793168391183,0.090625,Puntarenas_OTROS_Hidrometereológico
-0.06383519391909229,0.7520118270218737,370,GPD,tail,21.39793168391183,0.090625,Puntarenas_OTROS_Hidrometereológico
-0.06383519391909229,0.7520118270218737,371,GPD,tail,21.39793168391183,0.090625,Puntarenas_OTROS_Hidrometereológico
-0.06383519391909229,0.7520118270218737,372,GPD,tail,21.39793168391183,0.090625,Puntarenas_OTROS_Hidrometereológico
-0.06383519391909229,0.7520118270218737,373,GPD,tail,21.39793168391183,0.090625,Puntarenas_OTROS_Hidrometereológico
-0.06383519391909229,0.7520118270218737,374,GPD,tail,21.39793168391183,0.090625,Puntarenas_OTROS_Hidrometereológico
-0.017791777705602668,0.8281329080204681,375,GPD,tail,21.39793168391183,0.090625,Puntarenas_OTROS_Hidrometereológico
-0.017791777705602668,0.8281329080204681,376,GPD,tail,21.39793168391183,0.090625,Puntarenas_OTROS_Hidrometereológico
-0.017791777705602668,0.8281329080204681,377,GPD,tail,21.39793168391183,0.090625,Puntarenas_OTROS_Hidrometereológico
-0.017791777705602668,0.8281329080204681,378,GPD,tail,21.39793168391183,0.090625,Puntarenas_OTROS_Hidrometereológico
-0.11602063986039067,0.9915466086917119,379,GPD,tail,21.39793168391183,0.090625,Puntarenas_OTROS_Hidrometereológico
-0.11602063986039067,0.9915466086917119,380,GPD,tail,21.39793168391183,0.090625,Puntarenas_OTROS_Hidrometereológico
-0.039247451095236086,0.9428517596977315,381,GPD,tail,21.39793168391183,0.090625,Puntarenas_OTROS_Hidrometereológico
-0.039247451095236086,0.9428517596977315,382,GPD,tail,21.39793168391183,0.090625,Puntarenas_OTROS_Hidrometereológico
-0.039247451095236086,0.9428517596977315,383,GPD,tail,21.39793168391183,0.090625,Puntarenas_OTROS_Hidrometereológico
-0.039247451095236086,0.9428517596977315,384,GPD,tail,21.39793168391183,0.090625,Puntarenas_OTROS_Hidrometereológico
0.0020403722563681545,0.7229398257196769,385,GPD,tail,21.39793168391183,0.090625,Puntarenas_OTROS_Hidrometereológico
-0.14140557085992303,0.975054519192583,386,GPD,tail,21.39793168391183,0.090625,Puntarenas_OTROS_Hidrometereológico
-0.14140557085992303,0.975054519192583,387,GPD,tail,21.39793168391183,0.090625,Puntarenas_OTROS_Hidrometereológico
-0.14140557085992303,0.975054519192583,388,GPD,tail,21.39793168391183,0.090625,Puntarenas_OTROS_Hidrometereológico
-0.14140557085992303,0.975054519192583,389,GPD,tail,21.39793168391183,0.090625,Puntarenas_OTROS_Hidrometereológico
-0.14140557085992303,0.975054519192583,390,GPD,tail,21.39793168391183,0.090625,Puntarenas_OTROS_Hidrometereológico
-0.14140557085992303,0.975054519192583,391,GPD,tail,21.39793168391183,0.090625,Puntarenas_OTROS_Hidrometereológico
-0.14140557085992303,0.975054519192583,392,GPD,tail,21.39793168391183,0.090625,Puntarenas_OTROS_Hidrometereológico
-0.14140557085992303,0.975054519192583,393,GPD,tail,21.39793168391183,0.090625,Puntarenas_OTROS_Hidrometereológico
-0.14140557085992303,0.975054519192583,394,GPD,tail,21.39793168391183,0.090625,Puntarenas_OTROS_Hidrometereológico
-0.14140557085992303,0.975054519192583,395,GPD,tail,21.39793168391183,0.090625,Puntarenas_OTROS_Hidrometereológico
-0.14140557085992303,0.975054519192583,396,GPD,tail,21.39793168391183,0.090625,Puntarenas_OTROS_Hidrometereológico
-0.14140557085992303,0.975054519192583,397,GPD,tail,21.39793168391183,0.090625,Puntarenas_OTROS_Hidrometereológico
-0.14140557085992303,0.975054519192583,398,GPD,tail,21.39793168391183,0.090625,Puntarenas_OTROS_Hidrometereológico
-0.14140557085992303,0.975054519192583,399,GPD,tail,21.39793168391183,0.090625,Puntarenas_OTROS_Hidrometereológico
-0.14140557085992303,0.975054519192583,400,GPD,tail,21.39793168391183,0.090625,Puntarenas_OTROS_Hidrometereológico
-0.14140557085992303,0.975054519192583,401,GPD,tail,21.39793168391183,0.090625,Puntarenas_OTROS_Hidrometereológico
-0.14140557085992303,0.975054519192583,402,GPD,tail,21.39793168391183,0.090625,Puntarenas_OTROS_Hidrometereológico
-0.14140557085992303,0.975054519192583,403,GPD,tail,21.39793168391183,0.090625,Puntarenas_OTROS_Hidrometereológico
-0.14140557085992303,0.975054519192583,404,GPD,tail,21.39793168391183,0.090625,Puntarenas_OTROS_Hidrometereológico
-0.14140557085992303,0.975054519192583,405,GPD,tail,21.39793168391183,0.090625,Puntarenas_OTROS_Hidrometereológico
-0.14140557085992303,0.975054519192583,406,GPD,tail,21.39793168391183,0.090625,Puntarenas_OTROS_Hidrometereológico
-0.14140557085992303,0.975054519192583,407,GPD,tail,21.39793168391183,0.090625,Puntarenas_OTROS_Hidrometereológico
-0.14140557085992303,0.975054519192583,408,GPD,tail,21.39793168391183,0.090625,Puntarenas_OTROS_Hidrometereológico
-0.14140557085992303,0.975054519192583,409,GPD,tail,21.39793168391183,0.090625,Puntarenas_OTROS_Hidrometereológico
0.01619856456667218,0.8307272400434929,410,GPD,tail,21.39793168391183,0.090625,Puntarenas_OTROS_Hidrometereológico
0.01619856456667218,0.8307272400434929,411,GPD,tail,21.39793168391183,0.090625,Puntarenas_OTROS_Hidrometereológico
0.01619856456667218,0.8307272400434929,412,GPD,tail,21.39793168391183,0.090625,Puntarenas_OTROS_Hidrometereológico
-0.17446296194762548,0.9213674626139458,413,GPD,tail,21.39793168391183,0.090625,Puntarenas_OTROS_Hidrometereológico
-0.17446296194762548,0.9213674626139458,414,GPD,tail,21.39793168391183,0.090625,Puntarenas_OTROS_Hidrometereológico
-0.17446296194762548,0.9213674626139458,415,GPD,tail,21.39793168391183,0.090625,Puntarenas_OTROS_Hidrometereológico
-0.17446296194762548,0.9213674626139458,416,GPD,tail,21.39793168391183,0.090625,Puntarenas_OTROS_Hidrometereológico
-0.17446296194762548,0.9213674626139458,417,GPD,tail,21.39793168391183,0.090625,Puntarenas_OTROS_Hidrometereológico
-0.17446296194762548,0.9213674626139458,418,GPD,tail,21.39793168391183,0.090625,Puntarenas_OTROS_Hidrometereológico
-0.17446296194762548,0.9213674626139458,419,GPD,tail,21.39793168391183,0.090625,Puntarenas_OTROS_Hidrometereológico
-0.17446296194762548,0.9213674626139458,420,GPD,tail,21.39793168391183,0.090625,Puntarenas_OTROS_Hidrometereológico
-0.17446296194762548,0.9213674626139458,421,GPD,tail,21.39793168391183,0.090625,Puntarenas_OTROS_Hidrometereológico
-0.17446296194762548,0.9213674626139458,422,GPD,tail,21.39793168391183,0.090625,Puntarenas_OTROS_Hidrometereológico
-0.17446296194762548,0.9213674626139458,423,GPD,tail,21.39793168391183,0.090625,Puntarenas_OTROS_Hidrometereológico
-0.17446296194762548,0.9213674626139458,424,GPD,tail,21.39793168391183,0.090625,Puntarenas_OTROS_Hidrometereológico
-0.17446296194762548,0.9213674626139458,425,GPD,tail,21.39793168391183,0.090625,Puntarenas_OTROS_Hidrometereológico
-0.17446296194762548,0.9213674626139458,426,GPD,tail,21.39793168391183,0.090625,Puntarenas_OTROS_Hidrometereológico
-0.17446296194762548,0.9213674626139458,427,GPD,tail,21.39793168391183,0.090625,Puntarenas_OTROS_Hidrometereológico
-0.17446296194762548,0.9213674626139458,428,GPD,tail,21.39793168391183,0.090625,Puntarenas_OTROS_Hidrometereológico
-0.17446296194762548,0.9213674626139458,429,GPD,tail,21.39793168391183,0.090625,Puntarenas_OTROS_Hidrometereológico
-0.17446296194762548,0.9213674626139458,430,GPD,tail,21.39793168391183,0.090625,Puntarenas_OTROS_Hidrometereológico
-0.16429483880692458,1.0055305015635478,431,GPD,tail,21.39793168391183,0.090625,Puntarenas_OTROS_Hidrometereológico
-0.16429483880692458,1.0055305015635478,432,GPD,tail,21.39793168391183,0.090625,Puntarenas_OTROS_Hidrometereológico
-0.16429483880692458,1.0055305015635478,433,GPD,tail,21.39793168391183,0.090625,Puntarenas_OTROS_Hidrometereológico
-0.01952251740232891,0.9386989411842291,434,GPD,tail,21.39793168391183,0.090625,Puntarenas_OTROS_Hidrometereológico
-0.01952251740232891,0.9386989411842291,435,GPD,tail,21.39793168391183,0.090625,Puntarenas_OTROS_Hidrometereológico
-0.01952251740232891,0.9386989411842291,436,GPD,tail,21.39793168391183,0.090625,Puntarenas_OTROS_Hidrometereológico
-0.01952251740232891,0.9386989411842291,437,GPD,tail,21.39793168391183,0.090625,Puntarenas_OTROS_Hidrometereológico
-0.01952251740232891,0.9386989411842291,438,GPD,tail,21.39793168391183,0.090625,Puntarenas_OTROS_Hidrometereológico
-0.01952251740232891,0.9386989411842291,439,GPD,tail,21.39793168391183,0.090625,Puntarenas_OTROS_Hidrometereológico
-0.01952251740232891,0.9386989411842291,440,GPD,tail,21.39793168391183,0.090625,Puntarenas_OTROS_Hidrometereológico
-0.01952251740232891,0.9386989411842291,441,GPD,tail,21.39793168391183,0.090625,Puntarenas_OTROS_Hidrometereológico
-0.01952251740232891,0.9386989411842291,442,GPD,tail,21.39793168391183,0.090625,Puntarenas_OTROS_Hidrometereológico
-0.01952251740232891,0.9386989411842291,443,GPD,tail,21.39793168391183,0.090625,Puntarenas_OTROS_Hidrometereológico
-0.01952251740232891,0.9386989411842291,444,GPD,tail,21.39793168391183,0.090625,Puntarenas_OTROS_Hidrometereológico
-0.01952251740232891,0.9386989411842291,445,GPD,tail,21.39793168391183,0.090625,Puntarenas_OTROS_Hidrometereológico
-0.01952251740232891,0.9386989411842291,446,GPD,tail,21.39793168391183,0.090625,Puntarenas_OTROS_Hidrometereológico
-0.01952251740232891,0.9386989411842291,447,GPD,tail,21.39793168391183,0.090625,Puntarenas_OTROS_Hidrometereológico
-0.01952251740232891,0.9386989411842291,448,GPD,tail,21.39793168391183,0.090625,Puntarenas_OTROS_Hidrometereológico
-0.01952251740232891,0.9386989411842291,449,GPD,tail,21.39793168391183,0.090625,Puntarenas_OTROS_Hidrometereológico
-0.01952251740232891,0.9386989411842291,450,GPD,tail,21.39793168391183,0.090625,Puntarenas_OTROS_Hidrometereológico
-0.01952251740232891,0.9386989411842291,451,GPD,tail,21.39793168391183,0.090625,Puntarenas_OTROS_Hidrometereológico
-0.01952251740232891,0.9386989411842291,452,GPD,tail,21.39793168391183,0.090625,Puntarenas_OTROS_Hidrometereológico
0.014619986124744327,0.6968736286865013,453,GPD,tail,21.39793168391183,0.090625,Puntarenas_OTROS_Hidrometereológico
0.014619986124744327,0.6968736286865013,454,GPD,tail,21.39793168391183,0.090625,Puntarenas_OTROS_Hidrometereológico
0.014619986124744327,0.6968736286865013,455,GPD,tail,21.39793168391183,0.090625,Puntarenas_OTROS_Hidrometereológico
0.014619986124744327,0.6968736286865013,456,GPD,tail,21.39793168391183,0.090625,Puntarenas_OTROS_Hidrometereológico
0.014619986124744327,0.6968736286865013,457,GPD,tail,21.39793168391183,0.090625,Puntarenas_OTROS_Hidrometereológico
0.014619986124744327,0.6968736286865013,458,GPD,tail,21.39793168391183,0.090625,Puntarenas_OTROS_Hidrometereológico
0.014619986124744327,0.6968736286865013,459,GPD,tail,21.39793168391183,0.090625,Puntarenas_OTROS_Hidrometereológico
0.014619986124744327,0.6968736286865013,460,GPD,tail,21.39793168391183,0.090625,Puntarenas_OTROS_Hidrometereológico
0.014619986124744327,0.6968736286865013,461,GPD,tail,21.39793168391183,0.090625,Puntarenas_OTROS_Hidrometereológico
0.014619986124744327,0.6968736286865013,462,GPD,tail,21.39793168391183,0.090625,Puntarenas_OTROS_Hidrometereológico
0.014619986124744327,0.6968736286865013,463,GPD,tail,21.39793168391183,0.090625,Puntarenas_OTROS_Hidrometereológico
0.014619986124744327,0.6968736286865013,464,GPD,tail,21.39793168391183,0.090625,Puntarenas_OTROS_Hidrometereológico
0.014619986124744327,0.6968736286865013,465,GPD,tail,21.39793168391183,0.090625,Puntarenas_OTROS_Hidrometereológico
0.014619986124744327,0.6968736286865013,466,GPD,tail,21.39793168391183,0.090625,Puntarenas_OTROS_Hidrometereológico
0.014619986124744327,0.6968736286865013,467,GPD,tail,21.39793168391183,0.090625,Puntarenas_OTROS_Hidrometereológico
0.014619986124744327,0.6968736286865013,468,GPD,tail,21.39793168391183,0.090625,Puntarenas_OTROS_Hidrometereológico
0.014619986124744327,0.6968736286865013,469,GPD,tail,21.39793168391183,0.090625,Puntarenas_OTROS_Hidrometereológico
0.014619986124744327,0.6968736286865013,470,GPD,tail,21.39793168391183,0.090625,Puntarenas_OTROS_Hidrometereológico
0.014619986124744327,0.6968736286865013,471,GPD,tail,21.39793168391183,0.090625,Puntarenas_OTROS_Hidrometereológico
0.014619986124744327,0.6968736286865013,472,GPD,tail,21.39793168391183,0.090625,Puntarenas_OTROS_Hidrometereológico
0.014619986124744327,0.6968736286865013,473,GPD,tail,21.39793168391183,0.090625,Puntarenas_OTROS_Hidrometereológico
0.014619986124744327,0.6968736286865013,474,GPD,tail,21.39793168391183,0.090625,Puntarenas_OTROS_Hidrometereológico
-0.13559057283226558,0.9671722517383894,475,GPD,tail,21.39793168391183,0.090625,Puntarenas_OTROS_Hidrometereológico
-0.13559057283226558,0.9671722517383894,476,GPD,tail,21.39793168391183,0.090625,Puntarenas_OTROS_Hidrometereológico
-0.13559057283226558,0.9671722517383894,477,GPD,tail,21.39793168391183,0.090625,Puntarenas_OTROS_Hidrometereológico
-0.13559057283226558,0.9671722517383894,478,GPD,tail,21.39793168391183,0.090625,Puntarenas_OTROS_Hidrometereológico
-0.13559057283226558,0.9671722517383894,479,GPD,tail,21.39793168391183,0.090625,Puntarenas_OTROS_Hidrometereológico
-0.13559057283226558,0.9671722517383894,480,GPD,tail,21.39793168391183,0.090625,Puntarenas_OTROS_Hidrometereológico
-0.13559057283226558,0.9671722517383894,481,GPD,tail,21.39793168391183,0.090625,Puntarenas_OTROS_Hidrometereológico
-0.13559057283226558,0.9671722517383894,482,GPD,tail,21.39793168391183,0.090625,Puntarenas_OTROS_Hidrometereológico
-0.13559057283226558,0.9671722517383894,483,GPD,tail,21.39793168391183,0.090625,Puntarenas_OTROS_Hidrometereológico
-0.13559057283226558,0.9671722517383894,484,GPD,tail,21.39793168391183,0.090625,Puntarenas_OTROS_Hidrometereológico
-0.13559057283226558,0.9671722517383894,485,GPD,tail,21.39793168391183,0.090625,Puntarenas_OTROS_Hidrometereológico
-0.13559057283226558,0.9671722517383894,486,GPD,tail,21.39793168391183,0.090625,Puntarenas_OTROS_Hidrometereológico
-0.13559057283226558,0.9671722517383894,487,GPD,tail,21.39793168391183,0.090625,Puntarenas_OTROS_Hidrometereológico
-0.13559057283226558,0.9671722517383894,488,GPD,tail,21.39793168391183,0.090625,Puntarenas_OTROS_Hidrometereológico
-0.13559057283226558,0.9671722517383894,489,GPD,tail,21.39793168391183,0.090625,Puntarenas_OTROS_Hidrometereológico
-0.13559057283226558,0.9671722517383894,490,GPD,tail,21.39793168391183,0.090625,Puntarenas_OTROS_Hidrometereológico
-0.13559057283226558,0.9671722517383894,491,GPD,tail,21.39793168391183,0.090625,Puntarenas_OTROS_Hidrometereológico
-0.13559057283226558,0.9671722517383894,492,GPD,tail,21.39793168391183,0.090625,Puntarenas_OTROS_Hidrometereológico
-0.13559057283226558,0.9671722517383894,493,GPD,tail,21.39793168391183,0.090625,Puntarenas_OTROS_Hidrometereológico
-0.13559057283226558,0.9671722517383894,494,GPD,tail,21.39793168391183,0.090625,Puntarenas_OTROS_Hidrometereológico
-0.13559057283226558,0.9671722517383894,495,GPD,tail,21.39793168391183,0.090625,Puntarenas_OTROS_Hidrometereológico
-0.13559057283226558,0.9671722517383894,496,GPD,tail,21.39793168391183,0.090625,Puntarenas_OTROS_Hidrometereológico
-0.13559057283226558,0.9671722517383894,497,GPD,tail,21.39793168391183,0.090625,Puntarenas_OTROS_Hidrometereológico
0.02465482838637384,0.7863685812673595,498,GPD,tail,21.39793168391183,0.090625,Puntarenas_OTROS_Hidrometereológico
0.02465482838637384,0.7863685812673595,499,GPD,tail,21.39793168391183,0.090625,Puntarenas_OTROS_Hidrometereológico
0.02465482838637384,0.7863685812673595,500,GPD,tail,21.39793168391183,0.090625,Puntarenas_OTROS_Hidrometereológico
0.02465482838637384,0.7863685812673595,501,GPD,tail,21.39793168391183,0.090625,Puntarenas_OTROS_Hidrometereológico
0.02465482838637384,0.7863685812673595,502,GPD,tail,21.39793168391183,0.090625,Puntarenas_OTROS_Hidrometereológico
0.02465482838637384,0.7863685812673595,503,GPD,tail,21.39793168391183,0.090625,Puntarenas_OTROS_Hidrometereológico
0.02465482838637384,0.7863685812673595,504,GPD,tail,21.39793168391183,0.090625,Puntarenas_OTROS_Hidrometereológico
0.02465482838637384,0.7863685812673595,505,GPD,tail,21.39793168391183,0.090625,Puntarenas_OTROS_Hidrometereológico
0.02465482838637384,0.7863685812673595,506,GPD,tail,21.39793168391183,0.090625,Puntarenas_OTROS_Hidrometereológico
-0.11700568948916881,0.851814936708716,507,GPD,tail,21.39793168391183,0.090625,Puntarenas_OTROS_Hidrometereológico
-0.11700568948916881,0.851814936708716,508,GPD,tail,21.39793168391183,0.090625,Puntarenas_OTROS_Hidrometereológico
-0.11700568948916881,0.851814936708716,509,GPD,tail,21.39793168391183,0.090625,Puntarenas_OTROS_Hidrometereológico
-0.11700568948916881,0.851814936708716,510,GPD,tail,21.39793168391183,0.090625,Puntarenas_OTROS_Hidrometereológico
-0.11700568948916881,0.851814936708716,511,GPD,tail,21.39793168391183,0.090625,Puntarenas_OTROS_Hidrometereológico
-0.11700568948916881,0.851814936708716,512,GPD,tail,21.39793168391183,0.090625,Puntarenas_OTROS_Hidrometereológico
-0.11700568948916881,0.851814936708716,513,GPD,tail,21.39793168391183,0.090625,Puntarenas_OTROS_Hidrometereológico
-0.11700568948916881,0.851814936708716,514,GPD,tail,21.39793168391183,0.090625,Puntarenas_OTROS_Hidrometereológico
-0.11700568948916881,0.851814936708716,515,GPD,tail,21.39793168391183,0.090625,Puntarenas_OTROS_Hidrometereológico
-0.11700568948916881,0.851814936708716,516,GPD,tail,21.39793168391183,0.090625,Puntarenas_OTROS_Hidrometereológico
-0.11700568948916881,0.851814936708716,517,GPD,tail,21.39793168391183,0.090625,Puntarenas_OTROS_Hidrometereológico
-0.11700568948916881,0.851814936708716,518,GPD,tail,21.39793168391183,0.090625,Puntarenas_OTROS_Hidrometereológico
-0.11700568948916881,0.851814936708716,519,GPD,tail,21.39793168391183,0.090625,Puntarenas_OTROS_Hidrometereológico
-0.11700568948916881,0.851814936708716,520,GPD,tail,21.39793168391183,0.090625,Puntarenas_OTROS_Hidrometereológico
-0.04704529406305678,0.872703892137698,521,GPD,tail,21.39793168391183,0.090625,Puntarenas_OTROS_Hidrometereológico
-0.04704529406305678,0.872703892137698,522,GPD,tail,21.39793168391183,0.090625,Puntarenas_OTROS_Hidrometereológico
-0.04704529406305678,0.872703892137698,523,GPD,tail,21.39793168391183,0.090625,Puntarenas_OTROS_Hidrometereológico
-0.04704529406305678,0.872703892137698,524,GPD,tail,21.39793168391183,0.090625,Puntarenas_OTROS_Hidrometereológico
-0.04704529406305678,0.872703892137698,525,GPD,tail,21.39793168391183,0.090625,Puntarenas_OTROS_Hidrometereológico
-0.04704529406305678,0.872703892137698,526,GPD,tail,21.39793168391183,0.090625,Puntarenas_OTROS_Hidrometereológico
-0.04704529406305678,0.872703892137698,527,GPD,tail,21.39793168391183,0.090625,Puntarenas_OTROS_Hidrometereológico
-0.04704529406305678,0.872703892137698,528,GPD,tail,21.39793168391183,0.090625,Puntarenas_OTROS_Hidrometereológico
-0.04704529406305678,0.872703892137698,529,GPD,tail,21.39793168391183,0.090625,Puntarenas_OTROS_Hidrometereológico
-0.04704529406305678,0.872703892137698,530,GPD,tail,21.39793168391183,0.090625,Puntarenas_OTROS_Hidrometereológico
-0.04704529406305678,0.872703892137698,531,GPD,tail,21.39793168391183,0.090625,Puntarenas_OTROS_Hidrometereológico
-0.04704529406305678,0.872703892137698,532,GPD,tail,21.39793168391183,0.090625,Puntarenas_OTROS_Hidrometereológico
-0.04704529406305678,0.872703892137698,533,GPD,tail,21.39793168391183,0.090625,Puntarenas_OTROS_Hidrometereológico
-0.04704529406305678,0.872703892137698,534,GPD,tail,21.39793168391183,0.090625,Puntarenas_OTROS_Hidrometereológico
-0.04704529406305678,0.872703892137698,535,GPD,tail,21.39793168391183,0.090625,Puntarenas_OTROS_Hidrometereológico
-0.04704529406305678,0.872703892137698,536,GPD,tail,21.39793168391183,0.090625,Puntarenas_OTROS_Hidrometereológico
-0.04704529406305678,0.872703892137698,537,GPD,tail,21.39793168391183,0.090625,Puntarenas_OTROS_Hidrometereológico
-0.04704529406305678,0.872703892137698,538,GPD,tail,21.39793168391183,0.090625,Puntarenas_OTROS_Hidrometereológico
-0.04704529406305678,0.872703892137698,539,GPD,tail,21.39793168391183,0.090625,Puntarenas_OTROS_Hidrometereológico
-0.04704529406305678,0.872703892137698,540,GPD,tail,21.39793168391183,0.090625,Puntarenas_OTROS_Hidrometereológico
-0.04704529406305678,0.872703892137698,541,GPD,tail,21.39793168391183,0.090625,Puntarenas_OTROS_Hidrometereológico
-0.04704529406305678,0.872703892137698,542,GPD,tail,21.39793168391183,0.090625,Puntarenas_OTROS_Hidrometereológico
-0.04704529406305678,0.872703892137698,543,GPD,tail,21.39793168391183,0.090625,Puntarenas_OTROS_Hidrometereológico
-0.04704529406305678,0.872703892137698,544,GPD,tail,21.39793168391183,0.090625,Puntarenas_OTROS_Hidrometereológico
-0.04704529406305678,0.872703892137698,545,GPD,tail,21.39793168391183,0.090625,Puntarenas_OTROS_Hidrometereológico
-0.04704529406305678,0.872703892137698,546,GPD,tail,21.39793168391183,0.090625,Puntarenas_OTROS_Hidrometereológico
-0.04704529406305678,0.872703892137698,547,GPD,tail,21.39793168391183,0.090625,Puntarenas_OTROS_Hidrometereológico
-0.04704529406305678,0.872703892137698,548,GPD,tail,21.39793168391183,0.090625,Puntarenas_OTROS_Hidrometereológico
-0.04704529406305678,0.872703892137698,549,GPD,tail,21.39793168391183,0.090625,Puntarenas_OTROS_Hidrometereológico
-0.04704529406305678,0.872703892137698,550,GPD,tail,21.39793168391183,0.090625,Puntarenas_OTROS_Hidrometereológico
-0.04704529406305678,0.872703892137698,551,GPD,tail,21.39793168391183,0.090625,Puntarenas_OTROS_Hidrometereológico
-0.04704529406305678,0.872703892137698,552,GPD,tail,21.39793168391183,0.090625,Puntarenas_OTROS_Hidrometereológico
-0.11537345980242464,0.909908866885477,553,GPD,tail,21.39793168391183,0.090625,Puntarenas_OTROS_Hidrometereológico
-0.11537345980242464,0.909908866885477,554,GPD,tail,21.39793168391183,0.090625,Puntarenas_OTROS_Hidrometereológico
-0.11537345980242464,0.909908866885477,555,GPD,tail,21.39793168391183,0.090625,Puntarenas_OTROS_Hidrometereológico
-0.11537345980242464,0.909908866885477,556,GPD,tail,21.39793168391183,0.090625,Puntarenas_OTROS_Hidrometereológico
-0.11537345980242464,0.909908866885477,557,GPD,tail,21.39793168391183,0.090625,Puntarenas_OTROS_Hidrometereológico
-0.11537345980242464,0.909908866885477,558,GPD,tail,21.39793168391183,0.090625,Puntarenas_OTROS_Hidrometereológico
-0.11537345980242464,0.909908866885477,559,GPD,tail,21.39793168391183,0.090625,Puntarenas_OTROS_Hidrometereológico
-0.11537345980242464,0.909908866885477,560,GPD,tail,21.39793168391183,0.090625,Puntarenas_OTROS_Hidrometereológico
-0.11537345980242464,0.909908866885477,561,GPD,tail,21.39793168391183,0.090625,Puntarenas_OTROS_Hidrometereológico
-0.11537345980242464,0.909908866885477,562,GPD,tail,21.39793168391183,0.090625,Puntarenas_OTROS_Hidrometereológico
-0.11537345980242464,0.909908866885477,563,GPD,tail,21.39793168391183,0.090625,Puntarenas_OTROS_Hidrometereológico
-0.11537345980242464,0.909908866885477,564,GPD,tail,21.39793168391183,0.090625,Puntarenas_OTROS_Hidrometereológico
-0.11537345980242464,0.909908866885477,565,GPD,tail,21.39793168391183,0.090625,Puntarenas_OTROS_Hidrometereológico
-0.11537345980242464,0.909908866885477,566,GPD,tail,21.39793168391183,0.090625,Puntarenas_OTROS_Hidrometereológico
-0.11537345980242464,0.909908866885477,567,GPD,tail,21.39793168391183,0.090625,Puntarenas_OTROS_Hidrometereológico
-0.11537345980242464,0.909908866885477,568,GPD,tail,21.39793168391183,0.090625,Puntarenas_OTROS_Hidrometereológico
-0.11537345980242464,0.909908866885477,569,GPD,tail,21.39793168391183,0.090625,Puntarenas_OTROS_Hidrometereológico
-0.11537345980242464,0.909908866885477,570,GPD,tail,21.39793168391183,0.090625,Puntarenas_OTROS_Hidrometereológico
-0.11537345980242464,0.909908866885477,571,GPD,tail,21.39793168391183,0.090625,Puntarenas_OTROS_Hidrometereológico
-0.11537345980242464,0.909908866885477,572,GPD,tail,21.39793168391183,0.090625,Puntarenas_OTROS_Hidrometereológico
-0.11537345980242464,0.909908866885477,573,GPD,tail,21.39793168391183,0.090625,Puntarenas_OTROS_Hidrometereológico
-0.11537345980242464,0.909908866885477,574,GPD,tail,21.39793168391183,0.090625,Puntarenas_OTROS_Hidrometereológico
-0.11537345980242464,0.909908866885477,575,GPD,tail,21.39793168391183,0.090625,Puntarenas_OTROS_Hidrometereológico
-0.11537345980242464,0.909908866885477,576,GPD,tail,21.39793168391183,0.090625,Puntarenas_OTROS_Hidrometereológico
-0.11537345980242464,0.909908866885477,577,GPD,tail,21.39793168391183,0.090625,Puntarenas_OTROS_Hidrometereológico
-0.11537345980242464,0.909908866885477,578,GPD,tail,21.39793168391183,0.090625,Puntarenas_OTROS_Hidrometereológico
-0.11537345980242464,0.909908866885477,579,GPD,tail,21.39793168391183,0.090625,Puntarenas_OTROS_Hidrometereológico
-0.11537345980242464,0.909908866885477,580,GPD,tail,21.39793168391183,0.090625,Puntarenas_OTROS_Hidrometereológico
-0.11537345980242464,0.909908866885477,581,GPD,tail,21.39793168391183,0.090625,Puntarenas_OTROS_Hidrometereológico
-0.11537345980242464,0.909908866885477,582,GPD,tail,21.39793168391183,0.090625,Puntarenas_OTROS_Hidrometereológico
-0.11537345980242464,0.909908866885477,583,GPD,tail,21.39793168391183,0.090625,Puntarenas_OTROS_Hidrometereológico
-0.11537345980242464,0.909908866885477,584,GPD,tail,21.39793168391183,0.090625,Puntarenas_OTROS_Hidrometereológico
-0.11537345980242464,0.909908866885477,585,GPD,tail,21.39793168391183,0.090625,Puntarenas_OTROS_Hidrometereológico
-0.11537345980242464,0.909908866885477,586,GPD,tail,21.39793168391183,0.090625,Puntarenas_OTROS_Hidrometereológico
-0.11537345980242464,0.909908866885477,587,GPD,tail,21.39793168391183,0.090625,Puntarenas_OTROS_Hidrometereológico
-0.11537345980242464,0.909908866885477,588,GPD,tail,21.39793168391183,0.090625,Puntarenas_OTROS_Hidrometereológico
-0.11537345980242464,0.909908866885477,589,GPD,tail,21.39793168391183,0.090625,Puntarenas_OTROS_Hidrometereológico
-0.11537345980242464,0.909908866885477,590,GPD,tail,21.39793168391183,0.090625,Puntarenas_OTROS_Hidrometereológico
-0.11537345980242464,0.909908866885477,591,GPD,tail,21.39793168391183,0.090625,Puntarenas_OTROS_Hidrometereológico
-0.11537345980242464,0.909908866885477,592,GPD,tail,21.39793168391183,0.090625,Puntarenas_OTROS_Hidrometereológico
-0.11537345980242464,0.909908866885477,593,GPD,tail,21.39793168391183,0.090625,Puntarenas_OTROS_Hidrometereológico
-0.11537345980242464,0.909908866885477,594,GPD,tail,21.39793168391183,0.090625,Puntarenas_OTROS_Hidrometereológico
-0.11537345980242464,0.909908866885477,595,GPD,tail,21.39793168391183,0.090625,Puntarenas_OTROS_Hidrometereológico
-0.11537345980242464,0.909908866885477,596,GPD,tail,21.39793168391183,0.090625,Puntarenas_OTROS_Hidrometereológico
-0.11537345980242464,0.909908866885477,597,GPD,tail,21.39793168391183,0.090625,Puntarenas_OTROS_Hidrometereológico
-0.11537345980242464,0.909908866885477,598,GPD,tail,21.39793168391183,0.090625,Puntarenas_OTROS_Hidrometereológico
-0.11537345980242464,0.909908866885477,599,GPD,tail,21.39793168391183,0.090625,Puntarenas_OTROS_Hidrometereológico
-0.11537345980242464,0.909908866885477,600,GPD,tail,21.39793168391183,0.090625,Puntarenas_OTROS_Hidrometereológico
-0.11537345980242464,0.909908866885477,601,GPD,tail,21.39793168391183,0.090625,Puntarenas_OTROS_Hidrometereológico
-0.11537345980242464,0.909908866885477,602,GPD,tail,21.39793168391183,0.090625,Puntarenas_OTROS_Hidrometereológico
-0.11537345980242464,0.909908866885477,603,GPD,tail,21.39793168391183,0.090625,Puntarenas_OTROS_Hidrometereológico
-0.11537345980242464,0.909908866885477,604,GPD,tail,21.39793168391183,0.090625,Puntarenas_OTROS_Hidrometereológico
-0.11537345980242464,0.909908866885477,605,GPD,tail,21.39793168391183,0.090625,Puntarenas_OTROS_Hidrometereológico
-0.11537345980242464,0.909908866885477,606,GPD,tail,21.39793168391183,0.090625,Puntarenas_OTROS_Hidrometereológico
-0.11537345980242464,0.909908866885477,607,GPD,tail,21.39793168391183,0.090625,Puntarenas_OTROS_Hidrometereológico
-0.11537345980242464,0.909908866885477,608,GPD,tail,21.39793168391183,0.090625,Puntarenas_OTROS_Hidrometereológico
-0.11537345980242464,0.909908866885477,609,GPD,tail,21.39793168391183,0.090625,Puntarenas_OTROS_Hidrometereológico
-0.11537345980242464,0.909908866885477,610,GPD,tail,21.39793168391183,0.090625,Puntarenas_OTROS_Hidrometereológico
-0.11537345980242464,0.909908866885477,611,GPD,tail,21.39793168391183,0.090625,Puntarenas_OTROS_Hidrometereológico
-0.11537345980242464,0.909908866885477,612,GPD,tail,21.39793168391183,0.090625,Puntarenas_OTROS_Hidrometereológico
-0.11537345980242464,0.909908866885477,613,GPD,tail,21.39793168391183,0.090625,Puntarenas_OTROS_Hidrometereológico
-0.11537345980242464,0.909908866885477,614,GPD,tail,21.39793168391183,0.090625,Puntarenas_OTROS_Hidrometereológico
-0.11537345980242464,0.909908866885477,615,GPD,tail,21.39793168391183,0.090625,Puntarenas_OTROS_Hidrometereológico
-0.11537345980242464,0.909908866885477,616,GPD,tail,21.39793168391183,0.090625,Puntarenas_OTROS_Hidrometereológico
-0.11537345980242464,0.909908866885477,617,GPD,tail,21.39793168391183,0.090625,Puntarenas_OTROS_Hidrometereológico
-0.11537345980242464,0.909908866885477,618,GPD,tail,21.39793168391183,0.090625,Puntarenas_OTROS_Hidrometereológico
-0.11537345980242464,0.909908866885477,619,GPD,tail,21.39793168391183,0.090625,Puntarenas_OTROS_Hidrometereológico
-0.11537345980242464,0.909908866885477,620,GPD,tail,21.39793168391183,0.090625,Puntarenas_OTROS_Hidrometereológico
-0.11537345980242464,0.909908866885477,621,GPD,tail,21.39793168391183,0.090625,Puntarenas_OTROS_Hidrometereológico
-0.11537345980242464,0.909908866885477,622,GPD,tail,21.39793168391183,0.090625,Puntarenas_OTROS_Hidrometereológico
-0.11537345980242464,0.909908866885477,623,GPD,tail,21.39793168391183,0.090625,Puntarenas_OTROS_Hidrometereológico
-0.11537345980242464,0.909908866885477,624,GPD,tail,21.39793168391183,0.090625,Puntarenas_OTROS_Hidrometereológico
-0.11537345980242464,0.909908866885477,625,GPD,tail,21.39793168391183,0.090625,Puntarenas_OTROS_Hidrometereológico
-0.11537345980242464,0.909908866885477,626,GPD,tail,21.39793168391183,0.090625,Puntarenas_OTROS_Hidrometereológico
-0.11537345980242464,0.909908866885477,627,GPD,tail,21.39793168391183,0.090625,Puntarenas_OTROS_Hidrometereológico
-0.11537345980242464,0.909908866885477,628,GPD,tail,21.39793168391183,0.090625,Puntarenas_OTROS_Hidrometereológico
-0.11537345980242464,0.909908866885477,629,GPD,tail,21.39793168391183,0.090625,Puntarenas_OTROS_Hidrometereológico
-0.11537345980242464,0.909908866885477,630,GPD,tail,21.39793168391183,0.090625,Puntarenas_OTROS_Hidrometereológico
-0.11537345980242464,0.909908866885477,631,GPD,tail,21.39793168391183,0.090625,Puntarenas_OTROS_Hidrometereológico
-0.09279385766063392,0.9138473967471089,632,GPD,tail,21.39793168391183,0.090625,Puntarenas_OTROS_Hidrometereológico
0.036621028348663154,0.7540874384675875,633,GPD,tail,21.39793168391183,0.090625,Puntarenas_OTROS_Hidrometereológico
-0.10021994984873461,0.8093393639058543,634,GPD,tail,21.39793168391183,0.090625,Puntarenas_OTROS_Hidrometereológico
0.017210669566535566,0.8029623115939862,635,GPD,tail,21.39793168391183,0.090625,Puntarenas_OTROS_Hidrometereológico
0.017210669566535566,0.8029623115939862,636,GPD,tail,21.39793168391183,0.090625,Puntarenas_OTROS_Hidrometereológico
0.017210669566535566,0.8029623115939862,637,GPD,tail,21.39793168391183,0.090625,Puntarenas_OTROS_Hidrometereológico
0.017210669566535566,0.8029623115939862,638,GPD,tail,21.39793168391183,0.090625,Puntarenas_OTROS_Hidrometereológico
0.017210669566535566,0.8029623115939862,639,GPD,tail,21.39793168391183,0.090625,Puntarenas_OTROS_Hidrometereológico
0.017210669566535566,0.8029623115939862,640,GPD,tail,21.39793168391183,0.090625,Puntarenas_OTROS_Hidrometereológico
0.017210669566535566,0.8029623115939862,641,GPD,tail,21.39793168391183,0.090625,Puntarenas_OTROS_Hidrometereológico
0.017210669566535566,0.8029623115939862,642,GPD,tail,21.39793168391183,0.090625,Puntarenas_OTROS_Hidrometereológico
0.017210669566535566,0.8029623115939862,643,GPD,tail,21.39793168391183,0.090625,Puntarenas_OTROS_Hidrometereológico
0.017210669566535566,0.8029623115939862,644,GPD,tail,21.39793168391183,0.090625,Puntarenas_OTROS_Hidrometereológico
0.017210669566535566,0.8029623115939862,645,GPD,tail,21.39793168391183,0.090625,Puntarenas_OTROS_Hidrometereológico
0.017210669566535566,0.8029623115939862,646,GPD,tail,21.39793168391183,0.090625,Puntarenas_OTROS_Hidrometereológico
0.026409265393680485,0.766291259435066,647,GPD,tail,21.39793168391183,0.090625,Puntarenas_OTROS_Hidrometereológico
0.026409265393680485,0.766291259435066,648,GPD,tail,21.39793168391183,0.090625,Puntarenas_OTROS_Hidrometereológico
0.026409265393680485,0.766291259435066,649,GPD,tail,21.39793168391183,0.090625,Puntarenas_OTROS_Hidrometereológico
0.026409265393680485,0.766291259435066,650,GPD,tail,21.39793168391183,0.090625,Puntarenas_OTROS_Hidrometereológico
0.026409265393680485,0.766291259435066,651,GPD,tail,21.39793168391183,0.090625,Puntarenas_OTROS_Hidrometereológico
0.026409265393680485,0.766291259435066,652,GPD,tail,21.39793168391183,0.090625,Puntarenas_OTROS_Hidrometereológico
0.026409265393680485,0.766291259435066,653,GPD,tail,21.39793168391183,0.090625,Puntarenas_OTROS_Hidrometereológico
-0.13825012073455206,0.8944051692212868,654,GPD,tail,21.39793168391183,0.090625,Puntarenas_OTROS_Hidrometereológico
-0.13825012073455206,0.8944051692212868,655,GPD,tail,21.39793168391183,0.090625,Puntarenas_OTROS_Hidrometereológico
-0.13825012073455206,0.8944051692212868,656,GPD,tail,21.39793168391183,0.090625,Puntarenas_OTROS_Hidrometereológico
-0.13825012073455206,0.8944051692212868,657,GPD,tail,21.39793168391183,0.090625,Puntarenas_OTROS_Hidrometereológico
-0.13825012073455206,0.8944051692212868,658,GPD,tail,21.39793168391183,0.090625,Puntarenas_OTROS_Hidrometereológico
-0.13825012073455206,0.8944051692212868,659,GPD,tail,21.39793168391183,0.090625,Puntarenas_OTROS_Hidrometereológico
-0.13825012073455206,0.8944051692212868,660,GPD,tail,21.39793168391183,0.090625,Puntarenas_OTROS_Hidrometereológico
-0.13825012073455206,0.8944051692212868,661,GPD,tail,21.39793168391183,0.090625,Puntarenas_OTROS_Hidrometereológico
-0.13825012073455206,0.8944051692212868,662,GPD,tail,21.39793168391183,0.090625,Puntarenas_OTROS_Hidrometereológico
-0.13825012073455206,0.8944051692212868,663,GPD,tail,21.39793168391183,0.090625,Puntarenas_OTROS_Hidrometereológico
-0.13825012073455206,0.8944051692212868,664,GPD,tail,21.39793168391183,0.090625,Puntarenas_OTROS_Hidrometereológico
-0.13825012073455206,0.8944051692212868,665,GPD,tail,21.39793168391183,0.090625,Puntarenas_OTROS_Hidrometereológico
-0.13825012073455206,0.8944051692212868,666,GPD,tail,21.39793168391183,0.090625,Puntarenas_OTROS_Hidrometereológico
-0.13825012073455206,0.8944051692212868,667,GPD,tail,21.39793168391183,0.090625,Puntarenas_OTROS_Hidrometereológico
-0.13825012073455206,0.8944051692212868,668,GPD,tail,21.39793168391183,0.090625,Puntarenas_OTROS_Hidrometereológico
-0.13825012073455206,0.8944051692212868,669,GPD,tail,21.39793168391183,0.090625,Puntarenas_OTROS_Hidrometereológico
-0.13825012073455206,0.8944051692212868,670,GPD,tail,21.39793168391183,0.090625,Puntarenas_OTROS_Hidrometereológico
-0.13825012073455206,0.8944051692212868,671,GPD,tail,21.39793168391183,0.090625,Puntarenas_OTROS_Hidrometereológico
-0.13825012073455206,0.8944051692212868,672,GPD,tail,21.39793168391183,0.090625,Puntarenas_OTROS_Hidrometereológico
-0.13825012073455206,0.8944051692212868,673,GPD,tail,21.39793168391183,0.090625,Puntarenas_OTROS_Hidrometereológico
-0.13825012073455206,0.8944051692212868,674,GPD,tail,21.39793168391183,0.090625,Puntarenas_OTROS_Hidrometereológico
-0.13825012073455206,0.8944051692212868,675,GPD,tail,21.39793168391183,0.090625,Puntarenas_OTROS_Hidrometereológico
-0.13825012073455206,0.8944051692212868,676,GPD,tail,21.39793168391183,0.090625,Puntarenas_OTROS_Hidrometereológico
-0.13825012073455206,0.8944051692212868,677,GPD,tail,21.39793168391183,0.090625,Puntarenas_OTROS_Hidrometereológico
-0.13825012073455206,0.8944051692212868,678,GPD,tail,21.39793168391183,0.090625,Puntarenas_OTROS_Hidrometereológico
-0.13825012073455206,0.8944051692212868,679,GPD,tail,21.39793168391183,0.090625,Puntarenas_OTROS_Hidrometereológico
-0.13825012073455206,0.8944051692212868,680,GPD,tail,21.39793168391183,0.090625,Puntarenas_OTROS_Hidrometereológico
-0.13825012073455206,0.8944051692212868,681,GPD,tail,21.39793168391183,0.090625,Puntarenas_OTROS_Hidrometereológico
-0.13825012073455206,0.8944051692212868,682,GPD,tail,21.39793168391183,0.090625,Puntarenas_OTROS_Hidrometereológico
-0.13825012073455206,0.8944051692212868,683,GPD,tail,21.39793168391183,0.090625,Puntarenas_OTROS_Hidrometereológico
-0.13825012073455206,0.8944051692212868,684,GPD,tail,21.39793168391183,0.090625,Puntarenas_OTROS_Hidrometereológico
-0.13825012073455206,0.8944051692212868,685,GPD,tail,21.39793168391183,0.090625,Puntarenas_OTROS_Hidrometereológico
-0.13825012073455206,0.8944051692212868,686,GPD,tail,21.39793168391183,0.090625,Puntarenas_OTROS_Hidrometereológico
-0.13825012073455206,0.8944051692212868,687,GPD,tail,21.39793168391183,0.090625,Puntarenas_OTROS_Hidrometereológico
-0.13825012073455206,0.8944051692212868,688,GPD,tail,21.39793168391183,0.090625,Puntarenas_OTROS_Hidrometereológico
-0.13825012073455206,0.8944051692212868,689,GPD,tail,21.39793168391183,0.090625,Puntarenas_OTROS_Hidrometereológico
-0.13825012073455206,0.8944051692212868,690,GPD,tail,21.39793168391183,0.090625,Puntarenas_OTROS_Hidrometereológico
-0.13825012073455206,0.8944051692212868,691,GPD,tail,21.39793168391183,0.090625,Puntarenas_OTROS_Hidrometereológico
-0.10605880744834115,0.9193996155365474,692,GPD,tail,21.39793168391183,0.090625,Puntarenas_OTROS_Hidrometereológico
-0.10605880744834115,0.9193996155365474,693,GPD,tail,21.39793168391183,0.090625,Puntarenas_OTROS_Hidrometereológico
-0.10605880744834115,0.9193996155365474,694,GPD,tail,21.39793168391183,0.090625,Puntarenas_OTROS_Hidrometereológico
-0.10605880744834115,0.9193996155365474,695,GPD,tail,21.39793168391183,0.090625,Puntarenas_OTROS_Hidrometereológico
-0.10605880744834115,0.9193996155365474,696,GPD,tail,21.39793168391183,0.090625,Puntarenas_OTROS_Hidrometereológico
-0.10605880744834115,0.9193996155365474,697,GPD,tail,21.39793168391183,0.090625,Puntarenas_OTROS_Hidrometereológico
-0.10605880744834115,0.9193996155365474,698,GPD,tail,21.39793168391183,0.090625,Puntarenas_OTROS_Hidrometereológico
-0.10605880744834115,0.9193996155365474,699,GPD,tail,21.39793168391183,0.090625,Puntarenas_OTROS_Hidrometereológico
-0.10605880744834115,0.9193996155365474,700,GPD,tail,21.39793168391183,0.090625,Puntarenas_OTROS_Hidrometereológico
-0.10605880744834115,0.9193996155365474,701,GPD,tail,21.39793168391183,0.090625,Puntarenas_OTROS_Hidrometereológico
-0.10605880744834115,0.9193996155365474,702,GPD,tail,21.39793168391183,0.090625,Puntarenas_OTROS_Hidrometereológico
-0.10605880744834115,0.9193996155365474,703,GPD,tail,21.39793168391183,0.090625,Puntarenas_OTROS_Hidrometereológico
-0.10605880744834115,0.9193996155365474,704,GPD,tail,21.39793168391183,0.090625,Puntarenas_OTROS_Hidrometereológico
-0.10605880744834115,0.9193996155365474,705,GPD,tail,21.39793168391183,0.090625,Puntarenas_OTROS_Hidrometereológico
-0.10605880744834115,0.9193996155365474,706,GPD,tail,21.39793168391183,0.090625,Puntarenas_OTROS_Hidrometereológico
-0.10605880744834115,0.9193996155365474,707,GPD,tail,21.39793168391183,0.090625,Puntarenas_OTROS_Hidrometereológico
-0.10605880744834115,0.9193996155365474,708,GPD,tail,21.39793168391183,0.090625,Puntarenas_OTROS_Hidrometereológico
-0.10605880744834115,0.9193996155365474,709,GPD,tail,21.39793168391183,0.090625,Puntarenas_OTROS_Hidrometereológico
-0.10605880744834115,0.9193996155365474,710,GPD,tail,21.39793168391183,0.090625,Puntarenas_OTROS_Hidrometereológico
-0.10605880744834115,0.9193996155365474,711,GPD,tail,21.39793168391183,0.090625,Puntarenas_OTROS_Hidrometereológico
-0.10605880744834115,0.9193996155365474,712,GPD,tail,21.39793168391183,0.090625,Puntarenas_OTROS_Hidrometereológico
-0.10605880744834115,0.9193996155365474,713,GPD,tail,21.39793168391183,0.090625,Puntarenas_OTROS_Hidrometereológico
-0.10605880744834115,0.9193996155365474,714,GPD,tail,21.39793168391183,0.090625,Puntarenas_OTROS_Hidrometereológico
-0.10605880744834115,0.9193996155365474,715,GPD,tail,21.39793168391183,0.090625,Puntarenas_OTROS_Hidrometereológico
-0.06159581459072761,0.8746241433248952,716,GPD,tail,21.39793168391183,0.090625,Puntarenas_OTROS_Hidrometereológico
-0.06159581459072761,0.8746241433248952,717,GPD,tail,21.39793168391183,0.090625,Puntarenas_OTROS_Hidrometereológico
-0.06159581459072761,0.8746241433248952,718,GPD,tail,21.39793168391183,0.090625,Puntarenas_OTROS_Hidrometereológico
-0.06159581459072761,0.8746241433248952,719,GPD,tail,21.39793168391183,0.090625,Puntarenas_OTROS_Hidrometereológico
-0.06159581459072761,0.8746241433248952,720,GPD,tail,21.39793168391183,0.090625,Puntarenas_OTROS_Hidrometereológico
-0.06586655483254922,0.9972273246541797,721,GPD,tail,21.39793168391183,0.090625,Puntarenas_OTROS_Hidrometereológico
-0.06586655483254922,0.9972273246541797,722,GPD,tail,21.39793168391183,0.090625,Puntarenas_OTROS_Hidrometereológico
-0.06586655483254922,0.9972273246541797,723,GPD,tail,21.39793168391183,0.090625,Puntarenas_OTROS_Hidrometereológico
-0.011374774766865721,0.853798664165369,724,GPD,tail,21.39793168391183,0.090625,Puntarenas_OTROS_Hidrometereológico
-0.05557741828646377,0.7852385090126209,725,GPD,tail,21.39793168391183,0.090625,Puntarenas_OTROS_Hidrometereológico
-0.05557741828646377,0.7852385090126209,726,GPD,tail,21.39793168391183,0.090625,Puntarenas_OTROS_Hidrometereológico
-0.05557741828646377,0.7852385090126209,727,GPD,tail,21.39793168391183,0.090625,Puntarenas_OTROS_Hidrometereológico
-0.05557741828646377,0.7852385090126209,728,GPD,tail,21.39793168391183,0.090625,Puntarenas_OTROS_Hidrometereológico
-0.05557741828646377,0.7852385090126209,729,GPD,tail,21.39793168391183,0.090625,Puntarenas_OTROS_Hidrometereológico
-0.05557741828646377,0.7852385090126209,730,GPD,tail,21.39793168391183,0.090625,Puntarenas_OTROS_Hidrometereológico
-0.07657094307061588,0.8915014616369875,731,GPD,tail,21.39793168391183,0.090625,Puntarenas_OTROS_Hidrometereológico
-0.07657094307061588,0.8915014616369875,732,GPD,tail,21.39793168391183,0.090625,Puntarenas_OTROS_Hidrometereológico
-0.07657094307061588,0.8915014616369875,733,GPD,tail,21.39793168391183,0.090625,Puntarenas_OTROS_Hidrometereológico
-0.07657094307061588,0.8915014616369875,734,GPD,tail,21.39793168391183,0.090625,Puntarenas_OTROS_Hidrometereológico
-0.07657094307061588,0.8915014616369875,735,GPD,tail,21.39793168391183,0.090625,Puntarenas_OTROS_Hidrometereológico
-0.07657094307061588,0.8915014616369875,736,GPD,tail,21.39793168391183,0.090625,Puntarenas_OTROS_Hidrometereológico
-0.07657094307061588,0.8915014616369875,737,GPD,tail,21.39793168391183,0.090625,Puntarenas_OTROS_Hidrometereológico
-0.07657094307061588,0.8915014616369875,738,GPD,tail,21.39793168391183,0.090625,Puntarenas_OTROS_Hidrometereológico
-0.07657094307061588,0.8915014616369875,739,GPD,tail,21.39793168391183,0.090625,Puntarenas_OTROS_Hidrometereológico
-0.07657094307061588,0.8915014616369875,740,GPD,tail,21.39793168391183,0.090625,Puntarenas_OTROS_Hidrometereológico
-0.07657094307061588,0.8915014616369875,741,GPD,tail,21.39793168391183,0.090625,Puntarenas_OTROS_Hidrometereológico
-0.07657094307061588,0.8915014616369875,742,GPD,tail,21.39793168391183,0.090625,Puntarenas_OTROS_Hidrometereológico
-0.07657094307061588,0.8915014616369875,743,GPD,tail,21.39793168391183,0.090625,Puntarenas_OTROS_Hidrometereológico
-0.07657094307061588,0.8915014616369875,744,GPD,tail,21.39793168391183,0.090625,Puntarenas_OTROS_Hidrometereológico
-0.07657094307061588,0.8915014616369875,745,GPD,tail,21.39793168391183,0.090625,Puntarenas_OTROS_Hidrometereológico
-0.07657094307061588,0.8915014616369875,746,GPD,tail,21.39793168391183,0.090625,Puntarenas_OTROS_Hidrometereológico
-0.07657094307061588,0.8915014616369875,747,GPD,tail,21.39793168391183,0.090625,Puntarenas_OTROS_Hidrometereológico
-0.07657094307061588,0.8915014616369875,748,GPD,tail,21.39793168391183,0.090625,Puntarenas_OTROS_Hidrometereológico
-0.07657094307061588,0.8915014616369875,749,GPD,tail,21.39793168391183,0.090625,Puntarenas_OTROS_Hidrometereológico
-0.07657094307061588,0.8915014616369875,750,GPD,tail,21.39793168391183,0.090625,Puntarenas_OTROS_Hidrometereológico
-0.07657094307061588,0.8915014616369875,751,GPD,tail,21.39793168391183,0.090625,Puntarenas_OTROS_Hidrometereológico
-0.07657094307061588,0.8915014616369875,752,GPD,tail,21.39793168391183,0.090625,Puntarenas_OTROS_Hidrometereológico
-0.12207799858506455,1.0251058714560302,753,GPD,tail,21.39793168391183,0.090625,Puntarenas_OTROS_Hidrometereológico
-0.12207799858506455,1.0251058714560302,754,GPD,tail,21.39793168391183,0.090625,Puntarenas_OTROS_Hidrometereológico
-0.12207799858506455,1.0251058714560302,755,GPD,tail,21.39793168391183,0.090625,Puntarenas_OTROS_Hidrometereológico
-0.12207799858506455,1.0251058714560302,756,GPD,tail,21.39793168391183,0.090625,Puntarenas_OTROS_Hidrometereológico
-0.12207799858506455,1.0251058714560302,757,GPD,tail,21.39793168391183,0.090625,Puntarenas_OTROS_Hidrometereológico
-0.12207799858506455,1.0251058714560302,758,GPD,tail,21.39793168391183,0.090625,Puntarenas_OTROS_Hidrometereológico
-0.12207799858506455,1.0251058714560302,759,GPD,tail,21.39793168391183,0.090625,Puntarenas_OTROS_Hidrometereológico
-0.12207799858506455,1.0251058714560302,760,GPD,tail,21.39793168391183,0.090625,Puntarenas_OTROS_Hidrometereológico
0.0760884379926805,0.6976484973425079,761,GPD,tail,21.39793168391183,0.090625,Puntarenas_OTROS_Hidrometereológico
0.0760884379926805,0.6976484973425079,762,GPD,tail,21.39793168391183,0.090625,Puntarenas_OTROS_Hidrometereológico
0.0760884379926805,0.6976484973425079,763,GPD,tail,21.39793168391183,0.090625,Puntarenas_OTROS_Hidrometereológico
0.0760884379926805,0.6976484973425079,764,GPD,tail,21.39793168391183,0.090625,Puntarenas_OTROS_Hidrometereológico
0.0760884379926805,0.6976484973425079,765,GPD,tail,21.39793168391183,0.090625,Puntarenas_OTROS_Hidrometereológico
0.2248549943065936,0.7191989629095439,766,GPD,tail,21.39793168391183,0.090625,Puntarenas_OTROS_Hidrometereológico
0.2248549943065936,0.7191989629095439,767,GPD,tail,21.39793168391183,0.090625,Puntarenas_OTROS_Hidrometereológico
0.2248549943065936,0.7191989629095439,768,GPD,tail,21.39793168391183,0.090625,Puntarenas_OTROS_Hidrometereológico
0.2248549943065936,0.7191989629095439,769,GPD,tail,21.39793168391183,0.090625,Puntarenas_OTROS_Hidrometereológico
0.2248549943065936,0.7191989629095439,770,GPD,tail,21.39793168391183,0.090625,Puntarenas_OTROS_Hidrometereológico
0.2248549943065936,0.7191989629095439,771,GPD,tail,21.39793168391183,0.090625,Puntarenas_OTROS_Hidrometereológico
0.2248549943065936,0.7191989629095439,772,GPD,tail,21.39793168391183,0.090625,Puntarenas_OTROS_Hidrometereológico
0.23311129101759262,0.7109906697376946,773,GPD,tail,21.39793168391183,0.090625,Puntarenas_OTROS_Hidrometereológico
0.23311129101759262,0.7109906697376946,774,GPD,tail,21.39793168391183,0.090625,Puntarenas_OTROS_Hidrometereológico
0.23311129101759262,0.7109906697376946,775,GPD,tail,21.39793168391183,0.090625,Puntarenas_OTROS_Hidrometereológico
0.23311129101759262,0.7109906697376946,776,GPD,tail,21.39793168391183,0.090625,Puntarenas_OTROS_Hidrometereológico
0.23311129101759262,0.7109906697376946,777,GPD,tail,21.39793168391183,0.090625,Puntarenas_OTROS_Hidrometereológico
0.23311129101759262,0.7109906697376946,778,GPD,tail,21.39793168391183,0.090625,Puntarenas_OTROS_Hidrometereológico
0.23311129101759262,0.7109906697376946,779,GPD,tail,21.39793168391183,0.090625,Puntarenas_OTROS_Hidrometereológico
0.23311129101759262,0.7109906697376946,780,GPD,tail,21.39793168391183,0.090625,Puntarenas_OTROS_Hidrometereológico
0.23311129101759262,0.7109906697376946,781,GPD,tail,21.39793168391183,0.090625,Puntarenas_OTROS_Hidrometereológico
-0.01117533571866322,0.7822208242908327,782,GPD,tail,21.39793168391183,0.090625,Puntarenas_OTROS_Hidrometereológico
-0.01117533571866322,0.7822208242908327,783,GPD,tail,21.39793168391183,0.090625,Puntarenas_OTROS_Hidrometereológico
-0.01117533571866322,0.7822208242908327,784,GPD,tail,21.39793168391183,0.090625,Puntarenas_OTROS_Hidrometereológico
-0.01117533571866322,0.7822208242908327,785,GPD,tail,21.39793168391183,0.090625,Puntarenas_OTROS_Hidrometereológico
-0.01117533571866322,0.7822208242908327,786,GPD,tail,21.39793168391183,0.090625,Puntarenas_OTROS_Hidrometereológico
-0.01117533571866322,0.7822208242908327,787,GPD,tail,21.39793168391183,0.090625,Puntarenas_OTROS_Hidrometereológico
-0.01117533571866322,0.7822208242908327,788,GPD,tail,21.39793168391183,0.090625,Puntarenas_OTROS_Hidrometereológico
-0.01117533571866322,0.7822208242908327,789,GPD,tail,21.39793168391183,0.090625,Puntarenas_OTROS_Hidrometereológico
-0.01117533571866322,0.7822208242908327,790,GPD,tail,21.39793168391183,0.090625,Puntarenas_OTROS_Hidrometereológico
-0.01117533571866322,0.7822208242908327,791,GPD,tail,21.39793168391183,0.090625,Puntarenas_OTROS_Hidrometereológico
-0.01117533571866322,0.7822208242908327,792,GPD,tail,21.39793168391183,0.090625,Puntarenas_OTROS_Hidrometereológico
-0.01117533571866322,0.7822208242908327,793,GPD,tail,21.39793168391183,0.090625,Puntarenas_OTROS_Hidrometereológico
-0.01117533571866322,0.7822208242908327,794,GPD,tail,21.39793168391183,0.090625,Puntarenas_OTROS_Hidrometereológico
-0.01117533571866322,0.7822208242908327,795,GPD,tail,21.39793168391183,0.090625,Puntarenas_OTROS_Hidrometereológico
-0.01117533571866322,0.7822208242908327,796,GPD,tail,21.39793168391183,0.090625,Puntarenas_OTROS_Hidrometereológico
-0.01117533571866322,0.7822208242908327,797,GPD,tail,21.39793168391183,0.090625,Puntarenas_OTROS_Hidrometereológico
-0.01117533571866322,0.7822208242908327,798,GPD,tail,21.39793168391183,0.090625,Puntarenas_OTROS_Hidrometereológico
-0.01117533571866322,0.7822208242908327,799,GPD,tail,21.39793168391183,0.090625,Puntarenas_OTROS_Hidrometereológico
-0.1097564743919209,0.9245188228357821,800,GPD,tail,21.39793168391183,0.090625,Puntarenas_OTROS_Hidrometereológico
-0.1097564743919209,0.9245188228357821,801,GPD,tail,21.39793168391183,0.090625,Puntarenas_OTROS_Hidrometereológico
-0.1097564743919209,0.9245188228357821,802,GPD,tail,21.39793168391183,0.090625,Puntarenas_OTROS_Hidrometereológico
-0.1097564743919209,0.9245188228357821,803,GPD,tail,21.39793168391183,0.090625,Puntarenas_OTROS_Hidrometereológico
-0.1097564743919209,0.9245188228357821,804,GPD,tail,21.39793168391183,0.090625,Puntarenas_OTROS_Hidrometereológico
-0.1097564743919209,0.9245188228357821,805,GPD,tail,21.39793168391183,0.090625,Puntarenas_OTROS_Hidrometereológico
-0.1097564743919209,0.9245188228357821,806,GPD,tail,21.39793168391183,0.090625,Puntarenas_OTROS_Hidrometereológico
-0.1097564743919209,0.9245188228357821,807,GPD,tail,21.39793168391183,0.090625,Puntarenas_OTROS_Hidrometereológico
-0.1097564743919209,0.9245188228357821,808,GPD,tail,21.39793168391183,0.090625,Puntarenas_OTROS_Hidrometereológico
-0.1097564743919209,0.9245188228357821,809,GPD,tail,21.39793168391183,0.090625,Puntarenas_OTROS_Hidrometereológico
-0.1097564743919209,0.9245188228357821,810,GPD,tail,21.39793168391183,0.090625,Puntarenas_OTROS_Hidrometereológico
-0.1097564743919209,0.9245188228357821,811,GPD,tail,21.39793168391183,0.090625,Puntarenas_OTROS_Hidrometereológico
-0.1097564743919209,0.9245188228357821,812,GPD,tail,21.39793168391183,0.090625,Puntarenas_OTROS_Hidrometereológico
-0.1097564743919209,0.9245188228357821,813,GPD,tail,21.39793168391183,0.090625,Puntarenas_OTROS_Hidrometereológico
-0.1097564743919209,0.9245188228357821,814,GPD,tail,21.39793168391183,0.090625,Puntarenas_OTROS_Hidrometereológico
-0.1097564743919209,0.9245188228357821,815,GPD,tail,21.39793168391183,0.090625,Puntarenas_OTROS_Hidrometereológico
-0.1097564743919209,0.9245188228357821,816,GPD,tail,21.39793168391183,0.090625,Puntarenas_OTROS_Hidrometereológico
-0.1097564743919209,0.9245188228357821,817,GPD,tail,21.39793168391183,0.090625,Puntarenas_OTROS_Hidrometereológico
-0.1097564743919209,0.9245188228357821,818,GPD,tail,21.39793168391183,0.090625,Puntarenas_OTROS_Hidrometereológico
-0.1097564743919209,0.9245188228357821,819,GPD,tail,21.39793168391183,0.090625,Puntarenas_OTROS_Hidrometereológico
-0.1097564743919209,0.9245188228357821,820,GPD,tail,21.39793168391183,0.090625,Puntarenas_OTROS_Hidrometereológico
-0.1097564743919209,0.9245188228357821,821,GPD,tail,21.39793168391183,0.090625,Puntarenas_OTROS_Hidrometereológico
-0.1097564743919209,0.9245188228357821,822,GPD,tail,21.39793168391183,0.090625,Puntarenas_OTROS_Hidrometereológico
-0.1097564743919209,0.9245188228357821,823,GPD,tail,21.39793168391183,0.090625,Puntarenas_OTROS_Hidrometereológico
-0.1097564743919209,0.9245188228357821,824,GPD,tail,21.39793168391183,0.090625,Puntarenas_OTROS_Hidrometereológico
-0.1097564743919209,0.9245188228357821,825,GPD,tail,21.39793168391183,0.090625,Puntarenas_OTROS_Hidrometereológico
-0.1097564743919209,0.9245188228357821,826,GPD,tail,21.39793168391183,0.090625,Puntarenas_OTROS_Hidrometereológico
-0.1097564743919209,0.9245188228357821,827,GPD,tail,21.39793168391183,0.090625,Puntarenas_OTROS_Hidrometereológico
-0.11080884035438082,0.8148562434616633,828,GPD,tail,21.39793168391183,0.090625,Puntarenas_OTROS_Hidrometereológico
-0.11080884035438082,0.8148562434616633,829,GPD,tail,21.39793168391183,0.090625,Puntarenas_OTROS_Hidrometereológico
-0.11080884035438082,0.8148562434616633,830,GPD,tail,21.39793168391183,0.090625,Puntarenas_OTROS_Hidrometereológico
-0.11080884035438082,0.8148562434616633,831,GPD,tail,21.39793168391183,0.090625,Puntarenas_OTROS_Hidrometereológico
-0.11080884035438082,0.8148562434616633,832,GPD,tail,21.39793168391183,0.090625,Puntarenas_OTROS_Hidrometereológico
-0.11080884035438082,0.8148562434616633,833,GPD,tail,21.39793168391183,0.090625,Puntarenas_OTROS_Hidrometereológico
-0.11080884035438082,0.8148562434616633,834,GPD,tail,21.39793168391183,0.090625,Puntarenas_OTROS_Hidrometereológico
-0.11080884035438082,0.8148562434616633,835,GPD,tail,21.39793168391183,0.090625,Puntarenas_OTROS_Hidrometereológico
-0.11080884035438082,0.8148562434616633,836,GPD,tail,21.39793168391183,0.090625,Puntarenas_OTROS_Hidrometereológico
-0.11080884035438082,0.8148562434616633,837,GPD,tail,21.39793168391183,0.090625,Puntarenas_OTROS_Hidrometereológico
-0.11080884035438082,0.8148562434616633,838,GPD,tail,21.39793168391183,0.090625,Puntarenas_OTROS_Hidrometereológico
-0.1055051764727997,0.8447838964974497,839,GPD,tail,21.39793168391183,0.090625,Puntarenas_OTROS_Hidrometereológico
-0.1055051764727997,0.8447838964974497,840,GPD,tail,21.39793168391183,0.090625,Puntarenas_OTROS_Hidrometereológico
-0.1055051764727997,0.8447838964974497,841,GPD,tail,21.39793168391183,0.090625,Puntarenas_OTROS_Hidrometereológico
-0.1055051764727997,0.8447838964974497,842,GPD,tail,21.39793168391183,0.090625,Puntarenas_OTROS_Hidrometereológico
-0.1055051764727997,0.8447838964974497,843,GPD,tail,21.39793168391183,0.090625,Puntarenas_OTROS_Hidrometereológico
-0.1055051764727997,0.8447838964974497,844,GPD,tail,21.39793168391183,0.090625,Puntarenas_OTROS_Hidrometereológico
-0.1055051764727997,0.8447838964974497,845,GPD,tail,21.39793168391183,0.090625,Puntarenas_OTROS_Hidrometereológico
-0.1055051764727997,0.8447838964974497,846,GPD,tail,21.39793168391183,0.090625,Puntarenas_OTROS_Hidrometereológico
-0.1055051764727997,0.8447838964974497,847,GPD,tail,21.39793168391183,0.090625,Puntarenas_OTROS_Hidrometereológico
-0.10247962240090704,0.8864882683655537,848,GPD,tail,21.39793168391183,0.090625,Puntarenas_OTROS_Hidrometereológico
-0.10247962240090704,0.8864882683655537,849,GPD,tail,21.39793168391183,0.090625,Puntarenas_OTROS_Hidrometereológico
-0.10247962240090704,0.8864882683655537,850,GPD,tail,21.39793168391183,0.090625,Puntarenas_OTROS_Hidrometereológico
-0.10247962240090704,0.8864882683655537,851,GPD,tail,21.39793168391183,0.090625,Puntarenas_OTROS_Hidrometereológico
-0.10247962240090704,0.8864882683655537,852,GPD,tail,21.39793168391183,0.090625,Puntarenas_OTROS_Hidrometereológico
-0.07184427698373014,0.827386590113915,853,GPD,tail,21.39793168391183,0.090625,Puntarenas_OTROS_Hidrometereológico
-0.07184427698373014,0.827386590113915,854,GPD,tail,21.39793168391183,0.090625,Puntarenas_OTROS_Hidrometereológico
-0.07184427698373014,0.827386590113915,855,GPD,tail,21.39793168391183,0.090625,Puntarenas_OTROS_Hidrometereológico
-0.07184427698373014,0.827386590113915,856,GPD,tail,21.39793168391183,0.090625,Puntarenas_OTROS_Hidrometereológico
-0.1001255488891143,0.8854315207073237,857,GPD,tail,21.39793168391183,0.090625,Puntarenas_OTROS_Hidrometereológico
-0.1001255488891143,0.8854315207073237,858,GPD,tail,21.39793168391183,0.090625,Puntarenas_OTROS_Hidrometereológico
-0.1001255488891143,0.8854315207073237,859,GPD,tail,21.39793168391183,0.090625,Puntarenas_OTROS_Hidrometereológico
-0.1001255488891143,0.8854315207073237,860,GPD,tail,21.39793168391183,0.090625,Puntarenas_OTROS_Hidrometereológico
-0.1001255488891143,0.8854315207073237,861,GPD,tail,21.39793168391183,0.090625,Puntarenas_OTROS_Hidrometereológico
-0.1001255488891143,0.8854315207073237,862,GPD,tail,21.39793168391183,0.090625,Puntarenas_OTROS_Hidrometereológico
-0.1001255488891143,0.8854315207073237,863,GPD,tail,21.39793168391183,0.090625,Puntarenas_OTROS_Hidrometereológico
-0.1001255488891143,0.8854315207073237,864,GPD,tail,21.39793168391183,0.090625,Puntarenas_OTROS_Hidrometereológico
-0.1001255488891143,0.8854315207073237,865,GPD,tail,21.39793168391183,0.090625,Puntarenas_OTROS_Hidrometereológico
-0.1001255488891143,0.8854315207073237,866,GPD,tail,21.39793168391183,0.090625,Puntarenas_OTROS_Hidrometereológico
-0.1001255488891143,0.8854315207073237,867,GPD,tail,21.39793168391183,0.090625,Puntarenas_OTROS_Hidrometereológico
-0.1001255488891143,0.8854315207073237,868,GPD,tail,21.39793168391183,0.090625,Puntarenas_OTROS_Hidrometereológico
-0.1001255488891143,0.8854315207073237,869,GPD,tail,21.39793168391183,0.090625,Puntarenas_OTROS_Hidrometereológico
-0.1001255488891143,0.8854315207073237,870,GPD,tail,21.39793168391183,0.090625,Puntarenas_OTROS_Hidrometereológico
-0.1001255488891143,0.8854315207073237,871,GPD,tail,21.39793168391183,0.090625,Puntarenas_OTROS_Hidrometereológico
-0.1001255488891143,0.8854315207073237,872,GPD,tail,21.39793168391183,0.090625,Puntarenas_OTROS_Hidrometereológico
-0.1001255488891143,0.8854315207073237,873,GPD,tail,21.39793168391183,0.090625,Puntarenas_OTROS_Hidrometereológico
-0.1001255488891143,0.8854315207073237,874,GPD,tail,21.39793168391183,0.090625,Puntarenas_OTROS_Hidrometereológico
-0.1001255488891143,0.8854315207073237,875,GPD,tail,21.39793168391183,0.090625,Puntarenas_OTROS_Hidrometereológico
-0.1001255488891143,0.8854315207073237,876,GPD,tail,21.39793168391183,0.090625,Puntarenas_OTROS_Hidrometereológico
-0.1001255488891143,0.8854315207073237,877,GPD,tail,21.39793168391183,0.090625,Puntarenas_OTROS_Hidrometereológico
-0.1001255488891143,0.8854315207073237,878,GPD,tail,21.39793168391183,0.090625,Puntarenas_OTROS_Hidrometereológico
-0.1001255488891143,0.8854315207073237,879,GPD,tail,21.39793168391183,0.090625,Puntarenas_OTROS_Hidrometereológico
-0.1001255488891143,0.8854315207073237,880,GPD,tail,21.39793168391183,0.090625,Puntarenas_OTROS_Hidrometereológico
-0.1001255488891143,0.8854315207073237,881,GPD,tail,21.39793168391183,0.090625,Puntarenas_OTROS_Hidrometereológico
-0.1001255488891143,0.8854315207073237,882,GPD,tail,21.39793168391183,0.090625,Puntarenas_OTROS_Hidrometereológico
-0.1001255488891143,0.8854315207073237,883,GPD,tail,21.39793168391183,0.090625,Puntarenas_OTROS_Hidrometereológico
-0.1001255488891143,0.8854315207073237,884,GPD,tail,21.39793168391183,0.090625,Puntarenas_OTROS_Hidrometereológico
-0.0847176663708393,0.8499499948996354,885,GPD,tail,21.39793168391183,0.090625,Puntarenas_OTROS_Hidrometereológico
-0.0847176663708393,0.8499499948996354,886,GPD,tail,21.39793168391183,0.090625,Puntarenas_OTROS_Hidrometereológico
-0.0847176663708393,0.8499499948996354,887,GPD,tail,21.39793168391183,0.090625,Puntarenas_OTROS_Hidrometereológico
-0.0847176663708393,0.8499499948996354,888,GPD,tail,21.39793168391183,0.090625,Puntarenas_OTROS_Hidrometereológico
-0.0847176663708393,0.8499499948996354,889,GPD,tail,21.39793168391183,0.090625,Puntarenas_OTROS_Hidrometereológico
-0.0847176663708393,0.8499499948996354,890,GPD,tail,21.39793168391183,0.090625,Puntarenas_OTROS_Hidrometereológico
-0.0847176663708393,0.8499499948996354,891,GPD,tail,21.39793168391183,0.090625,Puntarenas_OTROS_Hidrometereológico
-0.0847176663708393,0.8499499948996354,892,GPD,tail,21.39793168391183,0.090625,Puntarenas_OTROS_Hidrometereológico
-0.0847176663708393,0.8499499948996354,893,GPD,tail,21.39793168391183,0.090625,Puntarenas_OTROS_Hidrometereológico
-0.1070152480954583,0.8659340379767069,894,GPD,tail,21.39793168391183,0.090625,Puntarenas_OTROS_Hidrometereológico
-0.1070152480954583,0.8659340379767069,895,GPD,tail,21.39793168391183,0.090625,Puntarenas_OTROS_Hidrometereológico
-0.1070152480954583,0.8659340379767069,896,GPD,tail,21.39793168391183,0.090625,Puntarenas_OTROS_Hidrometereológico
-0.1070152480954583,0.8659340379767069,897,GPD,tail,21.39793168391183,0.090625,Puntarenas_OTROS_Hidrometereológico
-0.1070152480954583,0.8659340379767069,898,GPD,tail,21.39793168391183,0.090625,Puntarenas_OTROS_Hidrometereológico
-0.1070152480954583,0.8659340379767069,899,GPD,tail,21.39793168391183,0.090625,Puntarenas_OTROS_Hidrometereológico
-0.1070152480954583,0.8659340379767069,900,GPD,tail,21.39793168391183,0.090625,Puntarenas_OTROS_Hidrometereológico
-0.1070152480954583,0.8659340379767069,901,GPD,tail,21.39793168391183,0.090625,Puntarenas_OTROS_Hidrometereológico
-0.1070152480954583,0.8659340379767069,902,GPD,tail,21.39793168391183,0.090625,Puntarenas_OTROS_Hidrometereológico
-0.1070152480954583,0.8659340379767069,903,GPD,tail,21.39793168391183,0.090625,Puntarenas_OTROS_Hidrometereológico
-0.1070152480954583,0.8659340379767069,904,GPD,tail,21.39793168391183,0.090625,Puntarenas_OTROS_Hidrometereológico
-0.1070152480954583,0.8659340379767069,905,GPD,tail,21.39793168391183,0.090625,Puntarenas_OTROS_Hidrometereológico
-0.1070152480954583,0.8659340379767069,906,GPD,tail,21.39793168391183,0.090625,Puntarenas_OTROS_Hidrometereológico
-0.1070152480954583,0.8659340379767069,907,GPD,tail,21.39793168391183,0.090625,Puntarenas_OTROS_Hidrometereológico
-0.1070152480954583,0.8659340379767069,908,GPD,tail,21.39793168391183,0.090625,Puntarenas_OTROS_Hidrometereológico
-0.1070152480954583,0.8659340379767069,909,GPD,tail,21.39793168391183,0.090625,Puntarenas_OTROS_Hidrometereológico
-0.1070152480954583,0.8659340379767069,910,GPD,tail,21.39793168391183,0.090625,Puntarenas_OTROS_Hidrometereológico
-0.1070152480954583,0.8659340379767069,911,GPD,tail,21.39793168391183,0.090625,Puntarenas_OTROS_Hidrometereológico
-0.1070152480954583,0.8659340379767069,912,GPD,tail,21.39793168391183,0.090625,Puntarenas_OTROS_Hidrometereológico
-0.1070152480954583,0.8659340379767069,913,GPD,tail,21.39793168391183,0.090625,Puntarenas_OTROS_Hidrometereológico
-0.1070152480954583,0.8659340379767069,914,GPD,tail,21.39793168391183,0.090625,Puntarenas_OTROS_Hidrometereológico
-0.1070152480954583,0.8659340379767069,915,GPD,tail,21.39793168391183,0.090625,Puntarenas_OTROS_Hidrometereológico
-0.1070152480954583,0.8659340379767069,916,GPD,tail,21.39793168391183,0.090625,Puntarenas_OTROS_Hidrometereológico
-0.1070152480954583,0.8659340379767069,917,GPD,tail,21.39793168391183,0.090625,Puntarenas_OTROS_Hidrometereológico
-0.1070152480954583,0.8659340379767069,918,GPD,tail,21.39793168391183,0.090625,Puntarenas_OTROS_Hidrometereológico
-0.1070152480954583,0.8659340379767069,919,GPD,tail,21.39793168391183,0.090625,Puntarenas_OTROS_Hidrometereológico
-0.1070152480954583,0.8659340379767069,920,GPD,tail,21.39793168391183,0.090625,Puntarenas_OTROS_Hidrometereológico
-0.1070152480954583,0.8659340379767069,921,GPD,tail,21.39793168391183,0.090625,Puntarenas_OTROS_Hidrometereológico
-0.1070152480954583,0.8659340379767069,922,GPD,tail,21.39793168391183,0.090625,Puntarenas_OTROS_Hidrometereológico
-0.1070152480954583,0.8659340379767069,923,GPD,tail,21.39793168391183,0.090625,Puntarenas_OTROS_Hidrometereológico
-0.1070152480954583,0.8659340379767069,924,GPD,tail,21.39793168391183,0.090625,Puntarenas_OTROS_Hidrometereológico
-0.1070152480954583,0.8659340379767069,925,GPD,tail,21.39793168391183,0.090625,Puntarenas_OTROS_Hidrometereológico
-0.1070152480954583,0.8659340379767069,926,GPD,tail,21.39793168391183,0.090625,Puntarenas_OTROS_Hidrometereológico
-0.1070152480954583,0.8659340379767069,927,GPD,tail,21.39793168391183,0.090625,Puntarenas_OTROS_Hidrometereológico
-0.1070152480954583,0.8659340379767069,928,GPD,tail,21.39793168391183,0.090625,Puntarenas_OTROS_Hidrometereológico
-0.1070152480954583,0.8659340379767069,929,GPD,tail,21.39793168391183,0.090625,Puntarenas_OTROS_Hidrometereológico
-0.1070152480954583,0.8659340379767069,930,GPD,tail,21.39793168391183,0.090625,Puntarenas_OTROS_Hidrometereológico
-0.1070152480954583,0.8659340379767069,931,GPD,tail,21.39793168391183,0.090625,Puntarenas_OTROS_Hidrometereológico
-0.1070152480954583,0.8659340379767069,932,GPD,tail,21.39793168391183,0.090625,Puntarenas_OTROS_Hidrometereológico
-0.1070152480954583,0.8659340379767069,933,GPD,tail,21.39793168391183,0.090625,Puntarenas_OTROS_Hidrometereológico
-0.1070152480954583,0.8659340379767069,934,GPD,tail,21.39793168391183,0.090625,Puntarenas_OTROS_Hidrometereológico
-0.1070152480954583,0.8659340379767069,935,GPD,tail,21.39793168391183,0.090625,Puntarenas_OTROS_Hidrometereológico
-0.1070152480954583,0.8659340379767069,936,GPD,tail,21.39793168391183,0.090625,Puntarenas_OTROS_Hidrometereológico
-0.1070152480954583,0.8659340379767069,937,GPD,tail,21.39793168391183,0.090625,Puntarenas_OTROS_Hidrometereológico
-0.1070152480954583,0.8659340379767069,938,GPD,tail,21.39793168391183,0.090625,Puntarenas_OTROS_Hidrometereológico
-0.1070152480954583,0.8659340379767069,939,GPD,tail,21.39793168391183,0.090625,Puntarenas_OTROS_Hidrometereológico
-0.1070152480954583,0.8659340379767069,940,GPD,tail,21.39793168391183,0.090625,Puntarenas_OTROS_Hidrometereológico
-0.1070152480954583,0.8659340379767069,941,GPD,tail,21.39793168391183,0.090625,Puntarenas_OTROS_Hidrometereológico
-0.1070152480954583,0.8659340379767069,942,GPD,tail,21.39793168391183,0.090625,Puntarenas_OTROS_Hidrometereológico
-0.1070152480954583,0.8659340379767069,943,GPD,tail,21.39793168391183,0.090625,Puntarenas_OTROS_Hidrometereológico
-0.1070152480954583,0.8659340379767069,944,GPD,tail,21.39793168391183,0.090625,Puntarenas_OTROS_Hidrometereológico
-0.1070152480954583,0.8659340379767069,945,GPD,tail,21.39793168391183,0.090625,Puntarenas_OTROS_Hidrometereológico
-0.1070152480954583,0.8659340379767069,946,GPD,tail,21.39793168391183,0.090625,Puntarenas_OTROS_Hidrometereológico
-0.08029476977646327,0.8353278248802558,947,GPD,tail,21.39793168391183,0.090625,Puntarenas_OTROS_Hidrometereológico
-0.08029476977646327,0.8353278248802558,948,GPD,tail,21.39793168391183,0.090625,Puntarenas_OTROS_Hidrometereológico
-0.08029476977646327,0.8353278248802558,949,GPD,tail,21.39793168391183,0.090625,Puntarenas_OTROS_Hidrometereológico
-0.08029476977646327,0.8353278248802558,950,GPD,tail,21.39793168391183,0.090625,Puntarenas_OTROS_Hidrometereológico
-0.08029476977646327,0.8353278248802558,951,GPD,tail,21.39793168391183,0.090625,Puntarenas_OTROS_Hidrometereológico
-0.08029476977646327,0.8353278248802558,952,GPD,tail,21.39793168391183,0.090625,Puntarenas_OTROS_Hidrometereológico
-0.08029476977646327,0.8353278248802558,953,GPD,tail,21.39793168391183,0.090625,Puntarenas_OTROS_Hidrometereológico
-0.08029476977646327,0.8353278248802558,954,GPD,tail,21.39793168391183,0.090625,Puntarenas_OTROS_Hidrometereológico
-0.08029476977646327,0.8353278248802558,955,GPD,tail,21.39793168391183,0.090625,Puntarenas_OTROS_Hidrometereológico
-0.08029476977646327,0.8353278248802558,956,GPD,tail,21.39793168391183,0.090625,Puntarenas_OTROS_Hidrometereológico
-0.08029476977646327,0.8353278248802558,957,GPD,tail,21.39793168391183,0.090625,Puntarenas_OTROS_Hidrometereológico
-0.04205392051077918,0.8615062151184654,958,GPD,tail,21.39793168391183,0.090625,Puntarenas_OTROS_Hidrometereológico
-0.04205392051077918,0.8615062151184654,959,GPD,tail,21.39793168391183,0.090625,Puntarenas_OTROS_Hidrometereológico
-0.04205392051077918,0.8615062151184654,960,GPD,tail,21.39793168391183,0.090625,Puntarenas_OTROS_Hidrometereológico
-0.04205392051077918,0.8615062151184654,961,GPD,tail,21.39793168391183,0.090625,Puntarenas_OTROS_Hidrometereológico
-0.04205392051077918,0.8615062151184654,962,GPD,tail,21.39793168391183,0.090625,Puntarenas_OTROS_Hidrometereológico
-0.04205392051077918,0.8615062151184654,963,GPD,tail,21.39793168391183,0.090625,Puntarenas_OTROS_Hidrometereológico
-0.04205392051077918,0.8615062151184654,964,GPD,tail,21.39793168391183,0.090625,Puntarenas_OTROS_Hidrometereológico
-0.04205392051077918,0.8615062151184654,965,GPD,tail,21.39793168391183,0.090625,Puntarenas_OTROS_Hidrometereológico
-0.04205392051077918,0.8615062151184654,966,GPD,tail,21.39793168391183,0.090625,Puntarenas_OTROS_Hidrometereológico
-0.04205392051077918,0.8615062151184654,967,GPD,tail,21.39793168391183,0.090625,Puntarenas_OTROS_Hidrometereológico
-0.04205392051077918,0.8615062151184654,968,GPD,tail,21.39793168391183,0.090625,Puntarenas_OTROS_Hidrometereológico
-0.04205392051077918,0.8615062151184654,969,GPD,tail,21.39793168391183,0.090625,Puntarenas_OTROS_Hidrometereológico
-0.04205392051077918,0.8615062151184654,970,GPD,tail,21.39793168391183,0.090625,Puntarenas_OTROS_Hidrometereológico
-0.04205392051077918,0.8615062151184654,971,GPD,tail,21.39793168391183,0.090625,Puntarenas_OTROS_Hidrometereológico
-0.04205392051077918,0.8615062151184654,972,GPD,tail,21.39793168391183,0.090625,Puntarenas_OTROS_Hidrometereológico
-0.04205392051077918,0.8615062151184654,973,GPD,tail,21.39793168391183,0.090625,Puntarenas_OTROS_Hidrometereológico
-0.04205392051077918,0.8615062151184654,974,GPD,tail,21.39793168391183,0.090625,Puntarenas_OTROS_Hidrometereológico
-0.04205392051077918,0.8615062151184654,975,GPD,tail,21.39793168391183,0.090625,Puntarenas_OTROS_Hidrometereológico
0.043973987112929894,0.7493034315881719,976,GPD,tail,21.39793168391183,0.090625,Puntarenas_OTROS_Hidrometereológico
0.043973987112929894,0.7493034315881719,977,GPD,tail,21.39793168391183,0.090625,Puntarenas_OTROS_Hidrometereológico
0.043973987112929894,0.7493034315881719,978,GPD,tail,21.39793168391183,0.090625,Puntarenas_OTROS_Hidrometereológico
0.043973987112929894,0.7493034315881719,979,GPD,tail,21.39793168391183,0.090625,Puntarenas_OTROS_Hidrometereológico
0.028241433850829858,0.8729783233811079,980,GPD,tail,21.39793168391183,0.090625,Puntarenas_OTROS_Hidrometereológico
0.09022435803129829,0.7544765233377748,981,GPD,tail,21.39793168391183,0.090625,Puntarenas_OTROS_Hidrometereológico
0.09022435803129829,0.7544765233377748,982,GPD,tail,21.39793168391183,0.090625,Puntarenas_OTROS_Hidrometereológico
0.09022435803129829,0.7544765233377748,983,GPD,tail,21.39793168391183,0.090625,Puntarenas_OTROS_Hidrometereológico
0.09022435803129829,0.7544765233377748,984,GPD,tail,21.39793168391183,0.090625,Puntarenas_OTROS_Hidrometereológico
0.09022435803129829,0.7544765233377748,985,GPD,tail,21.39793168391183,0.090625,Puntarenas_OTROS_Hidrometereológico
0.09022435803129829,0.7544765233377748,986,GPD,tail,21.39793168391183,0.090625,Puntarenas_OTROS_Hidrometereológico
0.09022435803129829,0.7544765233377748,987,GPD,tail,21.39793168391183,0.090625,Puntarenas_OTROS_Hidrometereológico
0.09022435803129829,0.7544765233377748,988,GPD,tail,21.39793168391183,0.090625,Puntarenas_OTROS_Hidrometereológico
0.09022435803129829,0.7544765233377748,989,GPD,tail,21.39793168391183,0.090625,Puntarenas_OTROS_Hidrometereológico
0.09022435803129829,0.7544765233377748,990,GPD,tail,21.39793168391183,0.090625,Puntarenas_OTROS_Hidrometereológico
0.09022435803129829,0.7544765233377748,991,GPD,tail,21.39793168391183,0.090625,Puntarenas_OTROS_Hidrometereológico
0.09022435803129829,0.7544765233377748,992,GPD,tail,21.39793168391183,0.090625,Puntarenas_OTROS_Hidrometereológico
0.09022435803129829,0.7544765233377748,993,GPD,tail,21.39793168391183,0.090625,Puntarenas_OTROS_Hidrometereológico
0.1139396985122425,0.7279313620896468,994,GPD,tail,21.39793168391183,0.090625,Puntarenas_OTROS_Hidrometereológico
-0.03289291895694238,0.9305758595378882,995,GPD,tail,21.39793168391183,0.090625,Puntarenas_OTROS_Hidrometereológico
0.08784686700571359,0.789325642765172,996,GPD,tail,21.39793168391183,0.090625,Puntarenas_OTROS_Hidrometereológico
0.030742652885700286,0.7940553034741267,997,GPD,tail,21.39793168391183,0.090625,Puntarenas_OTROS_Hidrometereológico
0.030742652885700286,0.7940553034741267,998,GPD,tail,21.39793168391183,0.090625,Puntarenas_OTROS_Hidrometereológico
0.030742652885700286,0.7940553034741267,999,GPD,tail,21.39793168391183,0.090625,Puntarenas_OTROS_Hidrometereológico
0.030742652885700286,0.7940553034741267,1000,GPD,tail,21.39793168391183,0.090625,Puntarenas_OTROS_Hidrometereológico
0.030742652885700286,0.7940553034741267,1001,GPD,tail,21.39793168391183,0.090625,Puntarenas_OTROS_Hidrometereológico
0.030742652885700286,0.7940553034741267,1002,GPD,tail,21.39793168391183,0.090625,Puntarenas_OTROS_Hidrometereológico
0.030742652885700286,0.7940553034741267,1003,GPD,tail,21.39793168391183,0.090625,Puntarenas_OTROS_Hidrometereológico
0.030742652885700286,0.7940553034741267,1004,GPD,tail,21.39793168391183,0.090625,Puntarenas_OTROS_Hidrometereológico
0.030742652885700286,0.7940553034741267,1005,GPD,tail,21.39793168391183,0.090625,Puntarenas_OTROS_Hidrometereológico
0.030742652885700286,0.7940553034741267,1006,GPD,tail,21.39793168391183,0.090625,Puntarenas_OTROS_Hidrometereológico
0.030742652885700286,0.7940553034741267,1007,GPD,tail,21.39793168391183,0.090625,Puntarenas_OTROS_Hidrometereológico
-0.023301199900029858,0.8345639159815121,1008,GPD,tail,21.39793168391183,0.090625,Puntarenas_OTROS_Hidrometereológico
-0.023301199900029858,0.8345639159815121,1009,GPD,tail,21.39793168391183,0.090625,Puntarenas_OTROS_Hidrometereológico
-0.023301199900029858,0.8345639159815121,1010,GPD,tail,21.39793168391183,0.090625,Puntarenas_OTROS_Hidrometereológico
-0.023301199900029858,0.8345639159815121,1011,GPD,tail,21.39793168391183,0.090625,Puntarenas_OTROS_Hidrometereológico
-0.023301199900029858,0.8345639159815121,1012,GPD,tail,21.39793168391183,0.090625,Puntarenas_OTROS_Hidrometereológico
-0.023301199900029858,0.8345639159815121,1013,GPD,tail,21.39793168391183,0.090625,Puntarenas_OTROS_Hidrometereológico
-0.023301199900029858,0.8345639159815121,1014,GPD,tail,21.39793168391183,0.090625,Puntarenas_OTROS_Hidrometereológico
-0.023301199900029858,0.8345639159815121,1015,GPD,tail,21.39793168391183,0.090625,Puntarenas_OTROS_Hidrometereológico
-0.023301199900029858,0.8345639159815121,1016,GPD,tail,21.39793168391183,0.090625,Puntarenas_OTROS_Hidrometereológico
-0.023301199900029858,0.8345639159815121,1017,GPD,tail,21.39793168391183,0.090625,Puntarenas_OTROS_Hidrometereológico
-0.023301199900029858,0.8345639159815121,1018,GPD,tail,21.39793168391183,0.090625,Puntarenas_OTROS_Hidrometereológico
-0.023301199900029858,0.8345639159815121,1019,GPD,tail,21.39793168391183,0.090625,Puntarenas_OTROS_Hidrometereológico
-0.023301199900029858,0.8345639159815121,1020,GPD,tail,21.39793168391183,0.090625,Puntarenas_OTROS_Hidrometereológico
-0.023301199900029858,0.8345639159815121,1021,GPD,tail,21.39793168391183,0.090625,Puntarenas_OTROS_Hidrometereológico
-0.023301199900029858,0.8345639159815121,1022,GPD,tail,21.39793168391183,0.090625,Puntarenas_OTROS_Hidrometereológico
-0.023301199900029858,0.8345639159815121,1023,GPD,tail,21.39793168391183,0.090625,Puntarenas_OTROS_Hidrometereológico
-0.023301199900029858,0.8345639159815121,1024,GPD,tail,21.39793168391183,0.090625,Puntarenas_OTROS_Hidrometereológico
-0.023301199900029858,0.8345639159815121,1025,GPD,tail,21.39793168391183,0.090625,Puntarenas_OTROS_Hidrometereológico
-0.023301199900029858,0.8345639159815121,1026,GPD,tail,21.39793168391183,0.090625,Puntarenas_OTROS_Hidrometereológico
-0.023301199900029858,0.8345639159815121,1027,GPD,tail,21.39793168391183,0.090625,Puntarenas_OTROS_Hidrometereológico
-0.023301199900029858,0.8345639159815121,1028,GPD,tail,21.39793168391183,0.090625,Puntarenas_OTROS_Hidrometereológico
-0.023301199900029858,0.8345639159815121,1029,GPD,tail,21.39793168391183,0.090625,Puntarenas_OTROS_Hidrometereológico
-0.023301199900029858,0.8345639159815121,1030,GPD,tail,21.39793168391183,0.090625,Puntarenas_OTROS_Hidrometereológico
-0.023301199900029858,0.8345639159815121,1031,GPD,tail,21.39793168391183,0.090625,Puntarenas_OTROS_Hidrometereológico
-0.023301199900029858,0.8345639159815121,1032,GPD,tail,21.39793168391183,0.090625,Puntarenas_OTROS_Hidrometereológico
-0.023301199900029858,0.8345639159815121,1033,GPD,tail,21.39793168391183,0.090625,Puntarenas_OTROS_Hidrometereológico
-0.023301199900029858,0.8345639159815121,1034,GPD,tail,21.39793168391183,0.090625,Puntarenas_OTROS_Hidrometereológico
-0.023301199900029858,0.8345639159815121,1035,GPD,tail,21.39793168391183,0.090625,Puntarenas_OTROS_Hidrometereológico
-0.023301199900029858,0.8345639159815121,1036,GPD,tail,21.39793168391183,0.090625,Puntarenas_OTROS_Hidrometereológico
-0.023301199900029858,0.8345639159815121,1037,GPD,tail,21.39793168391183,0.090625,Puntarenas_OTROS_Hidrometereológico
-0.023301199900029858,0.8345639159815121,1038,GPD,tail,21.39793168391183,0.090625,Puntarenas_OTROS_Hidrometereológico
-0.023301199900029858,0.8345639159815121,1039,GPD,tail,21.39793168391183,0.090625,Puntarenas_OTROS_Hidrometereológico
-0.023301199900029858,0.8345639159815121,1040,GPD,tail,21.39793168391183,0.090625,Puntarenas_OTROS_Hidrometereológico
-0.023301199900029858,0.8345639159815121,1041,GPD,tail,21.39793168391183,0.090625,Puntarenas_OTROS_Hidrometereológico
-0.023301199900029858,0.8345639159815121,1042,GPD,tail,21.39793168391183,0.090625,Puntarenas_OTROS_Hidrometereológico
-0.023301199900029858,0.8345639159815121,1043,GPD,tail,21.39793168391183,0.090625,Puntarenas_OTROS_Hidrometereológico
-0.023301199900029858,0.8345639159815121,1044,GPD,tail,21.39793168391183,0.090625,Puntarenas_OTROS_Hidrometereológico
-0.023301199900029858,0.8345639159815121,1045,GPD,tail,21.39793168391183,0.090625,Puntarenas_OTROS_Hidrometereológico
-0.023301199900029858,0.8345639159815121,1046,GPD,tail,21.39793168391183,0.090625,Puntarenas_OTROS_Hidrometereológico
-0.09799223095116116,0.9161229513641757,1047,GPD,tail,21.39793168391183,0.090625,Puntarenas_OTROS_Hidrometereológico
-0.09799223095116116,0.9161229513641757,1048,GPD,tail,21.39793168391183,0.090625,Puntarenas_OTROS_Hidrometereológico
-0.09799223095116116,0.9161229513641757,1049,GPD,tail,21.39793168391183,0.090625,Puntarenas_OTROS_Hidrometereológico
-0.09799223095116116,0.9161229513641757,1050,GPD,tail,21.39793168391183,0.090625,Puntarenas_OTROS_Hidrometereológico
-0.09799223095116116,0.9161229513641757,1051,GPD,tail,21.39793168391183,0.090625,Puntarenas_OTROS_Hidrometereológico
-0.09799223095116116,0.9161229513641757,1052,GPD,tail,21.39793168391183,0.090625,Puntarenas_OTROS_Hidrometereológico
-0.09799223095116116,0.9161229513641757,1053,GPD,tail,21.39793168391183,0.090625,Puntarenas_OTROS_Hidrometereológico
-0.1199278375543805,0.996072648255938,1054,GPD,tail,21.39793168391183,0.090625,Puntarenas_OTROS_Hidrometereológico
-0.1199278375543805,0.996072648255938,1055,GPD,tail,21.39793168391183,0.090625,Puntarenas_OTROS_Hidrometereológico
-0.1199278375543805,0.996072648255938,1056,GPD,tail,21.39793168391183,0.090625,Puntarenas_OTROS_Hidrometereológico
-0.1199278375543805,0.996072648255938,1057,GPD,tail,21.39793168391183,0.090625,Puntarenas_OTROS_Hidrometereológico
-0.1199278375543805,0.996072648255938,1058,GPD,tail,21.39793168391183,0.090625,Puntarenas_OTROS_Hidrometereológico
-0.05888645192870763,0.9038872795739114,1059,GPD,tail,21.39793168391183,0.090625,Puntarenas_OTROS_Hidrometereológico
-0.05888645192870763,0.9038872795739114,1060,GPD,tail,21.39793168391183,0.090625,Puntarenas_OTROS_Hidrometereológico
-0.05888645192870763,0.9038872795739114,1061,GPD,tail,21.39793168391183,0.090625,Puntarenas_OTROS_Hidrometereológico
-0.05888645192870763,0.9038872795739114,1062,GPD,tail,21.39793168391183,0.090625,Puntarenas_OTROS_Hidrometereológico
-0.05888645192870763,0.9038872795739114,1063,GPD,tail,21.39793168391183,0.090625,Puntarenas_OTROS_Hidrometereológico
-0.05888645192870763,0.9038872795739114,1064,GPD,tail,21.39793168391183,0.090625,Puntarenas_OTROS_Hidrometereológico
-0.05888645192870763,0.9038872795739114,1065,GPD,tail,21.39793168391183,0.090625,Puntarenas_OTROS_Hidrometereológico
-0.05888645192870763,0.9038872795739114,1066,GPD,tail,21.39793168391183,0.090625,Puntarenas_OTROS_Hidrometereológico
-0.05888645192870763,0.9038872795739114,1067,GPD,tail,21.39793168391183,0.090625,Puntarenas_OTROS_Hidrometereológico
-0.0642720664443429,0.9291615021293503,1068,GPD,tail,21.39793168391183,0.090625,Puntarenas_OTROS_Hidrometereológico
-0.0642720664443429,0.9291615021293503,1069,GPD,tail,21.39793168391183,0.090625,Puntarenas_OTROS_Hidrometereológico
-0.0642720664443429,0.9291615021293503,1070,GPD,tail,21.39793168391183,0.090625,Puntarenas_OTROS_Hidrometereológico
-0.0642720664443429,0.9291615021293503,1071,GPD,tail,21.39793168391183,0.090625,Puntarenas_OTROS_Hidrometereológico
-0.023623365929642065,0.7568698017189119,1072,GPD,tail,21.39793168391183,0.090625,Puntarenas_OTROS_Hidrometereológico
-0.023623365929642065,0.7568698017189119,1073,GPD,tail,21.39793168391183,0.090625,Puntarenas_OTROS_Hidrometereológico
-0.023623365929642065,0.7568698017189119,1074,GPD,tail,21.39793168391183,0.090625,Puntarenas_OTROS_Hidrometereológico
-0.023623365929642065,0.7568698017189119,1075,GPD,tail,21.39793168391183,0.090625,Puntarenas_OTROS_Hidrometereológico
-0.023623365929642065,0.7568698017189119,1076,GPD,tail,21.39793168391183,0.090625,Puntarenas_OTROS_Hidrometereológico
-0.023623365929642065,0.7568698017189119,1077,GPD,tail,21.39793168391183,0.090625,Puntarenas_OTROS_Hidrometereológico
-0.023623365929642065,0.7568698017189119,1078,GPD,tail,21.39793168391183,0.090625,Puntarenas_OTROS_Hidrometereológico
-0.023623365929642065,0.7568698017189119,1079,GPD,tail,21.39793168391183,0.090625,Puntarenas_OTROS_Hidrometereológico
-0.023623365929642065,0.7568698017189119,1080,GPD,tail,21.39793168391183,0.090625,Puntarenas_OTROS_Hidrometereológico
0.013071574294455261,0.7573761129501112,1081,GPD,tail,21.39793168391183,0.090625,Puntarenas_OTROS_Hidrometereológico
0.013071574294455261,0.7573761129501112,1082,GPD,tail,21.39793168391183,0.090625,Puntarenas_OTROS_Hidrometereológico
0.013071574294455261,0.7573761129501112,1083,GPD,tail,21.39793168391183,0.090625,Puntarenas_OTROS_Hidrometereológico
0.013071574294455261,0.7573761129501112,1084,GPD,tail,21.39793168391183,0.090625,Puntarenas_OTROS_Hidrometereológico
0.013071574294455261,0.7573761129501112,1085,GPD,tail,21.39793168391183,0.090625,Puntarenas_OTROS_Hidrometereológico
0.013071574294455261,0.7573761129501112,1086,GPD,tail,21.39793168391183,0.090625,Puntarenas_OTROS_Hidrometereológico
0.013071574294455261,0.7573761129501112,1087,GPD,tail,21.39793168391183,0.090625,Puntarenas_OTROS_Hidrometereológico
0.013071574294455261,0.7573761129501112,1088,GPD,tail,21.39793168391183,0.090625,Puntarenas_OTROS_Hidrometereológico
0.013071574294455261,0.7573761129501112,1089,GPD,tail,21.39793168391183,0.090625,Puntarenas_OTROS_Hidrometereológico
0.013071574294455261,0.7573761129501112,1090,GPD,tail,21.39793168391183,0.090625,Puntarenas_OTROS_Hidrometereológico
0.013071574294455261,0.7573761129501112,1091,GPD,tail,21.39793168391183,0.090625,Puntarenas_OTROS_Hidrometereológico
0.013071574294455261,0.7573761129501112,1092,GPD,tail,21.39793168391183,0.090625,Puntarenas_OTROS_Hidrometereológico
0.013071574294455261,0.7573761129501112,1093,GPD,tail,21.39793168391183,0.090625,Puntarenas_OTROS_Hidrometereológico
0.013071574294455261,0.7573761129501112,1094,GPD,tail,21.39793168391183,0.090625,Puntarenas_OTROS_Hidrometereológico
0.013071574294455261,0.7573761129501112,1095,GPD,tail,21.39793168391183,0.090625,Puntarenas_OTROS_Hidrometereológico
0.013071574294455261,0.7573761129501112,1096,GPD,tail,21.39793168391183,0.090625,Puntarenas_OTROS_Hidrometereológico
0.013071574294455261,0.7573761129501112,1097,GPD,tail,21.39793168391183,0.090625,Puntarenas_OTROS_Hidrometereológico
0.013071574294455261,0.7573761129501112,1098,GPD,tail,21.39793168391183,0.090625,Puntarenas_OTROS_Hidrometereológico
0.013071574294455261,0.7573761129501112,1099,GPD,tail,21.39793168391183,0.090625,Puntarenas_OTROS_Hidrometereológico
0.013071574294455261,0.7573761129501112,1100,GPD,tail,21.39793168391183,0.090625,Puntarenas_OTROS_Hidrometereológico
0.013071574294455261,0.7573761129501112,1101,GPD,tail,21.39793168391183,0.090625,Puntarenas_OTROS_Hidrometereológico
0.013071574294455261,0.7573761129501112,1102,GPD,tail,21.39793168391183,0.090625,Puntarenas_OTROS_Hidrometereológico
0.013071574294455261,0.7573761129501112,1103,GPD,tail,21.39793168391183,0.090625,Puntarenas_OTROS_Hidrometereológico
0.013071574294455261,0.7573761129501112,1104,GPD,tail,21.39793168391183,0.090625,Puntarenas_OTROS_Hidrometereológico
0.013071574294455261,0.7573761129501112,1105,GPD,tail,21.39793168391183,0.090625,Puntarenas_OTROS_Hidrometereológico
0.013071574294455261,0.7573761129501112,1106,GPD,tail,21.39793168391183,0.090625,Puntarenas_OTROS_Hidrometereológico
0.013071574294455261,0.7573761129501112,1107,GPD,tail,21.39793168391183,0.090625,Puntarenas_OTROS_Hidrometereológico
0.013071574294455261,0.7573761129501112,1108,GPD,tail,21.39793168391183,0.090625,Puntarenas_OTROS_Hidrometereológico
0.013071574294455261,0.7573761129501112,1109,GPD,tail,21.39793168391183,0.090625,Puntarenas_OTROS_Hidrometereológico
0.013071574294455261,0.7573761129501112,1110,GPD,tail,21.39793168391183,0.090625,Puntarenas_OTROS_Hidrometereológico
0.013071574294455261,0.7573761129501112,1111,GPD,tail,21.39793168391183,0.090625,Puntarenas_OTROS_Hidrometereológico
0.013071574294455261,0.7573761129501112,1112,GPD,tail,21.39793168391183,0.090625,Puntarenas_OTROS_Hidrometereológico
0.013071574294455261,0.7573761129501112,1113,GPD,tail,21.39793168391183,0.090625,Puntarenas_OTROS_Hidrometereológico
0.013071574294455261,0.7573761129501112,1114,GPD,tail,21.39793168391183,0.090625,Puntarenas_OTROS_Hidrometereológico
-0.07239729591639404,0.7985157432328075,1115,GPD,tail,21.39793168391183,0.090625,Puntarenas_OTROS_Hidrometereológico
-0.07239729591639404,0.7985157432328075,1116,GPD,tail,21.39793168391183,0.090625,Puntarenas_OTROS_Hidrometereológico
-0.07239729591639404,0.7985157432328075,1117,GPD,tail,21.39793168391183,0.090625,Puntarenas_OTROS_Hidrometereológico
-0.07239729591639404,0.7985157432328075,1118,GPD,tail,21.39793168391183,0.090625,Puntarenas_OTROS_Hidrometereológico
-0.07239729591639404,0.7985157432328075,1119,GPD,tail,21.39793168391183,0.090625,Puntarenas_OTROS_Hidrometereológico
-0.07239729591639404,0.7985157432328075,1120,GPD,tail,21.39793168391183,0.090625,Puntarenas_OTROS_Hidrometereológico
-0.07239729591639404,0.7985157432328075,1121,GPD,tail,21.39793168391183,0.090625,Puntarenas_OTROS_Hidrometereológico
-0.07239729591639404,0.7985157432328075,1122,GPD,tail,21.39793168391183,0.090625,Puntarenas_OTROS_Hidrometereológico
-0.07239729591639404,0.7985157432328075,1123,GPD,tail,21.39793168391183,0.090625,Puntarenas_OTROS_Hidrometereológico
0.02285192143171344,0.6863021513629819,1124,GPD,tail,21.39793168391183,0.090625,Puntarenas_OTROS_Hidrometereológico
0.057857830443171894,0.8757009604762259,1125,GPD,tail,21.39793168391183,0.090625,Puntarenas_OTROS_Hidrometereológico
0.057857830443171894,0.8757009604762259,1126,GPD,tail,21.39793168391183,0.090625,Puntarenas_OTROS_Hidrometereológico
0.057857830443171894,0.8757009604762259,1127,GPD,tail,21.39793168391183,0.090625,Puntarenas_OTROS_Hidrometereológico
0.057857830443171894,0.8757009604762259,1128,GPD,tail,21.39793168391183,0.090625,Puntarenas_OTROS_Hidrometereológico
0.057857830443171894,0.8757009604762259,1129,GPD,tail,21.39793168391183,0.090625,Puntarenas_OTROS_Hidrometereológico
0.03923695471660249,0.6817695363633267,1130,GPD,tail,21.39793168391183,0.090625,Puntarenas_OTROS_Hidrometereológico
0.03923695471660249,0.6817695363633267,1131,GPD,tail,21.39793168391183,0.090625,Puntarenas_OTROS_Hidrometereológico
0.03923695471660249,0.6817695363633267,1132,GPD,tail,21.39793168391183,0.090625,Puntarenas_OTROS_Hidrometereológico
0.03923695471660249,0.6817695363633267,1133,GPD,tail,21.39793168391183,0.090625,Puntarenas_OTROS_Hidrometereológico
0.03923695471660249,0.6817695363633267,1134,GPD,tail,21.39793168391183,0.090625,Puntarenas_OTROS_Hidrometereológico
0.03923695471660249,0.6817695363633267,1135,GPD,tail,21.39793168391183,0.090625,Puntarenas_OTROS_Hidrometereológico
0.03923695471660249,0.6817695363633267,1136,GPD,tail,21.39793168391183,0.090625,Puntarenas_OTROS_Hidrometereológico
0.020717193543521244,0.7585611105487834,1137,GPD,tail,21.39793168391183,0.090625,Puntarenas_OTROS_Hidrometereológico
0.020717193543521244,0.7585611105487834,1138,GPD,tail,21.39793168391183,0.090625,Puntarenas_OTROS_Hidrometereológico
-0.04950410222625754,0.8775591383912423,1139,GPD,tail,21.39793168391183,0.090625,Puntarenas_OTROS_Hidrometereológico
-0.04950410222625754,0.8775591383912423,1140,GPD,tail,21.39793168391183,0.090625,Puntarenas_OTROS_Hidrometereológico
-0.04950410222625754,0.8775591383912423,1141,GPD,tail,21.39793168391183,0.090625,Puntarenas_OTROS_Hidrometereológico
-0.04950410222625754,0.8775591383912423,1142,GPD,tail,21.39793168391183,0.090625,Puntarenas_OTROS_Hidrometereológico
-0.12897759666270806,0.9228507934383874,1143,GPD,tail,21.39793168391183,0.090625,Puntarenas_OTROS_Hidrometereológico
-0.12897759666270806,0.9228507934383874,1144,GPD,tail,21.39793168391183,0.090625,Puntarenas_OTROS_Hidrometereológico
-0.12897759666270806,0.9228507934383874,1145,GPD,tail,21.39793168391183,0.090625,Puntarenas_OTROS_Hidrometereológico
-0.12897759666270806,0.9228507934383874,1146,GPD,tail,21.39793168391183,0.090625,Puntarenas_OTROS_Hidrometereológico
-0.12897759666270806,0.9228507934383874,1147,GPD,tail,21.39793168391183,0.090625,Puntarenas_OTROS_Hidrometereológico
-0.12897759666270806,0.9228507934383874,1148,GPD,tail,21.39793168391183,0.090625,Puntarenas_OTROS_Hidrometereológico
-0.12897759666270806,0.9228507934383874,1149,GPD,tail,21.39793168391183,0.090625,Puntarenas_OTROS_Hidrometereológico
-0.12897759666270806,0.9228507934383874,1150,GPD,tail,21.39793168391183,0.090625,Puntarenas_OTROS_Hidrometereológico
-0.12897759666270806,0.9228507934383874,1151,GPD,tail,21.39793168391183,0.090625,Puntarenas_OTROS_Hidrometereológico
-0.12897759666270806,0.9228507934383874,1152,GPD,tail,21.39793168391183,0.090625,Puntarenas_OTROS_Hidrometereológico
-0.12897759666270806,0.9228507934383874,1153,GPD,tail,21.39793168391183,0.090625,Puntarenas_OTROS_Hidrometereológico
-0.12897759666270806,0.9228507934383874,1154,GPD,tail,21.39793168391183,0.090625,Puntarenas_OTROS_Hidrometereológico
-0.12897759666270806,0.9228507934383874,1155,GPD,tail,21.39793168391183,0.090625,Puntarenas_OTROS_Hidrometereológico
-0.12897759666270806,0.9228507934383874,1156,GPD,tail,21.39793168391183,0.090625,Puntarenas_OTROS_Hidrometereológico
-0.12897759666270806,0.9228507934383874,1157,GPD,tail,21.39793168391183,0.090625,Puntarenas_OTROS_Hidrometereológico
-0.12897759666270806,0.9228507934383874,1158,GPD,tail,21.39793168391183,0.090625,Puntarenas_OTROS_Hidrometereológico
-0.12897759666270806,0.9228507934383874,1159,GPD,tail,21.39793168391183,0.090625,Puntarenas_OTROS_Hidrometereológico
-0.12897759666270806,0.9228507934383874,1160,GPD,tail,21.39793168391183,0.090625,Puntarenas_OTROS_Hidrometereológico
-0.12897759666270806,0.9228507934383874,1161,GPD,tail,21.39793168391183,0.090625,Puntarenas_OTROS_Hidrometereológico
-0.12897759666270806,0.9228507934383874,1162,GPD,tail,21.39793168391183,0.090625,Puntarenas_OTROS_Hidrometereológico
0.023312748134736827,0.7055684323961926,1163,GPD,tail,21.39793168391183,0.090625,Puntarenas_OTROS_Hidrometereológico
0.05811294878899124,0.7686901265882704,1164,GPD,tail,21.39793168391183,0.090625,Puntarenas_OTROS_Hidrometereológico
0.05811294878899124,0.7686901265882704,1165,GPD,tail,21.39793168391183,0.090625,Puntarenas_OTROS_Hidrometereológico
0.05811294878899124,0.7686901265882704,1166,GPD,tail,21.39793168391183,0.090625,Puntarenas_OTROS_Hidrometereológico
0.05811294878899124,0.7686901265882704,1167,GPD,tail,21.39793168391183,0.090625,Puntarenas_OTROS_Hidrometereológico
0.05811294878899124,0.7686901265882704,1168,GPD,tail,21.39793168391183,0.090625,Puntarenas_OTROS_Hidrometereológico
0.05811294878899124,0.7686901265882704,1169,GPD,tail,21.39793168391183,0.090625,Puntarenas_OTROS_Hidrometereológico
0.05811294878899124,0.7686901265882704,1170,GPD,tail,21.39793168391183,0.090625,Puntarenas_OTROS_Hidrometereológico
0.05811294878899124,0.7686901265882704,1171,GPD,tail,21.39793168391183,0.090625,Puntarenas_OTROS_Hidrometereológico
-0.1138371213897443,0.839637877553643,1172,GPD,tail,21.39793168391183,0.090625,Puntarenas_OTROS_Hidrometereológico
-0.1138371213897443,0.839637877553643,1173,GPD,tail,21.39793168391183,0.090625,Puntarenas_OTROS_Hidrometereológico
-0.1138371213897443,0.839637877553643,1174,GPD,tail,21.39793168391183,0.090625,Puntarenas_OTROS_Hidrometereológico
-0.1138371213897443,0.839637877553643,1175,GPD,tail,21.39793168391183,0.090625,Puntarenas_OTROS_Hidrometereológico
-0.1138371213897443,0.839637877553643,1176,GPD,tail,21.39793168391183,0.090625,Puntarenas_OTROS_Hidrometereológico
-0.1138371213897443,0.839637877553643,1177,GPD,tail,21.39793168391183,0.090625,Puntarenas_OTROS_Hidrometereológico
-0.1138371213897443,0.839637877553643,1178,GPD,tail,21.39793168391183,0.090625,Puntarenas_OTROS_Hidrometereológico
-0.1138371213897443,0.839637877553643,1179,GPD,tail,21.39793168391183,0.090625,Puntarenas_OTROS_Hidrometereológico
-0.1138371213897443,0.839637877553643,1180,GPD,tail,21.39793168391183,0.090625,Puntarenas_OTROS_Hidrometereológico
-0.1138371213897443,0.839637877553643,1181,GPD,tail,21.39793168391183,0.090625,Puntarenas_OTROS_Hidrometereológico
-0.1138371213897443,0.839637877553643,1182,GPD,tail,21.39793168391183,0.090625,Puntarenas_OTROS_Hidrometereológico
-0.07509742716752515,0.7877725985065019,1183,GPD,tail,21.39793168391183,0.090625,Puntarenas_OTROS_Hidrometereológico
-0.07509742716752515,0.7877725985065019,1184,GPD,tail,21.39793168391183,0.090625,Puntarenas_OTROS_Hidrometereológico
-0.07509742716752515,0.7877725985065019,1185,GPD,tail,21.39793168391183,0.090625,Puntarenas_OTROS_Hidrometereológico
-0.07509742716752515,0.7877725985065019,1186,GPD,tail,21.39793168391183,0.090625,Puntarenas_OTROS_Hidrometereológico
-0.07509742716752515,0.7877725985065019,1187,GPD,tail,21.39793168391183,0.090625,Puntarenas_OTROS_Hidrometereológico
-0.07509742716752515,0.7877725985065019,1188,GPD,tail,21.39793168391183,0.090625,Puntarenas_OTROS_Hidrometereológico
-0.07509742716752515,0.7877725985065019,1189,GPD,tail,21.39793168391183,0.090625,Puntarenas_OTROS_Hidrometereológico
-0.07509742716752515,0.7877725985065019,1190,GPD,tail,21.39793168391183,0.090625,Puntarenas_OTROS_Hidrometereológico
-0.07509742716752515,0.7877725985065019,1191,GPD,tail,21.39793168391183,0.090625,Puntarenas_OTROS_Hidrometereológico
-0.07509742716752515,0.7877725985065019,1192,GPD,tail,21.39793168391183,0.090625,Puntarenas_OTROS_Hidrometereológico
0.04318148817831638,0.7235035732349192,1193,GPD,tail,21.39793168391183,0.090625,Puntarenas_OTROS_Hidrometereológico
-0.0064728501226465965,0.8722474245085803,1194,GPD,tail,21.39793168391183,0.090625,Puntarenas_OTROS_Hidrometereológico
-0.0064728501226465965,0.8722474245085803,1195,GPD,tail,21.39793168391183,0.090625,Puntarenas_OTROS_Hidrometereológico
-0.0064728501226465965,0.8722474245085803,1196,GPD,tail,21.39793168391183,0.090625,Puntarenas_OTROS_Hidrometereológico
-0.0064728501226465965,0.8722474245085803,1197,GPD,tail,21.39793168391183,0.090625,Puntarenas_OTROS_Hidrometereológico
-0.0064728501226465965,0.8722474245085803,1198,GPD,tail,21.39793168391183,0.090625,Puntarenas_OTROS_Hidrometereológico
-0.0064728501226465965,0.8722474245085803,1199,GPD,tail,21.39793168391183,0.090625,Puntarenas_OTROS_Hidrometereológico
-0.0064728501226465965,0.8722474245085803,1200,GPD,tail,21.39793168391183,0.090625,Puntarenas_OTROS_Hidrometereológico
-0.0064728501226465965,0.8722474245085803,1201,GPD,tail,21.39793168391183,0.090625,Puntarenas_OTROS_Hidrometereológico
-0.0064728501226465965,0.8722474245085803,1202,GPD,tail,21.39793168391183,0.090625,Puntarenas_OTROS_Hidrometereológico
-0.0064728501226465965,0.8722474245085803,1203,GPD,tail,21.39793168391183,0.090625,Puntarenas_OTROS_Hidrometereológico
-0.0064728501226465965,0.8722474245085803,1204,GPD,tail,21.39793168391183,0.090625,Puntarenas_OTROS_Hidrometereológico
-0.0064728501226465965,0.8722474245085803,1205,GPD,tail,21.39793168391183,0.090625,Puntarenas_OTROS_Hidrometereológico
-0.0064728501226465965,0.8722474245085803,1206,GPD,tail,21.39793168391183,0.090625,Puntarenas_OTROS_Hidrometereológico
-0.0064728501226465965,0.8722474245085803,1207,GPD,tail,21.39793168391183,0.090625,Puntarenas_OTROS_Hidrometereológico
-0.0064728501226465965,0.8722474245085803,1208,GPD,tail,21.39793168391183,0.090625,Puntarenas_OTROS_Hidrometereológico
-0.0064728501226465965,0.8722474245085803,1209,GPD,tail,21.39793168391183,0.090625,Puntarenas_OTROS_Hidrometereológico
-0.0064728501226465965,0.8722474245085803,1210,GPD,tail,21.39793168391183,0.090625,Puntarenas_OTROS_Hidrometereológico
-0.0064728501226465965,0.8722474245085803,1211,GPD,tail,21.39793168391183,0.090625,Puntarenas_OTROS_Hidrometereológico
-0.0064728501226465965,0.8722474245085803,1212,GPD,tail,21.39793168391183,0.090625,Puntarenas_OTROS_Hidrometereológico
-0.0064728501226465965,0.8722474245085803,1213,GPD,tail,21.39793168391183,0.090625,Puntarenas_OTROS_Hidrometereológico
-0.0064728501226465965,0.8722474245085803,1214,GPD,tail,21.39793168391183,0.090625,Puntarenas_OTROS_Hidrometereológico
-0.0064728501226465965,0.8722474245085803,1215,GPD,tail,21.39793168391183,0.090625,Puntarenas_OTROS_Hidrometereológico
-0.0064728501226465965,0.8722474245085803,1216,GPD,tail,21.39793168391183,0.090625,Puntarenas_OTROS_Hidrometereológico
-0.0064728501226465965,0.8722474245085803,1217,GPD,tail,21.39793168391183,0.090625,Puntarenas_OTROS_Hidrometereológico
-0.0064728501226465965,0.8722474245085803,1218,GPD,tail,21.39793168391183,0.090625,Puntarenas_OTROS_Hidrometereológico
-0.0064728501226465965,0.8722474245085803,1219,GPD,tail,21.39793168391183,0.090625,Puntarenas_OTROS_Hidrometereológico
-0.0712518397677937,0.9208900467091008,1220,GPD,tail,21.39793168391183,0.090625,Puntarenas_OTROS_Hidrometereológico
-0.0712518397677937,0.9208900467091008,1221,GPD,tail,21.39793168391183,0.090625,Puntarenas_OTROS_Hidrometereológico
-0.0712518397677937,0.9208900467091008,1222,GPD,tail,21.39793168391183,0.090625,Puntarenas_OTROS_Hidrometereológico
-0.0712518397677937,0.9208900467091008,1223,GPD,tail,21.39793168391183,0.090625,Puntarenas_OTROS_Hidrometereológico
-0.0712518397677937,0.9208900467091008,1224,GPD,tail,21.39793168391183,0.090625,Puntarenas_OTROS_Hidrometereológico
-0.0712518397677937,0.9208900467091008,1225,GPD,tail,21.39793168391183,0.090625,Puntarenas_OTROS_Hidrometereológico
-0.0712518397677937,0.9208900467091008,1226,GPD,tail,21.39793168391183,0.090625,Puntarenas_OTROS_Hidrometereológico
-0.0712518397677937,0.9208900467091008,1227,GPD,tail,21.39793168391183,0.090625,Puntarenas_OTROS_Hidrometereológico
-0.0712518397677937,0.9208900467091008,1228,GPD,tail,21.39793168391183,0.090625,Puntarenas_OTROS_Hidrometereológico
-0.0712518397677937,0.9208900467091008,1229,GPD,tail,21.39793168391183,0.090625,Puntarenas_OTROS_Hidrometereológico
-0.0712518397677937,0.9208900467091008,1230,GPD,tail,21.39793168391183,0.090625,Puntarenas_OTROS_Hidrometereológico
-0.0712518397677937,0.9208900467091008,1231,GPD,tail,21.39793168391183,0.090625,Puntarenas_OTROS_Hidrometereológico
-0.0712518397677937,0.9208900467091008,1232,GPD,tail,21.39793168391183,0.090625,Puntarenas_OTROS_Hidrometereológico
-0.0712518397677937,0.9208900467091008,1233,GPD,tail,21.39793168391183,0.090625,Puntarenas_OTROS_Hidrometereológico
-0.0712518397677937,0.9208900467091008,1234,GPD,tail,21.39793168391183,0.090625,Puntarenas_OTROS_Hidrometereológico
-0.0712518397677937,0.9208900467091008,1235,GPD,tail,21.39793168391183,0.090625,Puntarenas_OTROS_Hidrometereológico
-0.0712518397677937,0.9208900467091008,1236,GPD,tail,21.39793168391183,0.090625,Puntarenas_OTROS_Hidrometereológico
-0.03886877629129611,0.8822471303793878,1237,GPD,tail,21.39793168391183,0.090625,Puntarenas_OTROS_Hidrometereológico
-0.03886877629129611,0.8822471303793878,1238,GPD,tail,21.39793168391183,0.090625,Puntarenas_OTROS_Hidrometereológico
-0.0024648010468344764,0.797112657004224,1239,GPD,tail,21.39793168391183,0.090625,Puntarenas_OTROS_Hidrometereológico
-0.0024648010468344764,0.797112657004224,1240,GPD,tail,21.39793168391183,0.090625,Puntarenas_OTROS_Hidrometereológico
-0.1131358807126645,0.9557840349858275,1241,GPD,tail,21.39793168391183,0.090625,Puntarenas_OTROS_Hidrometereológico
-0.1131358807126645,0.9557840349858275,1242,GPD,tail,21.39793168391183,0.090625,Puntarenas_OTROS_Hidrometereológico
-0.1131358807126645,0.9557840349858275,1243,GPD,tail,21.39793168391183,0.090625,Puntarenas_OTROS_Hidrometereológico
-0.1131358807126645,0.9557840349858275,1244,GPD,tail,21.39793168391183,0.090625,Puntarenas_OTROS_Hidrometereológico
-0.1131358807126645,0.9557840349858275,1245,GPD,tail,21.39793168391183,0.090625,Puntarenas_OTROS_Hidrometereológico
-0.1131358807126645,0.9557840349858275,1246,GPD,tail,21.39793168391183,0.090625,Puntarenas_OTROS_Hidrometereológico
-0.1131358807126645,0.9557840349858275,1247,GPD,tail,21.39793168391183,0.090625,Puntarenas_OTROS_Hidrometereológico
-0.1131358807126645,0.9557840349858275,1248,GPD,tail,21.39793168391183,0.090625,Puntarenas_OTROS_Hidrometereológico
-0.10262614171744369,0.9448594687755009,1249,GPD,tail,21.39793168391183,0.090625,Puntarenas_OTROS_Hidrometereológico
-0.10262614171744369,0.9448594687755009,1250,GPD,tail,21.39793168391183,0.090625,Puntarenas_OTROS_Hidrometereológico
-0.10262614171744369,0.9448594687755009,1251,GPD,tail,21.39793168391183,0.090625,Puntarenas_OTROS_Hidrometereológico
-0.10262614171744369,0.9448594687755009,1252,GPD,tail,21.39793168391183,0.090625,Puntarenas_OTROS_Hidrometereológico
-0.10262614171744369,0.9448594687755009,1253,GPD,tail,21.39793168391183,0.090625,Puntarenas_OTROS_Hidrometereológico
-0.10262614171744369,0.9448594687755009,1254,GPD,tail,21.39793168391183,0.090625,Puntarenas_OTROS_Hidrometereológico
-0.09441042416191175,0.7945899133953243,1255,GPD,tail,21.39793168391183,0.090625,Puntarenas_OTROS_Hidrometereológico
-0.09441042416191175,0.7945899133953243,1256,GPD,tail,21.39793168391183,0.090625,Puntarenas_OTROS_Hidrometereológico
-0.09441042416191175,0.7945899133953243,1257,GPD,tail,21.39793168391183,0.090625,Puntarenas_OTROS_Hidrometereológico
-0.09441042416191175,0.7945899133953243,1258,GPD,tail,21.39793168391183,0.090625,Puntarenas_OTROS_Hidrometereológico
-0.09441042416191175,0.7945899133953243,1259,GPD,tail,21.39793168391183,0.090625,Puntarenas_OTROS_Hidrometereológico
-0.09441042416191175,0.7945899133953243,1260,GPD,tail,21.39793168391183,0.090625,Puntarenas_OTROS_Hidrometereológico
-0.09441042416191175,0.7945899133953243,1261,GPD,tail,21.39793168391183,0.090625,Puntarenas_OTROS_Hidrometereológico
0.023023620044399687,0.7628104399719173,1262,GPD,tail,21.39793168391183,0.090625,Puntarenas_OTROS_Hidrometereológico
0.023023620044399687,0.7628104399719173,1263,GPD,tail,21.39793168391183,0.090625,Puntarenas_OTROS_Hidrometereológico
0.023023620044399687,0.7628104399719173,1264,GPD,tail,21.39793168391183,0.090625,Puntarenas_OTROS_Hidrometereológico
0.023023620044399687,0.7628104399719173,1265,GPD,tail,21.39793168391183,0.090625,Puntarenas_OTROS_Hidrometereológico
0.023023620044399687,0.7628104399719173,1266,GPD,tail,21.39793168391183,0.090625,Puntarenas_OTROS_Hidrometereológico
0.023023620044399687,0.7628104399719173,1267,GPD,tail,21.39793168391183,0.090625,Puntarenas_OTROS_Hidrometereológico
0.023023620044399687,0.7628104399719173,1268,GPD,tail,21.39793168391183,0.090625,Puntarenas_OTROS_Hidrometereológico
0.023023620044399687,0.7628104399719173,1269,GPD,tail,21.39793168391183,0.090625,Puntarenas_OTROS_Hidrometereológico
0.023023620044399687,0.7628104399719173,1270,GPD,tail,21.39793168391183,0.090625,Puntarenas_OTROS_Hidrometereológico
0.023023620044399687,0.7628104399719173,1271,GPD,tail,21.39793168391183,0.090625,Puntarenas_OTROS_Hidrometereológico
0.023023620044399687,0.7628104399719173,1272,GPD,tail,21.39793168391183,0.090625,Puntarenas_OTROS_Hidrometereológico
0.023023620044399687,0.7628104399719173,1273,GPD,tail,21.39793168391183,0.090625,Puntarenas_OTROS_Hidrometereológico
0.023023620044399687,0.7628104399719173,1274,GPD,tail,21.39793168391183,0.090625,Puntarenas_OTROS_Hidrometereológico
0.023023620044399687,0.7628104399719173,1275,GPD,tail,21.39793168391183,0.090625,Puntarenas_OTROS_Hidrometereológico
0.009426372417305382,0.7670980307359686,1276,GPD,tail,21.39793168391183,0.090625,Puntarenas_OTROS_Hidrometereológico
0.009426372417305382,0.7670980307359686,1277,GPD,tail,21.39793168391183,0.090625,Puntarenas_OTROS_Hidrometereológico
0.009426372417305382,0.7670980307359686,1278,GPD,tail,21.39793168391183,0.090625,Puntarenas_OTROS_Hidrometereológico
0.009426372417305382,0.7670980307359686,1279,GPD,tail,21.39793168391183,0.090625,Puntarenas_OTROS_Hidrometereológico
0.009426372417305382,0.7670980307359686,1280,GPD,tail,21.39793168391183,0.090625,Puntarenas_OTROS_Hidrometereológico
0.009426372417305382,0.7670980307359686,1281,GPD,tail,21.39793168391183,0.090625,Puntarenas_OTROS_Hidrometereológico
0.009426372417305382,0.7670980307359686,1282,GPD,tail,21.39793168391183,0.090625,Puntarenas_OTROS_Hidrometereológico
-0.003143583412849182,0.7708345363881213,1283,GPD,tail,21.39793168391183,0.090625,Puntarenas_OTROS_Hidrometereológico
-0.003143583412849182,0.7708345363881213,1284,GPD,tail,21.39793168391183,0.090625,Puntarenas_OTROS_Hidrometereológico
-0.016907785591132287,0.7966750435044714,1285,GPD,tail,21.39793168391183,0.090625,Puntarenas_OTROS_Hidrometereológico
-0.016907785591132287,0.7966750435044714,1286,GPD,tail,21.39793168391183,0.090625,Puntarenas_OTROS_Hidrometereológico
-0.016907785591132287,0.7966750435044714,1287,GPD,tail,21.39793168391183,0.090625,Puntarenas_OTROS_Hidrometereológico
-0.016907785591132287,0.7966750435044714,1288,GPD,tail,21.39793168391183,0.090625,Puntarenas_OTROS_Hidrometereológico
-0.016907785591132287,0.7966750435044714,1289,GPD,tail,21.39793168391183,0.090625,Puntarenas_OTROS_Hidrometereológico
-0.016907785591132287,0.7966750435044714,1290,GPD,tail,21.39793168391183,0.090625,Puntarenas_OTROS_Hidrometereológico
-0.016907785591132287,0.7966750435044714,1291,GPD,tail,21.39793168391183,0.090625,Puntarenas_OTROS_Hidrometereológico
-0.016907785591132287,0.7966750435044714,1292,GPD,tail,21.39793168391183,0.090625,Puntarenas_OTROS_Hidrometereológico
-0.016907785591132287,0.7966750435044714,1293,GPD,tail,21.39793168391183,0.090625,Puntarenas_OTROS_Hidrometereológico
-0.016907785591132287,0.7966750435044714,1294,GPD,tail,21.39793168391183,0.090625,Puntarenas_OTROS_Hidrometereológico
-0.016907785591132287,0.7966750435044714,1295,GPD,tail,21.39793168391183,0.090625,Puntarenas_OTROS_Hidrometereológico
-0.016907785591132287,0.7966750435044714,1296,GPD,tail,21.39793168391183,0.090625,Puntarenas_OTROS_Hidrometereológico
-0.016907785591132287,0.7966750435044714,1297,GPD,tail,21.39793168391183,0.090625,Puntarenas_OTROS_Hidrometereológico
-0.016907785591132287,0.7966750435044714,1298,GPD,tail,21.39793168391183,0.090625,Puntarenas_OTROS_Hidrometereológico
-0.016907785591132287,0.7966750435044714,1299,GPD,tail,21.39793168391183,0.090625,Puntarenas_OTROS_Hidrometereológico
-0.016907785591132287,0.7966750435044714,1300,GPD,tail,21.39793168391183,0.090625,Puntarenas_OTROS_Hidrometereológico
0.00506632808913712,0.7941692870878712,1301,GPD,tail,21.39793168391183,0.090625,Puntarenas_OTROS_Hidrometereológico
0.00506632808913712,0.7941692870878712,1302,GPD,tail,21.39793168391183,0.090625,Puntarenas_OTROS_Hidrometereológico
0.00506632808913712,0.7941692870878712,1303,GPD,tail,21.39793168391183,0.090625,Puntarenas_OTROS_Hidrometereológico
0.00506632808913712,0.7941692870878712,1304,GPD,tail,21.39793168391183,0.090625,Puntarenas_OTROS_Hidrometereológico
0.00506632808913712,0.7941692870878712,1305,GPD,tail,21.39793168391183,0.090625,Puntarenas_OTROS_Hidrometereológico
0.00506632808913712,0.7941692870878712,1306,GPD,tail,21.39793168391183,0.090625,Puntarenas_OTROS_Hidrometereológico
0.00506632808913712,0.7941692870878712,1307,GPD,tail,21.39793168391183,0.090625,Puntarenas_OTROS_Hidrometereológico
0.00506632808913712,0.7941692870878712,1308,GPD,tail,21.39793168391183,0.090625,Puntarenas_OTROS_Hidrometereológico
0.00506632808913712,0.7941692870878712,1309,GPD,tail,21.39793168391183,0.090625,Puntarenas_OTROS_Hidrometereológico
0.02479649029471429,0.8386764846652384,1310,GPD,tail,21.39793168391183,0.090625,Puntarenas_OTROS_Hidrometereológico
0.02479649029471429,0.8386764846652384,1311,GPD,tail,21.39793168391183,0.090625,Puntarenas_OTROS_Hidrometereológico
0.02479649029471429,0.8386764846652384,1312,GPD,tail,21.39793168391183,0.090625,Puntarenas_OTROS_Hidrometereológico
0.02479649029471429,0.8386764846652384,1313,GPD,tail,21.39793168391183,0.090625,Puntarenas_OTROS_Hidrometereológico
0.02479649029471429,0.8386764846652384,1314,GPD,tail,21.39793168391183,0.090625,Puntarenas_OTROS_Hidrometereológico
0.02479649029471429,0.8386764846652384,1315,GPD,tail,21.39793168391183,0.090625,Puntarenas_OTROS_Hidrometereológico
0.02479649029471429,0.8386764846652384,1316,GPD,tail,21.39793168391183,0.090625,Puntarenas_OTROS_Hidrometereológico
0.02479649029471429,0.8386764846652384,1317,GPD,tail,21.39793168391183,0.090625,Puntarenas_OTROS_Hidrometereológico
0.02479649029471429,0.8386764846652384,1318,GPD,tail,21.39793168391183,0.090625,Puntarenas_OTROS_Hidrometereológico
0.02479649029471429,0.8386764846652384,1319,GPD,tail,21.39793168391183,0.090625,Puntarenas_OTROS_Hidrometereológico
0.02479649029471429,0.8386764846652384,1320,GPD,tail,21.39793168391183,0.090625,Puntarenas_OTROS_Hidrometereológico
0.02479649029471429,0.8386764846652384,1321,GPD,tail,21.39793168391183,0.090625,Puntarenas_OTROS_Hidrometereológico
0.02479649029471429,0.8386764846652384,1322,GPD,tail,21.39793168391183,0.090625,Puntarenas_OTROS_Hidrometereológico
-0.12693646458025512,0.9960143616991852,1323,GPD,tail,21.39793168391183,0.090625,Puntarenas_OTROS_Hidrometereológico
-0.12693646458025512,0.9960143616991852,1324,GPD,tail,21.39793168391183,0.090625,Puntarenas_OTROS_Hidrometereológico
-0.12693646458025512,0.9960143616991852,1325,GPD,tail,21.39793168391183,0.090625,Puntarenas_OTROS_Hidrometereológico
-0.12693646458025512,0.9960143616991852,1326,GPD,tail,21.39793168391183,0.090625,Puntarenas_OTROS_Hidrometereológico
-0.12693646458025512,0.9960143616991852,1327,GPD,tail,21.39793168391183,0.090625,Puntarenas_OTROS_Hidrometereológico
-0.12693646458025512,0.9960143616991852,1328,GPD,tail,21.39793168391183,0.090625,Puntarenas_OTROS_Hidrometereológico
-0.12693646458025512,0.9960143616991852,1329,GPD,tail,21.39793168391183,0.090625,Puntarenas_OTROS_Hidrometereológico
-0.12693646458025512,0.9960143616991852,1330,GPD,tail,21.39793168391183,0.090625,Puntarenas_OTROS_Hidrometereológico
-0.12693646458025512,0.9960143616991852,1331,GPD,tail,21.39793168391183,0.090625,Puntarenas_OTROS_Hidrometereológico
-0.12693646458025512,0.9960143616991852,1332,GPD,tail,21.39793168391183,0.090625,Puntarenas_OTROS_Hidrometereológico
-0.12693646458025512,0.9960143616991852,1333,GPD,tail,21.39793168391183,0.090625,Puntarenas_OTROS_Hidrometereológico
-0.12693646458025512,0.9960143616991852,1334,GPD,tail,21.39793168391183,0.090625,Puntarenas_OTROS_Hidrometereológico
-0.12693646458025512,0.9960143616991852,1335,GPD,tail,21.39793168391183,0.090625,Puntarenas_OTROS_Hidrometereológico
-0.12693646458025512,0.9960143616991852,1336,GPD,tail,21.39793168391183,0.090625,Puntarenas_OTROS_Hidrometereológico
-0.12693646458025512,0.9960143616991852,1337,GPD,tail,21.39793168391183,0.090625,Puntarenas_OTROS_Hidrometereológico
-0.12693646458025512,0.9960143616991852,1338,GPD,tail,21.39793168391183,0.090625,Puntarenas_OTROS_Hidrometereológico
-0.12693646458025512,0.9960143616991852,1339,GPD,tail,21.39793168391183,0.090625,Puntarenas_OTROS_Hidrometereológico
-0.12693646458025512,0.9960143616991852,1340,GPD,tail,21.39793168391183,0.090625,Puntarenas_OTROS_Hidrometereológico
-0.12693646458025512,0.9960143616991852,1341,GPD,tail,21.39793168391183,0.090625,Puntarenas_OTROS_Hidrometereológico
-0.12693646458025512,0.9960143616991852,1342,GPD,tail,21.39793168391183,0.090625,Puntarenas_OTROS_Hidrometereológico
-0.12693646458025512,0.9960143616991852,1343,GPD,tail,21.39793168391183,0.090625,Puntarenas_OTROS_Hidrometereológico
-0.12693646458025512,0.9960143616991852,1344,GPD,tail,21.39793168391183,0.090625,Puntarenas_OTROS_Hidrometereológico
-0.12693646458025512,0.9960143616991852,1345,GPD,tail,21.39793168391183,0.090625,Puntarenas_OTROS_Hidrometereológico
-0.12693646458025512,0.9960143616991852,1346,GPD,tail,21.39793168391183,0.090625,Puntarenas_OTROS_Hidrometereológico
-0.12693646458025512,0.9960143616991852,1347,GPD,tail,21.39793168391183,0.090625,Puntarenas_OTROS_Hidrometereológico
-0.12693646458025512,0.9960143616991852,1348,GPD,tail,21.39793168391183,0.090625,Puntarenas_OTROS_Hidrometereológico
-0.12693646458025512,0.9960143616991852,1349,GPD,tail,21.39793168391183,0.090625,Puntarenas_OTROS_Hidrometereológico
-0.12693646458025512,0.9960143616991852,1350,GPD,tail,21.39793168391183,0.090625,Puntarenas_OTROS_Hidrometereológico
-0.12693646458025512,0.9960143616991852,1351,GPD,tail,21.39793168391183,0.090625,Puntarenas_OTROS_Hidrometereológico
-0.12693646458025512,0.9960143616991852,1352,GPD,tail,21.39793168391183,0.090625,Puntarenas_OTROS_Hidrometereológico
-0.12693646458025512,0.9960143616991852,1353,GPD,tail,21.39793168391183,0.090625,Puntarenas_OTROS_Hidrometereológico
-0.12693646458025512,0.9960143616991852,1354,GPD,tail,21.39793168391183,0.090625,Puntarenas_OTROS_Hidrometereológico
-0.12693646458025512,0.9960143616991852,1355,GPD,tail,21.39793168391183,0.090625,Puntarenas_OTROS_Hidrometereológico
-0.12693646458025512,0.9960143616991852,1356,GPD,tail,21.39793168391183,0.090625,Puntarenas_OTROS_Hidrometereológico
-0.12693646458025512,0.9960143616991852,1357,GPD,tail,21.39793168391183,0.090625,Puntarenas_OTROS_Hidrometereológico
-0.12693646458025512,0.9960143616991852,1358,GPD,tail,21.39793168391183,0.090625,Puntarenas_OTROS_Hidrometereológico
-0.12693646458025512,0.9960143616991852,1359,GPD,tail,21.39793168391183,0.090625,Puntarenas_OTROS_Hidrometereológico
-0.12693646458025512,0.9960143616991852,1360,GPD,tail,21.39793168391183,0.090625,Puntarenas_OTROS_Hidrometereológico
-0.12693646458025512,0.9960143616991852,1361,GPD,tail,21.39793168391183,0.090625,Puntarenas_OTROS_Hidrometereológico
-0.12693646458025512,0.9960143616991852,1362,GPD,tail,21.39793168391183,0.090625,Puntarenas_OTROS_Hidrometereológico
-0.12693646458025512,0.9960143616991852,1363,GPD,tail,21.39793168391183,0.090625,Puntarenas_OTROS_Hidrometereológico
-0.12693646458025512,0.9960143616991852,1364,GPD,tail,21.39793168391183,0.090625,Puntarenas_OTROS_Hidrometereológico
-0.12693646458025512,0.9960143616991852,1365,GPD,tail,21.39793168391183,0.090625,Puntarenas_OTROS_Hidrometereológico
-0.12693646458025512,0.9960143616991852,1366,GPD,tail,21.39793168391183,0.090625,Puntarenas_OTROS_Hidrometereológico
-0.12693646458025512,0.9960143616991852,1367,GPD,tail,21.39793168391183,0.090625,Puntarenas_OTROS_Hidrometereológico
-0.12693646458025512,0.9960143616991852,1368,GPD,tail,21.39793168391183,0.090625,Puntarenas_OTROS_Hidrometereológico
-0.12693646458025512,0.9960143616991852,1369,GPD,tail,21.39793168391183,0.090625,Puntarenas_OTROS_Hidrometereológico
-0.12693646458025512,0.9960143616991852,1370,GPD,tail,21.39793168391183,0.090625,Puntarenas_OTROS_Hidrometereológico
-0.12693646458025512,0.9960143616991852,1371,GPD,tail,21.39793168391183,0.090625,Puntarenas_OTROS_Hidrometereológico
-0.12693646458025512,0.9960143616991852,1372,GPD,tail,21.39793168391183,0.090625,Puntarenas_OTROS_Hidrometereológico
-0.12693646458025512,0.9960143616991852,1373,GPD,tail,21.39793168391183,0.090625,Puntarenas_OTROS_Hidrometereológico
-0.12693646458025512,0.9960143616991852,1374,GPD,tail,21.39793168391183,0.090625,Puntarenas_OTROS_Hidrometereológico
-0.12693646458025512,0.9960143616991852,1375,GPD,tail,21.39793168391183,0.090625,Puntarenas_OTROS_Hidrometereológico
-0.12693646458025512,0.9960143616991852,1376,GPD,tail,21.39793168391183,0.090625,Puntarenas_OTROS_Hidrometereológico
-0.12693646458025512,0.9960143616991852,1377,GPD,tail,21.39793168391183,0.090625,Puntarenas_OTROS_Hidrometereológico
-0.12693646458025512,0.9960143616991852,1378,GPD,tail,21.39793168391183,0.090625,Puntarenas_OTROS_Hidrometereológico
-0.12693646458025512,0.9960143616991852,1379,GPD,tail,21.39793168391183,0.090625,Puntarenas_OTROS_Hidrometereológico
-0.12693646458025512,0.9960143616991852,1380,GPD,tail,21.39793168391183,0.090625,Puntarenas_OTROS_Hidrometereológico
-0.12693646458025512,0.9960143616991852,1381,GPD,tail,21.39793168391183,0.090625,Puntarenas_OTROS_Hidrometereológico
-0.12693646458025512,0.9960143616991852,1382,GPD,tail,21.39793168391183,0.090625,Puntarenas_OTROS_Hidrometereológico
-0.12693646458025512,0.9960143616991852,1383,GPD,tail,21.39793168391183,0.090625,Puntarenas_OTROS_Hidrometereológico
-0.11335889883545172,0.9650283360975438,1384,GPD,tail,21.39793168391183,0.090625,Puntarenas_OTROS_Hidrometereológico
-0.11335889883545172,0.9650283360975438,1385,GPD,tail,21.39793168391183,0.090625,Puntarenas_OTROS_Hidrometereológico
-0.11335889883545172,0.9650283360975438,1386,GPD,tail,21.39793168391183,0.090625,Puntarenas_OTROS_Hidrometereológico
-0.11335889883545172,0.9650283360975438,1387,GPD,tail,21.39793168391183,0.090625,Puntarenas_OTROS_Hidrometereológico
-0.11335889883545172,0.9650283360975438,1388,GPD,tail,21.39793168391183,0.090625,Puntarenas_OTROS_Hidrometereológico
-0.11335889883545172,0.9650283360975438,1389,GPD,tail,21.39793168391183,0.090625,Puntarenas_OTROS_Hidrometereológico
-0.11335889883545172,0.9650283360975438,1390,GPD,tail,21.39793168391183,0.090625,Puntarenas_OTROS_Hidrometereológico
-0.11335889883545172,0.9650283360975438,1391,GPD,tail,21.39793168391183,0.090625,Puntarenas_OTROS_Hidrometereológico
-0.11335889883545172,0.9650283360975438,1392,GPD,tail,21.39793168391183,0.090625,Puntarenas_OTROS_Hidrometereológico
-0.11335889883545172,0.9650283360975438,1393,GPD,tail,21.39793168391183,0.090625,Puntarenas_OTROS_Hidrometereológico
-0.11335889883545172,0.9650283360975438,1394,GPD,tail,21.39793168391183,0.090625,Puntarenas_OTROS_Hidrometereológico
-0.11335889883545172,0.9650283360975438,1395,GPD,tail,21.39793168391183,0.090625,Puntarenas_OTROS_Hidrometereológico
-0.11335889883545172,0.9650283360975438,1396,GPD,tail,21.39793168391183,0.090625,Puntarenas_OTROS_Hidrometereológico
-0.11335889883545172,0.9650283360975438,1397,GPD,tail,21.39793168391183,0.090625,Puntarenas_OTROS_Hidrometereológico
-0.11335889883545172,0.9650283360975438,1398,GPD,tail,21.39793168391183,0.090625,Puntarenas_OTROS_Hidrometereológico
-0.11335889883545172,0.9650283360975438,1399,GPD,tail,21.39793168391183,0.090625,Puntarenas_OTROS_Hidrometereológico
-0.11335889883545172,0.9650283360975438,1400,GPD,tail,21.39793168391183,0.090625,Puntarenas_OTROS_Hidrometereológico
-0.11335889883545172,0.9650283360975438,1401,GPD,tail,21.39793168391183,0.090625,Puntarenas_OTROS_Hidrometereológico
-0.11335889883545172,0.9650283360975438,1402,GPD,tail,21.39793168391183,0.090625,Puntarenas_OTROS_Hidrometereológico
-0.11335889883545172,0.9650283360975438,1403,GPD,tail,21.39793168391183,0.090625,Puntarenas_OTROS_Hidrometereológico
-0.11335889883545172,0.9650283360975438,1404,GPD,tail,21.39793168391183,0.090625,Puntarenas_OTROS_Hidrometereológico
-0.15883214940016224,0.918311357829145,1405,GPD,tail,21.39793168391183,0.090625,Puntarenas_OTROS_Hidrometereológico
-0.09726812787795017,0.981779200053617,1406,GPD,tail,21.39793168391183,0.090625,Puntarenas_OTROS_Hidrometereológico
-0.09726812787795017,0.981779200053617,1407,GPD,tail,21.39793168391183,0.090625,Puntarenas_OTROS_Hidrometereológico
-0.09726812787795017,0.981779200053617,1408,GPD,tail,21.39793168391183,0.090625,Puntarenas_OTROS_Hidrometereológico
-0.09726812787795017,0.981779200053617,1409,GPD,tail,21.39793168391183,0.090625,Puntarenas_OTROS_Hidrometereológico
-0.09726812787795017,0.981779200053617,1410,GPD,tail,21.39793168391183,0.090625,Puntarenas_OTROS_Hidrometereológico
-0.09726812787795017,0.981779200053617,1411,GPD,tail,21.39793168391183,0.090625,Puntarenas_OTROS_Hidrometereológico
-0.09726812787795017,0.981779200053617,1412,GPD,tail,21.39793168391183,0.090625,Puntarenas_OTROS_Hidrometereológico
-0.09726812787795017,0.981779200053617,1413,GPD,tail,21.39793168391183,0.090625,Puntarenas_OTROS_Hidrometereológico
-0.09726812787795017,0.981779200053617,1414,GPD,tail,21.39793168391183,0.090625,Puntarenas_OTROS_Hidrometereológico
-0.09726812787795017,0.981779200053617,1415,GPD,tail,21.39793168391183,0.090625,Puntarenas_OTROS_Hidrometereológico
-0.09726812787795017,0.981779200053617,1416,GPD,tail,21.39793168391183,0.090625,Puntarenas_OTROS_Hidrometereológico
-0.09726812787795017,0.981779200053617,1417,GPD,tail,21.39793168391183,0.090625,Puntarenas_OTROS_Hidrometereológico
-0.09726812787795017,0.981779200053617,1418,GPD,tail,21.39793168391183,0.090625,Puntarenas_OTROS_Hidrometereológico
-0.09726812787795017,0.981779200053617,1419,GPD,tail,21.39793168391183,0.090625,Puntarenas_OTROS_Hidrometereológico
-0.09726812787795017,0.981779200053617,1420,GPD,tail,21.39793168391183,0.090625,Puntarenas_OTROS_Hidrometereológico
-0.09726812787795017,0.981779200053617,1421,GPD,tail,21.39793168391183,0.090625,Puntarenas_OTROS_Hidrometereológico
-0.09726812787795017,0.981779200053617,1422,GPD,tail,21.39793168391183,0.090625,Puntarenas_OTROS_Hidrometereológico
-0.09726812787795017,0.981779200053617,1423,GPD,tail,21.39793168391183,0.090625,Puntarenas_OTROS_Hidrometereológico
-0.09726812787795017,0.981779200053617,1424,GPD,tail,21.39793168391183,0.090625,Puntarenas_OTROS_Hidrometereológico
-0.013793490394973448,0.7983330997314473,1425,GPD,tail,21.39793168391183,0.090625,Puntarenas_OTROS_Hidrometereológico
-0.013793490394973448,0.7983330997314473,1426,GPD,tail,21.39793168391183,0.090625,Puntarenas_OTROS_Hidrometereológico
-0.013793490394973448,0.7983330997314473,1427,GPD,tail,21.39793168391183,0.090625,Puntarenas_OTROS_Hidrometereológico
-0.013793490394973448,0.7983330997314473,1428,GPD,tail,21.39793168391183,0.090625,Puntarenas_OTROS_Hidrometereológico
-0.013793490394973448,0.7983330997314473,1429,GPD,tail,21.39793168391183,0.090625,Puntarenas_OTROS_Hidrometereológico
-0.013793490394973448,0.7983330997314473,1430,GPD,tail,21.39793168391183,0.090625,Puntarenas_OTROS_Hidrometereológico
-0.013793490394973448,0.7983330997314473,1431,GPD,tail,21.39793168391183,0.090625,Puntarenas_OTROS_Hidrometereológico
-0.013793490394973448,0.7983330997314473,1432,GPD,tail,21.39793168391183,0.090625,Puntarenas_OTROS_Hidrometereológico
-0.013793490394973448,0.7983330997314473,1433,GPD,tail,21.39793168391183,0.090625,Puntarenas_OTROS_Hidrometereológico
-0.013793490394973448,0.7983330997314473,1434,GPD,tail,21.39793168391183,0.090625,Puntarenas_OTROS_Hidrometereológico
-0.013793490394973448,0.7983330997314473,1435,GPD,tail,21.39793168391183,0.090625,Puntarenas_OTROS_Hidrometereológico
-0.013793490394973448,0.7983330997314473,1436,GPD,tail,21.39793168391183,0.090625,Puntarenas_OTROS_Hidrometereológico
-0.013793490394973448,0.7983330997314473,1437,GPD,tail,21.39793168391183,0.090625,Puntarenas_OTROS_Hidrometereológico
-0.013793490394973448,0.7983330997314473,1438,GPD,tail,21.39793168391183,0.090625,Puntarenas_OTROS_Hidrometereológico
-0.013793490394973448,0.7983330997314473,1439,GPD,tail,21.39793168391183,0.090625,Puntarenas_OTROS_Hidrometereológico
-0.013793490394973448,0.7983330997314473,1440,GPD,tail,21.39793168391183,0.090625,Puntarenas_OTROS_Hidrometereológico
-0.013793490394973448,0.7983330997314473,1441,GPD,tail,21.39793168391183,0.090625,Puntarenas_OTROS_Hidrometereológico
-0.013793490394973448,0.7983330997314473,1442,GPD,tail,21.39793168391183,0.090625,Puntarenas_OTROS_Hidrometereológico
-0.013793490394973448,0.7983330997314473,1443,GPD,tail,21.39793168391183,0.090625,Puntarenas_OTROS_Hidrometereológico
-0.013793490394973448,0.7983330997314473,1444,GPD,tail,21.39793168391183,0.090625,Puntarenas_OTROS_Hidrometereológico
-0.013793490394973448,0.7983330997314473,1445,GPD,tail,21.39793168391183,0.090625,Puntarenas_OTROS_Hidrometereológico
-0.013793490394973448,0.7983330997314473,1446,GPD,tail,21.39793168391183,0.090625,Puntarenas_OTROS_Hidrometereológico
-0.013793490394973448,0.7983330997314473,1447,GPD,tail,21.39793168391183,0.090625,Puntarenas_OTROS_Hidrometereológico
-0.013793490394973448,0.7983330997314473,1448,GPD,tail,21.39793168391183,0.090625,Puntarenas_OTROS_Hidrometereológico
-0.013793490394973448,0.7983330997314473,1449,GPD,tail,21.39793168391183,0.090625,Puntarenas_OTROS_Hidrometereológico
-0.013793490394973448,0.7983330997314473,1450,GPD,tail,21.39793168391183,0.090625,Puntarenas_OTROS_Hidrometereológico
-0.013793490394973448,0.7983330997314473,1451,GPD,tail,21.39793168391183,0.090625,Puntarenas_OTROS_Hidrometereológico
-0.013793490394973448,0.7983330997314473,1452,GPD,tail,21.39793168391183,0.090625,Puntarenas_OTROS_Hidrometereológico
-0.013793490394973448,0.7983330997314473,1453,GPD,tail,21.39793168391183,0.090625,Puntarenas_OTROS_Hidrometereológico
-0.0595798574300336,0.9366570983851527,1454,GPD,tail,21.39793168391183,0.090625,Puntarenas_OTROS_Hidrometereológico
-0.0595798574300336,0.9366570983851527,1455,GPD,tail,21.39793168391183,0.090625,Puntarenas_OTROS_Hidrometereológico
-0.0595798574300336,0.9366570983851527,1456,GPD,tail,21.39793168391183,0.090625,Puntarenas_OTROS_Hidrometereológico
-0.0595798574300336,0.9366570983851527,1457,GPD,tail,21.39793168391183,0.090625,Puntarenas_OTROS_Hidrometereológico
-0.0595798574300336,0.9366570983851527,1458,GPD,tail,21.39793168391183,0.090625,Puntarenas_OTROS_Hidrometereológico
-0.0595798574300336,0.9366570983851527,1459,GPD,tail,21.39793168391183,0.090625,Puntarenas_OTROS_Hidrometereológico
-0.0595798574300336,0.9366570983851527,1460,GPD,tail,21.39793168391183,0.090625,Puntarenas_OTROS_Hidrometereológico
-0.0595798574300336,0.9366570983851527,1461,GPD,tail,21.39793168391183,0.090625,Puntarenas_OTROS_Hidrometereológico
-0.0595798574300336,0.9366570983851527,1462,GPD,tail,21.39793168391183,0.090625,Puntarenas_OTROS_Hidrometereológico
-0.0595798574300336,0.9366570983851527,1463,GPD,tail,21.39793168391183,0.090625,Puntarenas_OTROS_Hidrometereológico
-0.0595798574300336,0.9366570983851527,1464,GPD,tail,21.39793168391183,0.090625,Puntarenas_OTROS_Hidrometereológico
-0.0595798574300336,0.9366570983851527,1465,GPD,tail,21.39793168391183,0.090625,Puntarenas_OTROS_Hidrometereológico
-0.0595798574300336,0.9366570983851527,1466,GPD,tail,21.39793168391183,0.090625,Puntarenas_OTROS_Hidrometereológico
-0.0595798574300336,0.9366570983851527,1467,GPD,tail,21.39793168391183,0.090625,Puntarenas_OTROS_Hidrometereológico
-0.0595798574300336,0.9366570983851527,1468,GPD,tail,21.39793168391183,0.090625,Puntarenas_OTROS_Hidrometereológico
-0.0595798574300336,0.9366570983851527,1469,GPD,tail,21.39793168391183,0.090625,Puntarenas_OTROS_Hidrometereológico
-0.0595798574300336,0.9366570983851527,1470,GPD,tail,21.39793168391183,0.090625,Puntarenas_OTROS_Hidrometereológico
-0.0595798574300336,0.9366570983851527,1471,GPD,tail,21.39793168391183,0.090625,Puntarenas_OTROS_Hidrometereológico
-0.0595798574300336,0.9366570983851527,1472,GPD,tail,21.39793168391183,0.090625,Puntarenas_OTROS_Hidrometereológico
-0.0595798574300336,0.9366570983851527,1473,GPD,tail,21.39793168391183,0.090625,Puntarenas_OTROS_Hidrometereológico
-0.10700633509308258,1.0481803664015958,1474,GPD,tail,21.39793168391183,0.090625,Puntarenas_OTROS_Hidrometereológico
-0.10700633509308258,1.0481803664015958,1475,GPD,tail,21.39793168391183,0.090625,Puntarenas_OTROS_Hidrometereológico
-0.10700633509308258,1.0481803664015958,1476,GPD,tail,21.39793168391183,0.090625,Puntarenas_OTROS_Hidrometereológico
-0.10700633509308258,1.0481803664015958,1477,GPD,tail,21.39793168391183,0.090625,Puntarenas_OTROS_Hidrometereológico
-0.10700633509308258,1.0481803664015958,1478,GPD,tail,21.39793168391183,0.090625,Puntarenas_OTROS_Hidrometereológico
-0.10700633509308258,1.0481803664015958,1479,GPD,tail,21.39793168391183,0.090625,Puntarenas_OTROS_Hidrometereológico
-0.10700633509308258,1.0481803664015958,1480,GPD,tail,21.39793168391183,0.090625,Puntarenas_OTROS_Hidrometereológico
-0.10700633509308258,1.0481803664015958,1481,GPD,tail,21.39793168391183,0.090625,Puntarenas_OTROS_Hidrometereológico
-0.10700633509308258,1.0481803664015958,1482,GPD,tail,21.39793168391183,0.090625,Puntarenas_OTROS_Hidrometereológico
-0.10700633509308258,1.0481803664015958,1483,GPD,tail,21.39793168391183,0.090625,Puntarenas_OTROS_Hidrometereológico
-0.0839398404503936,0.8131240346952451,1484,GPD,tail,21.39793168391183,0.090625,Puntarenas_OTROS_Hidrometereológico
-0.0839398404503936,0.8131240346952451,1485,GPD,tail,21.39793168391183,0.090625,Puntarenas_OTROS_Hidrometereológico
-0.0839398404503936,0.8131240346952451,1486,GPD,tail,21.39793168391183,0.090625,Puntarenas_OTROS_Hidrometereológico
-0.0839398404503936,0.8131240346952451,1487,GPD,tail,21.39793168391183,0.090625,Puntarenas_OTROS_Hidrometereológico
-0.0839398404503936,0.8131240346952451,1488,GPD,tail,21.39793168391183,0.090625,Puntarenas_OTROS_Hidrometereológico
-0.0839398404503936,0.8131240346952451,1489,GPD,tail,21.39793168391183,0.090625,Puntarenas_OTROS_Hidrometereológico
-0.0839398404503936,0.8131240346952451,1490,GPD,tail,21.39793168391183,0.090625,Puntarenas_OTROS_Hidrometereológico
-0.0839398404503936,0.8131240346952451,1491,GPD,tail,21.39793168391183,0.090625,Puntarenas_OTROS_Hidrometereológico
-0.0839398404503936,0.8131240346952451,1492,GPD,tail,21.39793168391183,0.090625,Puntarenas_OTROS_Hidrometereológico
-0.0839398404503936,0.8131240346952451,1493,GPD,tail,21.39793168391183,0.090625,Puntarenas_OTROS_Hidrometereológico
-0.0839398404503936,0.8131240346952451,1494,GPD,tail,21.39793168391183,0.090625,Puntarenas_OTROS_Hidrometereológico
-0.0839398404503936,0.8131240346952451,1495,GPD,tail,21.39793168391183,0.090625,Puntarenas_OTROS_Hidrometereológico
-0.0839398404503936,0.8131240346952451,1496,GPD,tail,21.39793168391183,0.090625,Puntarenas_OTROS_Hidrometereológico
-0.15684047622264324,1.0488159603915348,1497,GPD,tail,21.39793168391183,0.090625,Puntarenas_OTROS_Hidrometereológico
0.04897851959478214,0.8098504648387914,1498,GPD,tail,21.39793168391183,0.090625,Puntarenas_OTROS_Hidrometereológico
0.04897851959478214,0.8098504648387914,1499,GPD,tail,21.39793168391183,0.090625,Puntarenas_OTROS_Hidrometereológico
0.10192568077305757,0.7423508599201722,1500,GPD,tail,21.39793168391183,0.090625,Puntarenas_OTROS_Hidrometereológico
0.10192568077305757,0.7423508599201722,1501,GPD,tail,21.39793168391183,0.090625,Puntarenas_OTROS_Hidrometereológico
-0.032266685840132994,0.7450114891969135,1502,GPD,tail,21.39793168391183,0.090625,Puntarenas_OTROS_Hidrometereológico
-0.032266685840132994,0.7450114891969135,1503,GPD,tail,21.39793168391183,0.090625,Puntarenas_OTROS_Hidrometereológico
-0.032266685840132994,0.7450114891969135,1504,GPD,tail,21.39793168391183,0.090625,Puntarenas_OTROS_Hidrometereológico
-0.032266685840132994,0.7450114891969135,1505,GPD,tail,21.39793168391183,0.090625,Puntarenas_OTROS_Hidrometereológico
-0.032266685840132994,0.7450114891969135,1506,GPD,tail,21.39793168391183,0.090625,Puntarenas_OTROS_Hidrometereológico
-0.032266685840132994,0.7450114891969135,1507,GPD,tail,21.39793168391183,0.090625,Puntarenas_OTROS_Hidrometereológico
-0.032266685840132994,0.7450114891969135,1508,GPD,tail,21.39793168391183,0.090625,Puntarenas_OTROS_Hidrometereológico
-0.032266685840132994,0.7450114891969135,1509,GPD,tail,21.39793168391183,0.090625,Puntarenas_OTROS_Hidrometereológico
-0.032266685840132994,0.7450114891969135,1510,GPD,tail,21.39793168391183,0.090625,Puntarenas_OTROS_Hidrometereológico
-0.032266685840132994,0.7450114891969135,1511,GPD,tail,21.39793168391183,0.090625,Puntarenas_OTROS_Hidrometereológico
-0.032266685840132994,0.7450114891969135,1512,GPD,tail,21.39793168391183,0.090625,Puntarenas_OTROS_Hidrometereológico
-0.032266685840132994,0.7450114891969135,1513,GPD,tail,21.39793168391183,0.090625,Puntarenas_OTROS_Hidrometereológico
-0.032266685840132994,0.7450114891969135,1514,GPD,tail,21.39793168391183,0.090625,Puntarenas_OTROS_Hidrometereológico
-0.032266685840132994,0.7450114891969135,1515,GPD,tail,21.39793168391183,0.090625,Puntarenas_OTROS_Hidrometereológico
-0.032266685840132994,0.7450114891969135,1516,GPD,tail,21.39793168391183,0.090625,Puntarenas_OTROS_Hidrometereológico
-0.05271763019287537,0.8514391497510532,1517,GPD,tail,21.39793168391183,0.090625,Puntarenas_OTROS_Hidrometereológico
-0.05271763019287537,0.8514391497510532,1518,GPD,tail,21.39793168391183,0.090625,Puntarenas_OTROS_Hidrometereológico
-0.05271763019287537,0.8514391497510532,1519,GPD,tail,21.39793168391183,0.090625,Puntarenas_OTROS_Hidrometereológico
-0.05271763019287537,0.8514391497510532,1520,GPD,tail,21.39793168391183,0.090625,Puntarenas_OTROS_Hidrometereológico
-0.05271763019287537,0.8514391497510532,1521,GPD,tail,21.39793168391183,0.090625,Puntarenas_OTROS_Hidrometereológico
-0.05271763019287537,0.8514391497510532,1522,GPD,tail,21.39793168391183,0.090625,Puntarenas_OTROS_Hidrometereológico
-0.05271763019287537,0.8514391497510532,1523,GPD,tail,21.39793168391183,0.090625,Puntarenas_OTROS_Hidrometereológico
-0.05271763019287537,0.8514391497510532,1524,GPD,tail,21.39793168391183,0.090625,Puntarenas_OTROS_Hidrometereológico
-0.05271763019287537,0.8514391497510532,1525,GPD,tail,21.39793168391183,0.090625,Puntarenas_OTROS_Hidrometereológico
-0.05271763019287537,0.8514391497510532,1526,GPD,tail,21.39793168391183,0.090625,Puntarenas_OTROS_Hidrometereológico
-0.05271763019287537,0.8514391497510532,1527,GPD,tail,21.39793168391183,0.090625,Puntarenas_OTROS_Hidrometereológico
-0.05271763019287537,0.8514391497510532,1528,GPD,tail,21.39793168391183,0.090625,Puntarenas_OTROS_Hidrometereológico
-0.05271763019287537,0.8514391497510532,1529,GPD,tail,21.39793168391183,0.090625,Puntarenas_OTROS_Hidrometereológico
-0.05271763019287537,0.8514391497510532,1530,GPD,tail,21.39793168391183,0.090625,Puntarenas_OTROS_Hidrometereológico
-0.05271763019287537,0.8514391497510532,1531,GPD,tail,21.39793168391183,0.090625,Puntarenas_OTROS_Hidrometereológico
-0.05271763019287537,0.8514391497510532,1532,GPD,tail,21.39793168391183,0.090625,Puntarenas_OTROS_Hidrometereológico
-0.05271763019287537,0.8514391497510532,1533,GPD,tail,21.39793168391183,0.090625,Puntarenas_OTROS_Hidrometereológico
-0.05271763019287537,0.8514391497510532,1534,GPD,tail,21.39793168391183,0.090625,Puntarenas_OTROS_Hidrometereológico
-0.05271763019287537,0.8514391497510532,1535,GPD,tail,21.39793168391183,0.090625,Puntarenas_OTROS_Hidrometereológico
-0.05271763019287537,0.8514391497510532,1536,GPD,tail,21.39793168391183,0.090625,Puntarenas_OTROS_Hidrometereológico
-0.05271763019287537,0.8514391497510532,1537,GPD,tail,21.39793168391183,0.090625,Puntarenas_OTROS_Hidrometereológico
-0.05271763019287537,0.8514391497510532,1538,GPD,tail,21.39793168391183,0.090625,Puntarenas_OTROS_Hidrometereológico
-0.05271763019287537,0.8514391497510532,1539,GPD,tail,21.39793168391183,0.090625,Puntarenas_OTROS_Hidrometereológico
-0.05271763019287537,0.8514391497510532,1540,GPD,tail,21.39793168391183,0.090625,Puntarenas_OTROS_Hidrometereológico
-0.05271763019287537,0.8514391497510532,1541,GPD,tail,21.39793168391183,0.090625,Puntarenas_OTROS_Hidrometereológico
-0.05271763019287537,0.8514391497510532,1542,GPD,tail,21.39793168391183,0.090625,Puntarenas_OTROS_Hidrometereológico
0.06548935683986112,0.7622108549286596,1543,GPD,tail,21.39793168391183,0.090625,Puntarenas_OTROS_Hidrometereológico
0.06548935683986112,0.7622108549286596,1544,GPD,tail,21.39793168391183,0.090625,Puntarenas_OTROS_Hidrometereológico
0.06548935683986112,0.7622108549286596,1545,GPD,tail,21.39793168391183,0.090625,Puntarenas_OTROS_Hidrometereológico
0.06548935683986112,0.7622108549286596,1546,GPD,tail,21.39793168391183,0.090625,Puntarenas_OTROS_Hidrometereológico
0.06548935683986112,0.7622108549286596,1547,GPD,tail,21.39793168391183,0.090625,Puntarenas_OTROS_Hidrometereológico
0.06548935683986112,0.7622108549286596,1548,GPD,tail,21.39793168391183,0.090625,Puntarenas_OTROS_Hidrometereológico
0.06548935683986112,0.7622108549286596,1549,GPD,tail,21.39793168391183,0.090625,Puntarenas_OTROS_Hidrometereológico
0.06548935683986112,0.7622108549286596,1550,GPD,tail,21.39793168391183,0.090625,Puntarenas_OTROS_Hidrometereológico
0.06548935683986112,0.7622108549286596,1551,GPD,tail,21.39793168391183,0.090625,Puntarenas_OTROS_Hidrometereológico
0.06548935683986112,0.7622108549286596,1552,GPD,tail,21.39793168391183,0.090625,Puntarenas_OTROS_Hidrometereológico
0.06548935683986112,0.7622108549286596,1553,GPD,tail,21.39793168391183,0.090625,Puntarenas_OTROS_Hidrometereológico
0.013174490231585421,0.7327434218995662,1554,GPD,tail,21.39793168391183,0.090625,Puntarenas_OTROS_Hidrometereológico
-0.0866618190364343,1.0234428885432134,1555,GPD,tail,21.39793168391183,0.090625,Puntarenas_OTROS_Hidrometereológico
-0.0866618190364343,1.0234428885432134,1556,GPD,tail,21.39793168391183,0.090625,Puntarenas_OTROS_Hidrometereológico
-0.0866618190364343,1.0234428885432134,1557,GPD,tail,21.39793168391183,0.090625,Puntarenas_OTROS_Hidrometereológico
-0.0866618190364343,1.0234428885432134,1558,GPD,tail,21.39793168391183,0.090625,Puntarenas_OTROS_Hidrometereológico
-0.0866618190364343,1.0234428885432134,1559,GPD,tail,21.39793168391183,0.090625,Puntarenas_OTROS_Hidrometereológico
-0.0866618190364343,1.0234428885432134,1560,GPD,tail,21.39793168391183,0.090625,Puntarenas_OTROS_Hidrometereológico
-0.07552996017241809,0.8137331908815754,1561,GPD,tail,21.39793168391183,0.090625,Puntarenas_OTROS_Hidrometereológico
-0.07552996017241809,0.8137331908815754,1562,GPD,tail,21.39793168391183,0.090625,Puntarenas_OTROS_Hidrometereológico
-0.07552996017241809,0.8137331908815754,1563,GPD,tail,21.39793168391183,0.090625,Puntarenas_OTROS_Hidrometereológico
-0.07552996017241809,0.8137331908815754,1564,GPD,tail,21.39793168391183,0.090625,Puntarenas_OTROS_Hidrometereológico
-0.07552996017241809,0.8137331908815754,1565,GPD,tail,21.39793168391183,0.090625,Puntarenas_OTROS_Hidrometereológico
-0.07552996017241809,0.8137331908815754,1566,GPD,tail,21.39793168391183,0.090625,Puntarenas_OTROS_Hidrometereológico
-0.07552996017241809,0.8137331908815754,1567,GPD,tail,21.39793168391183,0.090625,Puntarenas_OTROS_Hidrometereológico
-0.07552996017241809,0.8137331908815754,1568,GPD,tail,21.39793168391183,0.090625,Puntarenas_OTROS_Hidrometereológico
-0.07552996017241809,0.8137331908815754,1569,GPD,tail,21.39793168391183,0.090625,Puntarenas_OTROS_Hidrometereológico
-0.04645593735812232,0.7895988993574917,1570,GPD,tail,21.39793168391183,0.090625,Puntarenas_OTROS_Hidrometereológico
-0.04645593735812232,0.7895988993574917,1571,GPD,tail,21.39793168391183,0.090625,Puntarenas_OTROS_Hidrometereológico
-0.04645593735812232,0.7895988993574917,1572,GPD,tail,21.39793168391183,0.090625,Puntarenas_OTROS_Hidrometereológico
-0.04645593735812232,0.7895988993574917,1573,GPD,tail,21.39793168391183,0.090625,Puntarenas_OTROS_Hidrometereológico
-0.04645593735812232,0.7895988993574917,1574,GPD,tail,21.39793168391183,0.090625,Puntarenas_OTROS_Hidrometereológico
-0.04645593735812232,0.7895988993574917,1575,GPD,tail,21.39793168391183,0.090625,Puntarenas_OTROS_Hidrometereológico
-0.04645593735812232,0.7895988993574917,1576,GPD,tail,21.39793168391183,0.090625,Puntarenas_OTROS_Hidrometereológico
-0.04645593735812232,0.7895988993574917,1577,GPD,tail,21.39793168391183,0.090625,Puntarenas_OTROS_Hidrometereológico
-0.04645593735812232,0.7895988993574917,1578,GPD,tail,21.39793168391183,0.090625,Puntarenas_OTROS_Hidrometereológico
-0.04645593735812232,0.7895988993574917,1579,GPD,tail,21.39793168391183,0.090625,Puntarenas_OTROS_Hidrometereológico
-0.04645593735812232,0.7895988993574917,1580,GPD,tail,21.39793168391183,0.090625,Puntarenas_OTROS_Hidrometereológico
-0.04645593735812232,0.7895988993574917,1581,GPD,tail,21.39793168391183,0.090625,Puntarenas_OTROS_Hidrometereológico
-0.04645593735812232,0.7895988993574917,1582,GPD,tail,21.39793168391183,0.090625,Puntarenas_OTROS_Hidrometereológico
-0.04645593735812232,0.7895988993574917,1583,GPD,tail,21.39793168391183,0.090625,Puntarenas_OTROS_Hidrometereológico
-0.04645593735812232,0.7895988993574917,1584,GPD,tail,21.39793168391183,0.090625,Puntarenas_OTROS_Hidrometereológico
0.0002247787161811371,0.8099636580317466,1585,GPD,tail,21.39793168391183,0.090625,Puntarenas_OTROS_Hidrometereológico
0.0002247787161811371,0.8099636580317466,1586,GPD,tail,21.39793168391183,0.090625,Puntarenas_OTROS_Hidrometereológico
0.0002247787161811371,0.8099636580317466,1587,GPD,tail,21.39793168391183,0.090625,Puntarenas_OTROS_Hidrometereológico
0.0002247787161811371,0.8099636580317466,1588,GPD,tail,21.39793168391183,0.090625,Puntarenas_OTROS_Hidrometereológico
0.0002247787161811371,0.8099636580317466,1589,GPD,tail,21.39793168391183,0.090625,Puntarenas_OTROS_Hidrometereológico
0.0002247787161811371,0.8099636580317466,1590,GPD,tail,21.39793168391183,0.090625,Puntarenas_OTROS_Hidrometereológico
0.0002247787161811371,0.8099636580317466,1591,GPD,tail,21.39793168391183,0.090625,Puntarenas_OTROS_Hidrometereológico
0.0002247787161811371,0.8099636580317466,1592,GPD,tail,21.39793168391183,0.090625,Puntarenas_OTROS_Hidrometereológico
0.0002247787161811371,0.8099636580317466,1593,GPD,tail,21.39793168391183,0.090625,Puntarenas_OTROS_Hidrometereológico
0.0002247787161811371,0.8099636580317466,1594,GPD,tail,21.39793168391183,0.090625,Puntarenas_OTROS_Hidrometereológico
0.0002247787161811371,0.8099636580317466,1595,GPD,tail,21.39793168391183,0.090625,Puntarenas_OTROS_Hidrometereológico
0.0002247787161811371,0.8099636580317466,1596,GPD,tail,21.39793168391183,0.090625,Puntarenas_OTROS_Hidrometereológico
0.0002247787161811371,0.8099636580317466,1597,GPD,tail,21.39793168391183,0.090625,Puntarenas_OTROS_Hidrometereológico
0.0002247787161811371,0.8099636580317466,1598,GPD,tail,21.39793168391183,0.090625,Puntarenas_OTROS_Hidrometereológico
0.0002247787161811371,0.8099636580317466,1599,GPD,tail,21.39793168391183,0.090625,Puntarenas_OTROS_Hidrometereológico
0.0002247787161811371,0.8099636580317466,1600,GPD,tail,21.39793168391183,0.090625,Puntarenas_OTROS_Hidrometereológico
0.0002247787161811371,0.8099636580317466,1601,GPD,tail,21.39793168391183,0.090625,Puntarenas_OTROS_Hidrometereológico
0.0002247787161811371,0.8099636580317466,1602,GPD,tail,21.39793168391183,0.090625,Puntarenas_OTROS_Hidrometereológico
0.0002247787161811371,0.8099636580317466,1603,GPD,tail,21.39793168391183,0.090625,Puntarenas_OTROS_Hidrometereológico
0.0002247787161811371,0.8099636580317466,1604,GPD,tail,21.39793168391183,0.090625,Puntarenas_OTROS_Hidrometereológico
0.0002247787161811371,0.8099636580317466,1605,GPD,tail,21.39793168391183,0.090625,Puntarenas_OTROS_Hidrometereológico
0.0002247787161811371,0.8099636580317466,1606,GPD,tail,21.39793168391183,0.090625,Puntarenas_OTROS_Hidrometereológico
0.0002247787161811371,0.8099636580317466,1607,GPD,tail,21.39793168391183,0.090625,Puntarenas_OTROS_Hidrometereológico
-0.07863424913526179,0.9303857508375543,1608,GPD,tail,21.39793168391183,0.090625,Puntarenas_OTROS_Hidrometereológico
-0.07863424913526179,0.9303857508375543,1609,GPD,tail,21.39793168391183,0.090625,Puntarenas_OTROS_Hidrometereológico
-0.07863424913526179,0.9303857508375543,1610,GPD,tail,21.39793168391183,0.090625,Puntarenas_OTROS_Hidrometereológico
-0.1054967023132764,0.9730763210356403,1611,GPD,tail,21.39793168391183,0.090625,Puntarenas_OTROS_Hidrometereológico
-0.1054967023132764,0.9730763210356403,1612,GPD,tail,21.39793168391183,0.090625,Puntarenas_OTROS_Hidrometereológico
-0.09202273575357285,0.931781599331927,1613,GPD,tail,21.39793168391183,0.090625,Puntarenas_OTROS_Hidrometereológico
-0.09202273575357285,0.931781599331927,1614,GPD,tail,21.39793168391183,0.090625,Puntarenas_OTROS_Hidrometereológico
-0.09202273575357285,0.931781599331927,1615,GPD,tail,21.39793168391183,0.090625,Puntarenas_OTROS_Hidrometereológico
-0.09202273575357285,0.931781599331927,1616,GPD,tail,21.39793168391183,0.090625,Puntarenas_OTROS_Hidrometereológico
-0.09202273575357285,0.931781599331927,1617,GPD,tail,21.39793168391183,0.090625,Puntarenas_OTROS_Hidrometereológico
-0.10141824356966986,0.8727950435724905,1618,GPD,tail,21.39793168391183,0.090625,Puntarenas_OTROS_Hidrometereológico
-0.10141824356966986,0.8727950435724905,1619,GPD,tail,21.39793168391183,0.090625,Puntarenas_OTROS_Hidrometereológico
-0.10141824356966986,0.8727950435724905,1620,GPD,tail,21.39793168391183,0.090625,Puntarenas_OTROS_Hidrometereológico
-0.10141824356966986,0.8727950435724905,1621,GPD,tail,21.39793168391183,0.090625,Puntarenas_OTROS_Hidrometereológico
-0.10141824356966986,0.8727950435724905,1622,GPD,tail,21.39793168391183,0.090625,Puntarenas_OTROS_Hidrometereológico
-0.10141824356966986,0.8727950435724905,1623,GPD,tail,21.39793168391183,0.090625,Puntarenas_OTROS_Hidrometereológico
-0.10141824356966986,0.8727950435724905,1624,GPD,tail,21.39793168391183,0.090625,Puntarenas_OTROS_Hidrometereológico
-0.10141824356966986,0.8727950435724905,1625,GPD,tail,21.39793168391183,0.090625,Puntarenas_OTROS_Hidrometereológico
-0.10141824356966986,0.8727950435724905,1626,GPD,tail,21.39793168391183,0.090625,Puntarenas_OTROS_Hidrometereológico
-0.10141824356966986,0.8727950435724905,1627,GPD,tail,21.39793168391183,0.090625,Puntarenas_OTROS_Hidrometereológico
-0.10141824356966986,0.8727950435724905,1628,GPD,tail,21.39793168391183,0.090625,Puntarenas_OTROS_Hidrometereológico
-0.10141824356966986,0.8727950435724905,1629,GPD,tail,21.39793168391183,0.090625,Puntarenas_OTROS_Hidrometereológico
-0.10141824356966986,0.8727950435724905,1630,GPD,tail,21.39793168391183,0.090625,Puntarenas_OTROS_Hidrometereológico
-0.10141824356966986,0.8727950435724905,1631,GPD,tail,21.39793168391183,0.090625,Puntarenas_OTROS_Hidrometereológico
-0.10141824356966986,0.8727950435724905,1632,GPD,tail,21.39793168391183,0.090625,Puntarenas_OTROS_Hidrometereológico
-0.10141824356966986,0.8727950435724905,1633,GPD,tail,21.39793168391183,0.090625,Puntarenas_OTROS_Hidrometereológico
-0.10141824356966986,0.8727950435724905,1634,GPD,tail,21.39793168391183,0.090625,Puntarenas_OTROS_Hidrometereológico
-0.10141824356966986,0.8727950435724905,1635,GPD,tail,21.39793168391183,0.090625,Puntarenas_OTROS_Hidrometereológico
-0.10141824356966986,0.8727950435724905,1636,GPD,tail,21.39793168391183,0.090625,Puntarenas_OTROS_Hidrometereológico
-0.10141824356966986,0.8727950435724905,1637,GPD,tail,21.39793168391183,0.090625,Puntarenas_OTROS_Hidrometereológico
-0.10141824356966986,0.8727950435724905,1638,GPD,tail,21.39793168391183,0.090625,Puntarenas_OTROS_Hidrometereológico
-0.10141824356966986,0.8727950435724905,1639,GPD,tail,21.39793168391183,0.090625,Puntarenas_OTROS_Hidrometereológico
-0.10141824356966986,0.8727950435724905,1640,GPD,tail,21.39793168391183,0.090625,Puntarenas_OTROS_Hidrometereológico
-0.10141824356966986,0.8727950435724905,1641,GPD,tail,21.39793168391183,0.090625,Puntarenas_OTROS_Hidrometereológico
-0.10141824356966986,0.8727950435724905,1642,GPD,tail,21.39793168391183,0.090625,Puntarenas_OTROS_Hidrometereológico
-0.10141824356966986,0.8727950435724905,1643,GPD,tail,21.39793168391183,0.090625,Puntarenas_OTROS_Hidrometereológico
-0.10141824356966986,0.8727950435724905,1644,GPD,tail,21.39793168391183,0.090625,Puntarenas_OTROS_Hidrometereológico
-0.10141824356966986,0.8727950435724905,1645,GPD,tail,21.39793168391183,0.090625,Puntarenas_OTROS_Hidrometereológico
-0.10141824356966986,0.8727950435724905,1646,GPD,tail,21.39793168391183,0.090625,Puntarenas_OTROS_Hidrometereológico
-0.10141824356966986,0.8727950435724905,1647,GPD,tail,21.39793168391183,0.090625,Puntarenas_OTROS_Hidrometereológico
-0.10141824356966986,0.8727950435724905,1648,GPD,tail,21.39793168391183,0.090625,Puntarenas_OTROS_Hidrometereológico
-0.10141824356966986,0.8727950435724905,1649,GPD,tail,21.39793168391183,0.090625,Puntarenas_OTROS_Hidrometereológico
-0.10141824356966986,0.8727950435724905,1650,GPD,tail,21.39793168391183,0.090625,Puntarenas_OTROS_Hidrometereológico
-0.10141824356966986,0.8727950435724905,1651,GPD,tail,21.39793168391183,0.090625,Puntarenas_OTROS_Hidrometereológico
-0.10141824356966986,0.8727950435724905,1652,GPD,tail,21.39793168391183,0.090625,Puntarenas_OTROS_Hidrometereológico
-0.10141824356966986,0.8727950435724905,1653,GPD,tail,21.39793168391183,0.090625,Puntarenas_OTROS_Hidrometereológico
-0.10141824356966986,0.8727950435724905,1654,GPD,tail,21.39793168391183,0.090625,Puntarenas_OTROS_Hidrometereológico
-0.06661672430696997,0.7890920706827572,1655,GPD,tail,21.39793168391183,0.090625,Puntarenas_OTROS_Hidrometereológico
-0.06661672430696997,0.7890920706827572,1656,GPD,tail,21.39793168391183,0.090625,Puntarenas_OTROS_Hidrometereológico
-0.06661672430696997,0.7890920706827572,1657,GPD,tail,21.39793168391183,0.090625,Puntarenas_OTROS_Hidrometereológico
-0.06661672430696997,0.7890920706827572,1658,GPD,tail,21.39793168391183,0.090625,Puntarenas_OTROS_Hidrometereológico
-0.06661672430696997,0.7890920706827572,1659,GPD,tail,21.39793168391183,0.090625,Puntarenas_OTROS_Hidrometereológico
-0.06661672430696997,0.7890920706827572,1660,GPD,tail,21.39793168391183,0.090625,Puntarenas_OTROS_Hidrometereológico
-0.06661672430696997,0.7890920706827572,1661,GPD,tail,21.39793168391183,0.090625,Puntarenas_OTROS_Hidrometereológico
-0.06661672430696997,0.7890920706827572,1662,GPD,tail,21.39793168391183,0.090625,Puntarenas_OTROS_Hidrometereológico
-0.06661672430696997,0.7890920706827572,1663,GPD,tail,21.39793168391183,0.090625,Puntarenas_OTROS_Hidrometereológico
-0.06661672430696997,0.7890920706827572,1664,GPD,tail,21.39793168391183,0.090625,Puntarenas_OTROS_Hidrometereológico
-0.06661672430696997,0.7890920706827572,1665,GPD,tail,21.39793168391183,0.090625,Puntarenas_OTROS_Hidrometereológico
-0.06661672430696997,0.7890920706827572,1666,GPD,tail,21.39793168391183,0.090625,Puntarenas_OTROS_Hidrometereológico
-0.06661672430696997,0.7890920706827572,1667,GPD,tail,21.39793168391183,0.090625,Puntarenas_OTROS_Hidrometereológico
-0.06661672430696997,0.7890920706827572,1668,GPD,tail,21.39793168391183,0.090625,Puntarenas_OTROS_Hidrometereológico
-0.06661672430696997,0.7890920706827572,1669,GPD,tail,21.39793168391183,0.090625,Puntarenas_OTROS_Hidrometereológico
-0.06661672430696997,0.7890920706827572,1670,GPD,tail,21.39793168391183,0.090625,Puntarenas_OTROS_Hidrometereológico
-0.06661672430696997,0.7890920706827572,1671,GPD,tail,21.39793168391183,0.090625,Puntarenas_OTROS_Hidrometereológico
-0.06661672430696997,0.7890920706827572,1672,GPD,tail,21.39793168391183,0.090625,Puntarenas_OTROS_Hidrometereológico
-0.06661672430696997,0.7890920706827572,1673,GPD,tail,21.39793168391183,0.090625,Puntarenas_OTROS_Hidrometereológico
-0.06661672430696997,0.7890920706827572,1674,GPD,tail,21.39793168391183,0.090625,Puntarenas_OTROS_Hidrometereológico
-0.06661672430696997,0.7890920706827572,1675,GPD,tail,21.39793168391183,0.090625,Puntarenas_OTROS_Hidrometereológico
-0.06661672430696997,0.7890920706827572,1676,GPD,tail,21.39793168391183,0.090625,Puntarenas_OTROS_Hidrometereológico
-0.06661672430696997,0.7890920706827572,1677,GPD,tail,21.39793168391183,0.090625,Puntarenas_OTROS_Hidrometereológico
-0.1455504581854714,0.9382838601918558,1678,GPD,tail,21.39793168391183,0.090625,Puntarenas_OTROS_Hidrometereológico
-0.1455504581854714,0.9382838601918558,1679,GPD,tail,21.39793168391183,0.090625,Puntarenas_OTROS_Hidrometereológico
-0.1455504581854714,0.9382838601918558,1680,GPD,tail,21.39793168391183,0.090625,Puntarenas_OTROS_Hidrometereológico
-0.1455504581854714,0.9382838601918558,1681,GPD,tail,21.39793168391183,0.090625,Puntarenas_OTROS_Hidrometereológico
-0.1455504581854714,0.9382838601918558,1682,GPD,tail,21.39793168391183,0.090625,Puntarenas_OTROS_Hidrometereológico
-0.1455504581854714,0.9382838601918558,1683,GPD,tail,21.39793168391183,0.090625,Puntarenas_OTROS_Hidrometereológico
-0.1455504581854714,0.9382838601918558,1684,GPD,tail,21.39793168391183,0.090625,Puntarenas_OTROS_Hidrometereológico
-0.1455504581854714,0.9382838601918558,1685,GPD,tail,21.39793168391183,0.090625,Puntarenas_OTROS_Hidrometereológico
-0.1455504581854714,0.9382838601918558,1686,GPD,tail,21.39793168391183,0.090625,Puntarenas_OTROS_Hidrometereológico
-0.1455504581854714,0.9382838601918558,1687,GPD,tail,21.39793168391183,0.090625,Puntarenas_OTROS_Hidrometereológico
-0.1455504581854714,0.9382838601918558,1688,GPD,tail,21.39793168391183,0.090625,Puntarenas_OTROS_Hidrometereológico
-0.1455504581854714,0.9382838601918558,1689,GPD,tail,21.39793168391183,0.090625,Puntarenas_OTROS_Hidrometereológico
-0.1455504581854714,0.9382838601918558,1690,GPD,tail,21.39793168391183,0.090625,Puntarenas_OTROS_Hidrometereológico
-0.1455504581854714,0.9382838601918558,1691,GPD,tail,21.39793168391183,0.090625,Puntarenas_OTROS_Hidrometereológico
-0.1455504581854714,0.9382838601918558,1692,GPD,tail,21.39793168391183,0.090625,Puntarenas_OTROS_Hidrometereológico
-0.1455504581854714,0.9382838601918558,1693,GPD,tail,21.39793168391183,0.090625,Puntarenas_OTROS_Hidrometereológico
-0.1455504581854714,0.9382838601918558,1694,GPD,tail,21.39793168391183,0.090625,Puntarenas_OTROS_Hidrometereológico
-0.1455504581854714,0.9382838601918558,1695,GPD,tail,21.39793168391183,0.090625,Puntarenas_OTROS_Hidrometereológico
-0.1455504581854714,0.9382838601918558,1696,GPD,tail,21.39793168391183,0.090625,Puntarenas_OTROS_Hidrometereológico
-0.1455504581854714,0.9382838601918558,1697,GPD,tail,21.39793168391183,0.090625,Puntarenas_OTROS_Hidrometereológico
-0.1455504581854714,0.9382838601918558,1698,GPD,tail,21.39793168391183,0.090625,Puntarenas_OTROS_Hidrometereológico
-0.1455504581854714,0.9382838601918558,1699,GPD,tail,21.39793168391183,0.090625,Puntarenas_OTROS_Hidrometereológico
-0.1455504581854714,0.9382838601918558,1700,GPD,tail,21.39793168391183,0.090625,Puntarenas_OTROS_Hidrometereológico
-0.1455504581854714,0.9382838601918558,1701,GPD,tail,21.39793168391183,0.090625,Puntarenas_OTROS_Hidrometereológico
-0.1455504581854714,0.9382838601918558,1702,GPD,tail,21.39793168391183,0.090625,Puntarenas_OTROS_Hidrometereológico
-0.1455504581854714,0.9382838601918558,1703,GPD,tail,21.39793168391183,0.090625,Puntarenas_OTROS_Hidrometereológico
-0.1455504581854714,0.9382838601918558,1704,GPD,tail,21.39793168391183,0.090625,Puntarenas_OTROS_Hidrometereológico
-0.1455504581854714,0.9382838601918558,1705,GPD,tail,21.39793168391183,0.090625,Puntarenas_OTROS_Hidrometereológico
-0.1455504581854714,0.9382838601918558,1706,GPD,tail,21.39793168391183,0.090625,Puntarenas_OTROS_Hidrometereológico
-0.1455504581854714,0.9382838601918558,1707,GPD,tail,21.39793168391183,0.090625,Puntarenas_OTROS_Hidrometereológico
-0.1455504581854714,0.9382838601918558,1708,GPD,tail,21.39793168391183,0.090625,Puntarenas_OTROS_Hidrometereológico
-0.1455504581854714,0.9382838601918558,1709,GPD,tail,21.39793168391183,0.090625,Puntarenas_OTROS_Hidrometereológico
-0.1455504581854714,0.9382838601918558,1710,GPD,tail,21.39793168391183,0.090625,Puntarenas_OTROS_Hidrometereológico
-0.1455504581854714,0.9382838601918558,1711,GPD,tail,21.39793168391183,0.090625,Puntarenas_OTROS_Hidrometereológico
-0.1455504581854714,0.9382838601918558,1712,GPD,tail,21.39793168391183,0.090625,Puntarenas_OTROS_Hidrometereológico
-0.1455504581854714,0.9382838601918558,1713,GPD,tail,21.39793168391183,0.090625,Puntarenas_OTROS_Hidrometereológico
-0.1455504581854714,0.9382838601918558,1714,GPD,tail,21.39793168391183,0.090625,Puntarenas_OTROS_Hidrometereológico
-0.1455504581854714,0.9382838601918558,1715,GPD,tail,21.39793168391183,0.090625,Puntarenas_OTROS_Hidrometereológico
-0.1455504581854714,0.9382838601918558,1716,GPD,tail,21.39793168391183,0.090625,Puntarenas_OTROS_Hidrometereológico
-0.1455504581854714,0.9382838601918558,1717,GPD,tail,21.39793168391183,0.090625,Puntarenas_OTROS_Hidrometereológico
-0.1455504581854714,0.9382838601918558,1718,GPD,tail,21.39793168391183,0.090625,Puntarenas_OTROS_Hidrometereológico
-0.1455504581854714,0.9382838601918558,1719,GPD,tail,21.39793168391183,0.090625,Puntarenas_OTROS_Hidrometereológico
-0.1455504581854714,0.9382838601918558,1720,GPD,tail,21.39793168391183,0.090625,Puntarenas_OTROS_Hidrometereológico
-0.1455504581854714,0.9382838601918558,1721,GPD,tail,21.39793168391183,0.090625,Puntarenas_OTROS_Hidrometereológico
-0.1455504581854714,0.9382838601918558,1722,GPD,tail,21.39793168391183,0.090625,Puntarenas_OTROS_Hidrometereológico
-0.1455504581854714,0.9382838601918558,1723,GPD,tail,21.39793168391183,0.090625,Puntarenas_OTROS_Hidrometereológico
-0.051629753066205236,0.8289100716748548,1724,GPD,tail,21.39793168391183,0.090625,Puntarenas_OTROS_Hidrometereológico
-0.051629753066205236,0.8289100716748548,1725,GPD,tail,21.39793168391183,0.090625,Puntarenas_OTROS_Hidrometereológico
-0.051629753066205236,0.8289100716748548,1726,GPD,tail,21.39793168391183,0.090625,Puntarenas_OTROS_Hidrometereológico
-0.051629753066205236,0.8289100716748548,1727,GPD,tail,21.39793168391183,0.090625,Puntarenas_OTROS_Hidrometereológico
-0.051629753066205236,0.8289100716748548,1728,GPD,tail,21.39793168391183,0.090625,Puntarenas_OTROS_Hidrometereológico
-0.051629753066205236,0.8289100716748548,1729,GPD,tail,21.39793168391183,0.090625,Puntarenas_OTROS_Hidrometereológico
-0.051629753066205236,0.8289100716748548,1730,GPD,tail,21.39793168391183,0.090625,Puntarenas_OTROS_Hidrometereológico
-0.051629753066205236,0.8289100716748548,1731,GPD,tail,21.39793168391183,0.090625,Puntarenas_OTROS_Hidrometereológico
-0.051629753066205236,0.8289100716748548,1732,GPD,tail,21.39793168391183,0.090625,Puntarenas_OTROS_Hidrometereológico
-0.051629753066205236,0.8289100716748548,1733,GPD,tail,21.39793168391183,0.090625,Puntarenas_OTROS_Hidrometereológico
-0.051629753066205236,0.8289100716748548,1734,GPD,tail,21.39793168391183,0.090625,Puntarenas_OTROS_Hidrometereológico
-0.051629753066205236,0.8289100716748548,1735,GPD,tail,21.39793168391183,0.090625,Puntarenas_OTROS_Hidrometereológico
-0.051629753066205236,0.8289100716748548,1736,GPD,tail,21.39793168391183,0.090625,Puntarenas_OTROS_Hidrometereológico
-0.051629753066205236,0.8289100716748548,1737,GPD,tail,21.39793168391183,0.090625,Puntarenas_OTROS_Hidrometereológico
-0.051629753066205236,0.8289100716748548,1738,GPD,tail,21.39793168391183,0.090625,Puntarenas_OTROS_Hidrometereológico
-0.051629753066205236,0.8289100716748548,1739,GPD,tail,21.39793168391183,0.090625,Puntarenas_OTROS_Hidrometereológico
-0.051629753066205236,0.8289100716748548,1740,GPD,tail,21.39793168391183,0.090625,Puntarenas_OTROS_Hidrometereológico
-0.051629753066205236,0.8289100716748548,1741,GPD,tail,21.39793168391183,0.090625,Puntarenas_OTROS_Hidrometereológico
-0.051629753066205236,0.8289100716748548,1742,GPD,tail,21.39793168391183,0.090625,Puntarenas_OTROS_Hidrometereológico
-0.051629753066205236,0.8289100716748548,1743,GPD,tail,21.39793168391183,0.090625,Puntarenas_OTROS_Hidrometereológico
-0.051629753066205236,0.8289100716748548,1744,GPD,tail,21.39793168391183,0.090625,Puntarenas_OTROS_Hidrometereológico
-0.051629753066205236,0.8289100716748548,1745,GPD,tail,21.39793168391183,0.090625,Puntarenas_OTROS_Hidrometereológico
-0.051629753066205236,0.8289100716748548,1746,GPD,tail,21.39793168391183,0.090625,Puntarenas_OTROS_Hidrometereológico
-0.051629753066205236,0.8289100716748548,1747,GPD,tail,21.39793168391183,0.090625,Puntarenas_OTROS_Hidrometereológico
-0.051629753066205236,0.8289100716748548,1748,GPD,tail,21.39793168391183,0.090625,Puntarenas_OTROS_Hidrometereológico
-0.051629753066205236,0.8289100716748548,1749,GPD,tail,21.39793168391183,0.090625,Puntarenas_OTROS_Hidrometereológico
-0.051629753066205236,0.8289100716748548,1750,GPD,tail,21.39793168391183,0.090625,Puntarenas_OTROS_Hidrometereológico
-0.051629753066205236,0.8289100716748548,1751,GPD,tail,21.39793168391183,0.090625,Puntarenas_OTROS_Hidrometereológico
-0.051629753066205236,0.8289100716748548,1752,GPD,tail,21.39793168391183,0.090625,Puntarenas_OTROS_Hidrometereológico
-0.051629753066205236,0.8289100716748548,1753,GPD,tail,21.39793168391183,0.090625,Puntarenas_OTROS_Hidrometereológico
-0.051629753066205236,0.8289100716748548,1754,GPD,tail,21.39793168391183,0.090625,Puntarenas_OTROS_Hidrometereológico
-0.051629753066205236,0.8289100716748548,1755,GPD,tail,21.39793168391183,0.090625,Puntarenas_OTROS_Hidrometereológico
-0.051629753066205236,0.8289100716748548,1756,GPD,tail,21.39793168391183,0.090625,Puntarenas_OTROS_Hidrometereológico
-0.051629753066205236,0.8289100716748548,1757,GPD,tail,21.39793168391183,0.090625,Puntarenas_OTROS_Hidrometereológico
-0.051629753066205236,0.8289100716748548,1758,GPD,tail,21.39793168391183,0.090625,Puntarenas_OTROS_Hidrometereológico
-0.051629753066205236,0.8289100716748548,1759,GPD,tail,21.39793168391183,0.090625,Puntarenas_OTROS_Hidrometereológico
-0.051629753066205236,0.8289100716748548,1760,GPD,tail,21.39793168391183,0.090625,Puntarenas_OTROS_Hidrometereológico
-0.051629753066205236,0.8289100716748548,1761,GPD,tail,21.39793168391183,0.090625,Puntarenas_OTROS_Hidrometereológico
-0.07574614664851409,0.8164146052927519,1762,GPD,tail,21.39793168391183,0.090625,Puntarenas_OTROS_Hidrometereológico
-0.07574614664851409,0.8164146052927519,1763,GPD,tail,21.39793168391183,0.090625,Puntarenas_OTROS_Hidrometereológico
-0.07574614664851409,0.8164146052927519,1764,GPD,tail,21.39793168391183,0.090625,Puntarenas_OTROS_Hidrometereológico
-0.07574614664851409,0.8164146052927519,1765,GPD,tail,21.39793168391183,0.090625,Puntarenas_OTROS_Hidrometereológico
-0.07574614664851409,0.8164146052927519,1766,GPD,tail,21.39793168391183,0.090625,Puntarenas_OTROS_Hidrometereológico
-0.07574614664851409,0.8164146052927519,1767,GPD,tail,21.39793168391183,0.090625,Puntarenas_OTROS_Hidrometereológico
-0.07574614664851409,0.8164146052927519,1768,GPD,tail,21.39793168391183,0.090625,Puntarenas_OTROS_Hidrometereológico
-0.07574614664851409,0.8164146052927519,1769,GPD,tail,21.39793168391183,0.090625,Puntarenas_OTROS_Hidrometereológico
-0.07574614664851409,0.8164146052927519,1770,GPD,tail,21.39793168391183,0.090625,Puntarenas_OTROS_Hidrometereológico
-0.07574614664851409,0.8164146052927519,1771,GPD,tail,21.39793168391183,0.090625,Puntarenas_OTROS_Hidrometereológico
-0.07574614664851409,0.8164146052927519,1772,GPD,tail,21.39793168391183,0.090625,Puntarenas_OTROS_Hidrometereológico
-0.07574614664851409,0.8164146052927519,1773,GPD,tail,21.39793168391183,0.090625,Puntarenas_OTROS_Hidrometereológico
-0.07574614664851409,0.8164146052927519,1774,GPD,tail,21.39793168391183,0.090625,Puntarenas_OTROS_Hidrometereológico
-0.07574614664851409,0.8164146052927519,1775,GPD,tail,21.39793168391183,0.090625,Puntarenas_OTROS_Hidrometereológico
-0.07574614664851409,0.8164146052927519,1776,GPD,tail,21.39793168391183,0.090625,Puntarenas_OTROS_Hidrometereológico
-0.07574614664851409,0.8164146052927519,1777,GPD,tail,21.39793168391183,0.090625,Puntarenas_OTROS_Hidrometereológico
-0.07574614664851409,0.8164146052927519,1778,GPD,tail,21.39793168391183,0.090625,Puntarenas_OTROS_Hidrometereológico
-0.07574614664851409,0.8164146052927519,1779,GPD,tail,21.39793168391183,0.090625,Puntarenas_OTROS_Hidrometereológico
-0.07574614664851409,0.8164146052927519,1780,GPD,tail,21.39793168391183,0.090625,Puntarenas_OTROS_Hidrometereológico
-0.07574614664851409,0.8164146052927519,1781,GPD,tail,21.39793168391183,0.090625,Puntarenas_OTROS_Hidrometereológico
-0.07574614664851409,0.8164146052927519,1782,GPD,tail,21.39793168391183,0.090625,Puntarenas_OTROS_Hidrometereológico
-0.07574614664851409,0.8164146052927519,1783,GPD,tail,21.39793168391183,0.090625,Puntarenas_OTROS_Hidrometereológico
-0.043470927483232676,0.8603194108588772,1784,GPD,tail,21.39793168391183,0.090625,Puntarenas_OTROS_Hidrometereológico
-0.043470927483232676,0.8603194108588772,1785,GPD,tail,21.39793168391183,0.090625,Puntarenas_OTROS_Hidrometereológico
-0.043470927483232676,0.8603194108588772,1786,GPD,tail,21.39793168391183,0.090625,Puntarenas_OTROS_Hidrometereológico
-0.043470927483232676,0.8603194108588772,1787,GPD,tail,21.39793168391183,0.090625,Puntarenas_OTROS_Hidrometereológico
-0.043470927483232676,0.8603194108588772,1788,GPD,tail,21.39793168391183,0.090625,Puntarenas_OTROS_Hidrometereológico
-0.043470927483232676,0.8603194108588772,1789,GPD,tail,21.39793168391183,0.090625,Puntarenas_OTROS_Hidrometereológico
-0.043470927483232676,0.8603194108588772,1790,GPD,tail,21.39793168391183,0.090625,Puntarenas_OTROS_Hidrometereológico
-0.043470927483232676,0.8603194108588772,1791,GPD,tail,21.39793168391183,0.090625,Puntarenas_OTROS_Hidrometereológico
-0.043470927483232676,0.8603194108588772,1792,GPD,tail,21.39793168391183,0.090625,Puntarenas_OTROS_Hidrometereológico
-0.043470927483232676,0.8603194108588772,1793,GPD,tail,21.39793168391183,0.090625,Puntarenas_OTROS_Hidrometereológico
-0.043470927483232676,0.8603194108588772,1794,GPD,tail,21.39793168391183,0.090625,Puntarenas_OTROS_Hidrometereológico
-0.043470927483232676,0.8603194108588772,1795,GPD,tail,21.39793168391183,0.090625,Puntarenas_OTROS_Hidrometereológico
-0.043470927483232676,0.8603194108588772,1796,GPD,tail,21.39793168391183,0.090625,Puntarenas_OTROS_Hidrometereológico
-0.043470927483232676,0.8603194108588772,1797,GPD,tail,21.39793168391183,0.090625,Puntarenas_OTROS_Hidrometereológico
-0.043470927483232676,0.8603194108588772,1798,GPD,tail,21.39793168391183,0.090625,Puntarenas_OTROS_Hidrometereológico
-0.043470927483232676,0.8603194108588772,1799,GPD,tail,21.39793168391183,0.090625,Puntarenas_OTROS_Hidrometereológico
-0.043470927483232676,0.8603194108588772,1800,GPD,tail,21.39793168391183,0.090625,Puntarenas_OTROS_Hidrometereológico
-0.043470927483232676,0.8603194108588772,1801,GPD,tail,21.39793168391183,0.090625,Puntarenas_OTROS_Hidrometereológico
-0.043470927483232676,0.8603194108588772,1802,GPD,tail,21.39793168391183,0.090625,Puntarenas_OTROS_Hidrometereológico
-0.043470927483232676,0.8603194108588772,1803,GPD,tail,21.39793168391183,0.090625,Puntarenas_OTROS_Hidrometereológico
-0.043470927483232676,0.8603194108588772,1804,GPD,tail,21.39793168391183,0.090625,Puntarenas_OTROS_Hidrometereológico
-0.043470927483232676,0.8603194108588772,1805,GPD,tail,21.39793168391183,0.090625,Puntarenas_OTROS_Hidrometereológico
-0.0687817405655346,0.9804488784025576,1806,GPD,tail,21.39793168391183,0.090625,Puntarenas_OTROS_Hidrometereológico
-0.0687817405655346,0.9804488784025576,1807,GPD,tail,21.39793168391183,0.090625,Puntarenas_OTROS_Hidrometereológico
-0.0687817405655346,0.9804488784025576,1808,GPD,tail,21.39793168391183,0.090625,Puntarenas_OTROS_Hidrometereológico
-0.0687817405655346,0.9804488784025576,1809,GPD,tail,21.39793168391183,0.090625,Puntarenas_OTROS_Hidrometereológico
-0.0687817405655346,0.9804488784025576,1810,GPD,tail,21.39793168391183,0.090625,Puntarenas_OTROS_Hidrometereológico
-0.0687817405655346,0.9804488784025576,1811,GPD,tail,21.39793168391183,0.090625,Puntarenas_OTROS_Hidrometereológico
-0.0687817405655346,0.9804488784025576,1812,GPD,tail,21.39793168391183,0.090625,Puntarenas_OTROS_Hidrometereológico
-0.0687817405655346,0.9804488784025576,1813,GPD,tail,21.39793168391183,0.090625,Puntarenas_OTROS_Hidrometereológico
-0.0687817405655346,0.9804488784025576,1814,GPD,tail,21.39793168391183,0.090625,Puntarenas_OTROS_Hidrometereológico
-0.0687817405655346,0.9804488784025576,1815,GPD,tail,21.39793168391183,0.090625,Puntarenas_OTROS_Hidrometereológico
-0.0687817405655346,0.9804488784025576,1816,GPD,tail,21.39793168391183,0.090625,Puntarenas_OTROS_Hidrometereológico
-0.0687817405655346,0.9804488784025576,1817,GPD,tail,21.39793168391183,0.090625,Puntarenas_OTROS_Hidrometereológico
-0.0687817405655346,0.9804488784025576,1818,GPD,tail,21.39793168391183,0.090625,Puntarenas_OTROS_Hidrometereológico
0.027811781149333317,0.8158577010259352,1819,GPD,tail,21.39793168391183,0.090625,Puntarenas_OTROS_Hidrometereológico
0.027811781149333317,0.8158577010259352,1820,GPD,tail,21.39793168391183,0.090625,Puntarenas_OTROS_Hidrometereológico
0.027811781149333317,0.8158577010259352,1821,GPD,tail,21.39793168391183,0.090625,Puntarenas_OTROS_Hidrometereológico
0.027811781149333317,0.8158577010259352,1822,GPD,tail,21.39793168391183,0.090625,Puntarenas_OTROS_Hidrometereológico
-0.09727431572192442,0.9009571478962489,1823,GPD,tail,21.39793168391183,0.090625,Puntarenas_OTROS_Hidrometereológico
-0.09727431572192442,0.9009571478962489,1824,GPD,tail,21.39793168391183,0.090625,Puntarenas_OTROS_Hidrometereológico
-0.09727431572192442,0.9009571478962489,1825,GPD,tail,21.39793168391183,0.090625,Puntarenas_OTROS_Hidrometereológico
-0.09727431572192442,0.9009571478962489,1826,GPD,tail,21.39793168391183,0.090625,Puntarenas_OTROS_Hidrometereológico
-0.09727431572192442,0.9009571478962489,1827,GPD,tail,21.39793168391183,0.090625,Puntarenas_OTROS_Hidrometereológico
-0.09727431572192442,0.9009571478962489,1828,GPD,tail,21.39793168391183,0.090625,Puntarenas_OTROS_Hidrometereológico
-0.09727431572192442,0.9009571478962489,1829,GPD,tail,21.39793168391183,0.090625,Puntarenas_OTROS_Hidrometereológico
-0.09727431572192442,0.9009571478962489,1830,GPD,tail,21.39793168391183,0.090625,Puntarenas_OTROS_Hidrometereológico
-0.09727431572192442,0.9009571478962489,1831,GPD,tail,21.39793168391183,0.090625,Puntarenas_OTROS_Hidrometereológico
-0.09727431572192442,0.9009571478962489,1832,GPD,tail,21.39793168391183,0.090625,Puntarenas_OTROS_Hidrometereológico
-0.09727431572192442,0.9009571478962489,1833,GPD,tail,21.39793168391183,0.090625,Puntarenas_OTROS_Hidrometereológico
-0.09727431572192442,0.9009571478962489,1834,GPD,tail,21.39793168391183,0.090625,Puntarenas_OTROS_Hidrometereológico
-0.09727431572192442,0.9009571478962489,1835,GPD,tail,21.39793168391183,0.090625,Puntarenas_OTROS_Hidrometereológico
-0.09727431572192442,0.9009571478962489,1836,GPD,tail,21.39793168391183,0.090625,Puntarenas_OTROS_Hidrometereológico
-0.09727431572192442,0.9009571478962489,1837,GPD,tail,21.39793168391183,0.090625,Puntarenas_OTROS_Hidrometereológico
-0.09727431572192442,0.9009571478962489,1838,GPD,tail,21.39793168391183,0.090625,Puntarenas_OTROS_Hidrometereológico
-0.09727431572192442,0.9009571478962489,1839,GPD,tail,21.39793168391183,0.090625,Puntarenas_OTROS_Hidrometereológico
-0.09727431572192442,0.9009571478962489,1840,GPD,tail,21.39793168391183,0.090625,Puntarenas_OTROS_Hidrometereológico
-0.09727431572192442,0.9009571478962489,1841,GPD,tail,21.39793168391183,0.090625,Puntarenas_OTROS_Hidrometereológico
-0.09727431572192442,0.9009571478962489,1842,GPD,tail,21.39793168391183,0.090625,Puntarenas_OTROS_Hidrometereológico
-0.09727431572192442,0.9009571478962489,1843,GPD,tail,21.39793168391183,0.090625,Puntarenas_OTROS_Hidrometereológico
-0.09727431572192442,0.9009571478962489,1844,GPD,tail,21.39793168391183,0.090625,Puntarenas_OTROS_Hidrometereológico
-0.09727431572192442,0.9009571478962489,1845,GPD,tail,21.39793168391183,0.090625,Puntarenas_OTROS_Hidrometereológico
-0.09727431572192442,0.9009571478962489,1846,GPD,tail,21.39793168391183,0.090625,Puntarenas_OTROS_Hidrometereológico
-0.09727431572192442,0.9009571478962489,1847,GPD,tail,21.39793168391183,0.090625,Puntarenas_OTROS_Hidrometereológico
-0.09727431572192442,0.9009571478962489,1848,GPD,tail,21.39793168391183,0.090625,Puntarenas_OTROS_Hidrometereológico
-0.09727431572192442,0.9009571478962489,1849,GPD,tail,21.39793168391183,0.090625,Puntarenas_OTROS_Hidrometereológico
-0.09727431572192442,0.9009571478962489,1850,GPD,tail,21.39793168391183,0.090625,Puntarenas_OTROS_Hidrometereológico
-0.09727431572192442,0.9009571478962489,1851,GPD,tail,21.39793168391183,0.090625,Puntarenas_OTROS_Hidrometereológico
-0.09727431572192442,0.9009571478962489,1852,GPD,tail,21.39793168391183,0.090625,Puntarenas_OTROS_Hidrometereológico
-0.09727431572192442,0.9009571478962489,1853,GPD,tail,21.39793168391183,0.090625,Puntarenas_OTROS_Hidrometereológico
-0.09727431572192442,0.9009571478962489,1854,GPD,tail,21.39793168391183,0.090625,Puntarenas_OTROS_Hidrometereológico
-0.09727431572192442,0.9009571478962489,1855,GPD,tail,21.39793168391183,0.090625,Puntarenas_OTROS_Hidrometereológico
-0.09727431572192442,0.9009571478962489,1856,GPD,tail,21.39793168391183,0.090625,Puntarenas_OTROS_Hidrometereológico
-0.09727431572192442,0.9009571478962489,1857,GPD,tail,21.39793168391183,0.090625,Puntarenas_OTROS_Hidrometereológico
-0.09727431572192442,0.9009571478962489,1858,GPD,tail,21.39793168391183,0.090625,Puntarenas_OTROS_Hidrometereológico
-0.09727431572192442,0.9009571478962489,1859,GPD,tail,21.39793168391183,0.090625,Puntarenas_OTROS_Hidrometereológico
-0.09727431572192442,0.9009571478962489,1860,GPD,tail,21.39793168391183,0.090625,Puntarenas_OTROS_Hidrometereológico
-0.09727431572192442,0.9009571478962489,1861,GPD,tail,21.39793168391183,0.090625,Puntarenas_OTROS_Hidrometereológico
-0.09727431572192442,0.9009571478962489,1862,GPD,tail,21.39793168391183,0.090625,Puntarenas_OTROS_Hidrometereológico
-0.09727431572192442,0.9009571478962489,1863,GPD,tail,21.39793168391183,0.090625,Puntarenas_OTROS_Hidrometereológico
-0.09727431572192442,0.9009571478962489,1864,GPD,tail,21.39793168391183,0.090625,Puntarenas_OTROS_Hidrometereológico
-0.09369624797361163,1.0545057784476517,1865,GPD,tail,21.39793168391183,0.090625,Puntarenas_OTROS_Hidrometereológico
-0.16999300406526674,1.1085679793009862,1866,GPD,tail,21.39793168391183,0.090625,Puntarenas_OTROS_Hidrometereológico
-0.16999300406526674,1.1085679793009862,1867,GPD,tail,21.39793168391183,0.090625,Puntarenas_OTROS_Hidrometereológico
-0.16999300406526674,1.1085679793009862,1868,GPD,tail,21.39793168391183,0.090625,Puntarenas_OTROS_Hidrometereológico
-0.16999300406526674,1.1085679793009862,1869,GPD,tail,21.39793168391183,0.090625,Puntarenas_OTROS_Hidrometereológico
-0.06835532265536338,0.8760435979407611,1870,GPD,tail,21.39793168391183,0.090625,Puntarenas_OTROS_Hidrometereológico
-0.06835532265536338,0.8760435979407611,1871,GPD,tail,21.39793168391183,0.090625,Puntarenas_OTROS_Hidrometereológico
-0.06835532265536338,0.8760435979407611,1872,GPD,tail,21.39793168391183,0.090625,Puntarenas_OTROS_Hidrometereológico
-0.06835532265536338,0.8760435979407611,1873,GPD,tail,21.39793168391183,0.090625,Puntarenas_OTROS_Hidrometereológico
-0.06835532265536338,0.8760435979407611,1874,GPD,tail,21.39793168391183,0.090625,Puntarenas_OTROS_Hidrometereológico
-0.06835532265536338,0.8760435979407611,1875,GPD,tail,21.39793168391183,0.090625,Puntarenas_OTROS_Hidrometereológico
-0.06835532265536338,0.8760435979407611,1876,GPD,tail,21.39793168391183,0.090625,Puntarenas_OTROS_Hidrometereológico
-0.06835532265536338,0.8760435979407611,1877,GPD,tail,21.39793168391183,0.090625,Puntarenas_OTROS_Hidrometereológico
-0.06835532265536338,0.8760435979407611,1878,GPD,tail,21.39793168391183,0.090625,Puntarenas_OTROS_Hidrometereológico
-0.06835532265536338,0.8760435979407611,1879,GPD,tail,21.39793168391183,0.090625,Puntarenas_OTROS_Hidrometereológico
-0.06835532265536338,0.8760435979407611,1880,GPD,tail,21.39793168391183,0.090625,Puntarenas_OTROS_Hidrometereológico
-0.06835532265536338,0.8760435979407611,1881,GPD,tail,21.39793168391183,0.090625,Puntarenas_OTROS_Hidrometereológico
-0.06835532265536338,0.8760435979407611,1882,GPD,tail,21.39793168391183,0.090625,Puntarenas_OTROS_Hidrometereológico
-0.06835532265536338,0.8760435979407611,1883,GPD,tail,21.39793168391183,0.090625,Puntarenas_OTROS_Hidrometereológico
-0.06835532265536338,0.8760435979407611,1884,GPD,tail,21.39793168391183,0.090625,Puntarenas_OTROS_Hidrometereológico
-0.06835532265536338,0.8760435979407611,1885,GPD,tail,21.39793168391183,0.090625,Puntarenas_OTROS_Hidrometereológico
-0.06835532265536338,0.8760435979407611,1886,GPD,tail,21.39793168391183,0.090625,Puntarenas_OTROS_Hidrometereológico
-0.06835532265536338,0.8760435979407611,1887,GPD,tail,21.39793168391183,0.090625,Puntarenas_OTROS_Hidrometereológico
-0.06835532265536338,0.8760435979407611,1888,GPD,tail,21.39793168391183,0.090625,Puntarenas_OTROS_Hidrometereológico
-0.06835532265536338,0.8760435979407611,1889,GPD,tail,21.39793168391183,0.090625,Puntarenas_OTROS_Hidrometereológico
-0.06835532265536338,0.8760435979407611,1890,GPD,tail,21.39793168391183,0.090625,Puntarenas_OTROS_Hidrometereológico
-0.06835532265536338,0.8760435979407611,1891,GPD,tail,21.39793168391183,0.090625,Puntarenas_OTROS_Hidrometereológico
-0.06835532265536338,0.8760435979407611,1892,GPD,tail,21.39793168391183,0.090625,Puntarenas_OTROS_Hidrometereológico
-0.06835532265536338,0.8760435979407611,1893,GPD,tail,21.39793168391183,0.090625,Puntarenas_OTROS_Hidrometereológico
-0.06835532265536338,0.8760435979407611,1894,GPD,tail,21.39793168391183,0.090625,Puntarenas_OTROS_Hidrometereológico
-0.06835532265536338,0.8760435979407611,1895,GPD,tail,21.39793168391183,0.090625,Puntarenas_OTROS_Hidrometereológico
-0.06835532265536338,0.8760435979407611,1896,GPD,tail,21.39793168391183,0.090625,Puntarenas_OTROS_Hidrometereológico
-0.06835532265536338,0.8760435979407611,1897,GPD,tail,21.39793168391183,0.090625,Puntarenas_OTROS_Hidrometereológico
-0.06835532265536338,0.8760435979407611,1898,GPD,tail,21.39793168391183,0.090625,Puntarenas_OTROS_Hidrometereológico
-0.06835532265536338,0.8760435979407611,1899,GPD,tail,21.39793168391183,0.090625,Puntarenas_OTROS_Hidrometereológico
-0.06835532265536338,0.8760435979407611,1900,GPD,tail,21.39793168391183,0.090625,Puntarenas_OTROS_Hidrometereológico
-0.06835532265536338,0.8760435979407611,1901,GPD,tail,21.39793168391183,0.090625,Puntarenas_OTROS_Hidrometereológico
-0.06835532265536338,0.8760435979407611,1902,GPD,tail,21.39793168391183,0.090625,Puntarenas_OTROS_Hidrometereológico
-0.06835532265536338,0.8760435979407611,1903,GPD,tail,21.39793168391183,0.090625,Puntarenas_OTROS_Hidrometereológico
-0.06835532265536338,0.8760435979407611,1904,GPD,tail,21.39793168391183,0.090625,Puntarenas_OTROS_Hidrometereológico
-0.06835532265536338,0.8760435979407611,1905,GPD,tail,21.39793168391183,0.090625,Puntarenas_OTROS_Hidrometereológico
-0.06835532265536338,0.8760435979407611,1906,GPD,tail,21.39793168391183,0.090625,Puntarenas_OTROS_Hidrometereológico
-0.06835532265536338,0.8760435979407611,1907,GPD,tail,21.39793168391183,0.090625,Puntarenas_OTROS_Hidrometereológico
-0.06835532265536338,0.8760435979407611,1908,GPD,tail,21.39793168391183,0.090625,Puntarenas_OTROS_Hidrometereológico
-0.06835532265536338,0.8760435979407611,1909,GPD,tail,21.39793168391183,0.090625,Puntarenas_OTROS_Hidrometereológico
-0.06835532265536338,0.8760435979407611,1910,GPD,tail,21.39793168391183,0.090625,Puntarenas_OTROS_Hidrometereológico
-0.06835532265536338,0.8760435979407611,1911,GPD,tail,21.39793168391183,0.090625,Puntarenas_OTROS_Hidrometereológico
-0.06835532265536338,0.8760435979407611,1912,GPD,tail,21.39793168391183,0.090625,Puntarenas_OTROS_Hidrometereológico
-0.06835532265536338,0.8760435979407611,1913,GPD,tail,21.39793168391183,0.090625,Puntarenas_OTROS_Hidrometereológico
-0.06835532265536338,0.8760435979407611,1914,GPD,tail,21.39793168391183,0.090625,Puntarenas_OTROS_Hidrometereológico
-0.06835532265536338,0.8760435979407611,1915,GPD,tail,21.39793168391183,0.090625,Puntarenas_OTROS_Hidrometereológico
-0.06835532265536338,0.8760435979407611,1916,GPD,tail,21.39793168391183,0.090625,Puntarenas_OTROS_Hidrometereológico
-0.06835532265536338,0.8760435979407611,1917,GPD,tail,21.39793168391183,0.090625,Puntarenas_OTROS_Hidrometereológico
-0.06835532265536338,0.8760435979407611,1918,GPD,tail,21.39793168391183,0.090625,Puntarenas_OTROS_Hidrometereológico
-0.06835532265536338,0.8760435979407611,1919,GPD,tail,21.39793168391183,0.090625,Puntarenas_OTROS_Hidrometereológico
-0.06835532265536338,0.8760435979407611,1920,GPD,tail,21.39793168391183,0.090625,Puntarenas_OTROS_Hidrometereológico
-0.06835532265536338,0.8760435979407611,1921,GPD,tail,21.39793168391183,0.090625,Puntarenas_OTROS_Hidrometereológico
-0.06835532265536338,0.8760435979407611,1922,GPD,tail,21.39793168391183,0.090625,Puntarenas_OTROS_Hidrometereológico
-0.06835532265536338,0.8760435979407611,1923,GPD,tail,21.39793168391183,0.090625,Puntarenas_OTROS_Hidrometereológico
-0.06835532265536338,0.8760435979407611,1924,GPD,tail,21.39793168391183,0.090625,Puntarenas_OTROS_Hidrometereológico
-0.06835532265536338,0.8760435979407611,1925,GPD,tail,21.39793168391183,0.090625,Puntarenas_OTROS_Hidrometereológico
-0.06835532265536338,0.8760435979407611,1926,GPD,tail,21.39793168391183,0.090625,Puntarenas_OTROS_Hidrometereológico
-0.06835532265536338,0.8760435979407611,1927,GPD,tail,21.39793168391183,0.090625,Puntarenas_OTROS_Hidrometereológico
-0.06835532265536338,0.8760435979407611,1928,GPD,tail,21.39793168391183,0.090625,Puntarenas_OTROS_Hidrometereológico
-0.06835532265536338,0.8760435979407611,1929,GPD,tail,21.39793168391183,0.090625,Puntarenas_OTROS_Hidrometereológico
-0.06835532265536338,0.8760435979407611,1930,GPD,tail,21.39793168391183,0.090625,Puntarenas_OTROS_Hidrometereológico
-0.06835532265536338,0.8760435979407611,1931,GPD,tail,21.39793168391183,0.090625,Puntarenas_OTROS_Hidrometereológico
-0.06835532265536338,0.8760435979407611,1932,GPD,tail,21.39793168391183,0.090625,Puntarenas_OTROS_Hidrometereológico
-0.06835532265536338,0.8760435979407611,1933,GPD,tail,21.39793168391183,0.090625,Puntarenas_OTROS_Hidrometereológico
-0.06835532265536338,0.8760435979407611,1934,GPD,tail,21.39793168391183,0.090625,Puntarenas_OTROS_Hidrometereológico
-0.06835532265536338,0.8760435979407611,1935,GPD,tail,21.39793168391183,0.090625,Puntarenas_OTROS_Hidrometereológico
-0.06854035960398501,0.871927387917192,1936,GPD,tail,21.39793168391183,0.090625,Puntarenas_OTROS_Hidrometereológico
-0.06854035960398501,0.871927387917192,1937,GPD,tail,21.39793168391183,0.090625,Puntarenas_OTROS_Hidrometereológico
-0.06854035960398501,0.871927387917192,1938,GPD,tail,21.39793168391183,0.090625,Puntarenas_OTROS_Hidrometereológico
-0.014385450251002074,0.8155161470248024,1939,GPD,tail,21.39793168391183,0.090625,Puntarenas_OTROS_Hidrometereológico
-0.014385450251002074,0.8155161470248024,1940,GPD,tail,21.39793168391183,0.090625,Puntarenas_OTROS_Hidrometereológico
-0.014385450251002074,0.8155161470248024,1941,GPD,tail,21.39793168391183,0.090625,Puntarenas_OTROS_Hidrometereológico
-0.014385450251002074,0.8155161470248024,1942,GPD,tail,21.39793168391183,0.090625,Puntarenas_OTROS_Hidrometereológico
-0.014385450251002074,0.8155161470248024,1943,GPD,tail,21.39793168391183,0.090625,Puntarenas_OTROS_Hidrometereológico
-0.014385450251002074,0.8155161470248024,1944,GPD,tail,21.39793168391183,0.090625,Puntarenas_OTROS_Hidrometereológico
-0.014385450251002074,0.8155161470248024,1945,GPD,tail,21.39793168391183,0.090625,Puntarenas_OTROS_Hidrometereológico
-0.014385450251002074,0.8155161470248024,1946,GPD,tail,21.39793168391183,0.090625,Puntarenas_OTROS_Hidrometereológico
-0.014385450251002074,0.8155161470248024,1947,GPD,tail,21.39793168391183,0.090625,Puntarenas_OTROS_Hidrometereológico
-0.014385450251002074,0.8155161470248024,1948,GPD,tail,21.39793168391183,0.090625,Puntarenas_OTROS_Hidrometereológico
-0.014385450251002074,0.8155161470248024,1949,GPD,tail,21.39793168391183,0.090625,Puntarenas_OTROS_Hidrometereológico
-0.014385450251002074,0.8155161470248024,1950,GPD,tail,21.39793168391183,0.090625,Puntarenas_OTROS_Hidrometereológico
-0.014385450251002074,0.8155161470248024,1951,GPD,tail,21.39793168391183,0.090625,Puntarenas_OTROS_Hidrometereológico
-0.014385450251002074,0.8155161470248024,1952,GPD,tail,21.39793168391183,0.090625,Puntarenas_OTROS_Hidrometereológico
-0.014385450251002074,0.8155161470248024,1953,GPD,tail,21.39793168391183,0.090625,Puntarenas_OTROS_Hidrometereológico
-0.014385450251002074,0.8155161470248024,1954,GPD,tail,21.39793168391183,0.090625,Puntarenas_OTROS_Hidrometereológico
-0.014385450251002074,0.8155161470248024,1955,GPD,tail,21.39793168391183,0.090625,Puntarenas_OTROS_Hidrometereológico
-0.053968999642506114,0.8210990601116264,1956,GPD,tail,21.39793168391183,0.090625,Puntarenas_OTROS_Hidrometereológico
-0.053968999642506114,0.8210990601116264,1957,GPD,tail,21.39793168391183,0.090625,Puntarenas_OTROS_Hidrometereológico
-0.053968999642506114,0.8210990601116264,1958,GPD,tail,21.39793168391183,0.090625,Puntarenas_OTROS_Hidrometereológico
-0.053968999642506114,0.8210990601116264,1959,GPD,tail,21.39793168391183,0.090625,Puntarenas_OTROS_Hidrometereológico
-0.053968999642506114,0.8210990601116264,1960,GPD,tail,21.39793168391183,0.090625,Puntarenas_OTROS_Hidrometereológico
-0.053968999642506114,0.8210990601116264,1961,GPD,tail,21.39793168391183,0.090625,Puntarenas_OTROS_Hidrometereológico
-0.053968999642506114,0.8210990601116264,1962,GPD,tail,21.39793168391183,0.090625,Puntarenas_OTROS_Hidrometereológico
-0.053968999642506114,0.8210990601116264,1963,GPD,tail,21.39793168391183,0.090625,Puntarenas_OTROS_Hidrometereológico
-0.053968999642506114,0.8210990601116264,1964,GPD,tail,21.39793168391183,0.090625,Puntarenas_OTROS_Hidrometereológico
-0.053968999642506114,0.8210990601116264,1965,GPD,tail,21.39793168391183,0.090625,Puntarenas_OTROS_Hidrometereológico
-0.053968999642506114,0.8210990601116264,1966,GPD,tail,21.39793168391183,0.090625,Puntarenas_OTROS_Hidrometereológico
-0.053968999642506114,0.8210990601116264,1967,GPD,tail,21.39793168391183,0.090625,Puntarenas_OTROS_Hidrometereológico
-0.053968999642506114,0.8210990601116264,1968,GPD,tail,21.39793168391183,0.090625,Puntarenas_OTROS_Hidrometereológico
-0.053968999642506114,0.8210990601116264,1969,GPD,tail,21.39793168391183,0.090625,Puntarenas_OTROS_Hidrometereológico
-0.053968999642506114,0.8210990601116264,1970,GPD,tail,21.39793168391183,0.090625,Puntarenas_OTROS_Hidrometereológico
-0.053968999642506114,0.8210990601116264,1971,GPD,tail,21.39793168391183,0.090625,Puntarenas_OTROS_Hidrometereológico
-0.05580258698772832,0.8773768391627543,1972,GPD,tail,21.39793168391183,0.090625,Puntarenas_OTROS_Hidrometereológico
-0.05580258698772832,0.8773768391627543,1973,GPD,tail,21.39793168391183,0.090625,Puntarenas_OTROS_Hidrometereológico
-0.05580258698772832,0.8773768391627543,1974,GPD,tail,21.39793168391183,0.090625,Puntarenas_OTROS_Hidrometereológico
-0.05580258698772832,0.8773768391627543,1975,GPD,tail,21.39793168391183,0.090625,Puntarenas_OTROS_Hidrometereológico
-0.05580258698772832,0.8773768391627543,1976,GPD,tail,21.39793168391183,0.090625,Puntarenas_OTROS_Hidrometereológico
-0.05580258698772832,0.8773768391627543,1977,GPD,tail,21.39793168391183,0.090625,Puntarenas_OTROS_Hidrometereológico
-0.05580258698772832,0.8773768391627543,1978,GPD,tail,21.39793168391183,0.090625,Puntarenas_OTROS_Hidrometereológico
-0.05580258698772832,0.8773768391627543,1979,GPD,tail,21.39793168391183,0.090625,Puntarenas_OTROS_Hidrometereológico
-0.05580258698772832,0.8773768391627543,1980,GPD,tail,21.39793168391183,0.090625,Puntarenas_OTROS_Hidrometereológico
-0.05580258698772832,0.8773768391627543,1981,GPD,tail,21.39793168391183,0.090625,Puntarenas_OTROS_Hidrometereológico
-0.12404232415055487,0.8885322389549861,1982,GPD,tail,21.39793168391183,0.090625,Puntarenas_OTROS_Hidrometereológico
-0.12404232415055487,0.8885322389549861,1983,GPD,tail,21.39793168391183,0.090625,Puntarenas_OTROS_Hidrometereológico
-0.12404232415055487,0.8885322389549861,1984,GPD,tail,21.39793168391183,0.090625,Puntarenas_OTROS_Hidrometereológico
-0.12404232415055487,0.8885322389549861,1985,GPD,tail,21.39793168391183,0.090625,Puntarenas_OTROS_Hidrometereológico
-0.12404232415055487,0.8885322389549861,1986,GPD,tail,21.39793168391183,0.090625,Puntarenas_OTROS_Hidrometereológico
-0.12404232415055487,0.8885322389549861,1987,GPD,tail,21.39793168391183,0.090625,Puntarenas_OTROS_Hidrometereológico
-0.12404232415055487,0.8885322389549861,1988,GPD,tail,21.39793168391183,0.090625,Puntarenas_OTROS_Hidrometereológico
-0.12404232415055487,0.8885322389549861,1989,GPD,tail,21.39793168391183,0.090625,Puntarenas_OTROS_Hidrometereológico
-0.12404232415055487,0.8885322389549861,1990,GPD,tail,21.39793168391183,0.090625,Puntarenas_OTROS_Hidrometereológico
-0.12404232415055487,0.8885322389549861,1991,GPD,tail,21.39793168391183,0.090625,Puntarenas_OTROS_Hidrometereológico
-0.12404232415055487,0.8885322389549861,1992,GPD,tail,21.39793168391183,0.090625,Puntarenas_OTROS_Hidrometereológico
-0.12404232415055487,0.8885322389549861,1993,GPD,tail,21.39793168391183,0.090625,Puntarenas_OTROS_Hidrometereológico
-0.12404232415055487,0.8885322389549861,1994,GPD,tail,21.39793168391183,0.090625,Puntarenas_OTROS_Hidrometereológico
-0.12404232415055487,0.8885322389549861,1995,GPD,tail,21.39793168391183,0.090625,Puntarenas_OTROS_Hidrometereológico
-0.12404232415055487,0.8885322389549861,1996,GPD,tail,21.39793168391183,0.090625,Puntarenas_OTROS_Hidrometereológico
-0.12404232415055487,0.8885322389549861,1997,GPD,tail,21.39793168391183,0.090625,Puntarenas_OTROS_Hidrometereológico
-0.12404232415055487,0.8885322389549861,1998,GPD,tail,21.39793168391183,0.090625,Puntarenas_OTROS_Hidrometereológico
-0.12404232415055487,0.8885322389549861,1999,GPD,tail,21.39793168391183,0.090625,Puntarenas_OTROS_Hidrometereológico
-0.12404232415055487,0.8885322389549861,2000,GPD,tail,21.39793168391183,0.090625,Puntarenas_OTROS_Hidrometereológico
-0.12404232415055487,0.8885322389549861,2001,GPD,tail,21.39793168391183,0.090625,Puntarenas_OTROS_Hidrometereológico
-0.12404232415055487,0.8885322389549861,2002,GPD,tail,21.39793168391183,0.090625,Puntarenas_OTROS_Hidrometereológico
-0.12404232415055487,0.8885322389549861,2003,GPD,tail,21.39793168391183,0.090625,Puntarenas_OTROS_Hidrometereológico
-0.12404232415055487,0.8885322389549861,2004,GPD,tail,21.39793168391183,0.090625,Puntarenas_OTROS_Hidrometereológico
-0.12404232415055487,0.8885322389549861,2005,GPD,tail,21.39793168391183,0.090625,Puntarenas_OTROS_Hidrometereológico
-0.12404232415055487,0.8885322389549861,2006,GPD,tail,21.39793168391183,0.090625,Puntarenas_OTROS_Hidrometereológico
-0.12404232415055487,0.8885322389549861,2007,GPD,tail,21.39793168391183,0.090625,Puntarenas_OTROS_Hidrometereológico
-0.12404232415055487,0.8885322389549861,2008,GPD,tail,21.39793168391183,0.090625,Puntarenas_OTROS_Hidrometereológico
-0.12404232415055487,0.8885322389549861,2009,GPD,tail,21.39793168391183,0.090625,Puntarenas_OTROS_Hidrometereológico
-0.12404232415055487,0.8885322389549861,2010,GPD,tail,21.39793168391183,0.090625,Puntarenas_OTROS_Hidrometereológico
-0.12404232415055487,0.8885322389549861,2011,GPD,tail,21.39793168391183,0.090625,Puntarenas_OTROS_Hidrometereológico
-0.12404232415055487,0.8885322389549861,2012,GPD,tail,21.39793168391183,0.090625,Puntarenas_OTROS_Hidrometereológico
-0.12404232415055487,0.8885322389549861,2013,GPD,tail,21.39793168391183,0.090625,Puntarenas_OTROS_Hidrometereológico
-0.12404232415055487,0.8885322389549861,2014,GPD,tail,21.39793168391183,0.090625,Puntarenas_OTROS_Hidrometereológico
-0.14015435418863717,0.8997375445074413,2015,GPD,tail,21.39793168391183,0.090625,Puntarenas_OTROS_Hidrometereológico
-0.14015435418863717,0.8997375445074413,2016,GPD,tail,21.39793168391183,0.090625,Puntarenas_OTROS_Hidrometereológico
-0.14015435418863717,0.8997375445074413,2017,GPD,tail,21.39793168391183,0.090625,Puntarenas_OTROS_Hidrometereológico
-0.14015435418863717,0.8997375445074413,2018,GPD,tail,21.39793168391183,0.090625,Puntarenas_OTROS_Hidrometereológico
-0.14015435418863717,0.8997375445074413,2019,GPD,tail,21.39793168391183,0.090625,Puntarenas_OTROS_Hidrometereológico
-0.14015435418863717,0.8997375445074413,2020,GPD,tail,21.39793168391183,0.090625,Puntarenas_OTROS_Hidrometereológico
-0.14015435418863717,0.8997375445074413,2021,GPD,tail,21.39793168391183,0.090625,Puntarenas_OTROS_Hidrometereológico
-0.14015435418863717,0.8997375445074413,2022,GPD,tail,21.39793168391183,0.090625,Puntarenas_OTROS_Hidrometereológico
-0.14015435418863717,0.8997375445074413,2023,GPD,tail,21.39793168391183,0.090625,Puntarenas_OTROS_Hidrometereológico
-0.14015435418863717,0.8997375445074413,2024,GPD,tail,21.39793168391183,0.090625,Puntarenas_OTROS_Hidrometereológico
-0.14015435418863717,0.8997375445074413,2025,GPD,tail,21.39793168391183,0.090625,Puntarenas_OTROS_Hidrometereológico
-0.14015435418863717,0.8997375445074413,2026,GPD,tail,21.39793168391183,0.090625,Puntarenas_OTROS_Hidrometereológico
-0.14015435418863717,0.8997375445074413,2027,GPD,tail,21.39793168391183,0.090625,Puntarenas_OTROS_Hidrometereológico
-0.14015435418863717,0.8997375445074413,2028,GPD,tail,21.39793168391183,0.090625,Puntarenas_OTROS_Hidrometereológico
-0.14468898285672044,1.0070262251087234,2029,GPD,tail,21.39793168391183,0.090625,Puntarenas_OTROS_Hidrometereológico
-0.14468898285672044,1.0070262251087234,2030,GPD,tail,21.39793168391183,0.090625,Puntarenas_OTROS_Hidrometereológico
-0.14468898285672044,1.0070262251087234,2031,GPD,tail,21.39793168391183,0.090625,Puntarenas_OTROS_Hidrometereológico
-0.14468898285672044,1.0070262251087234,2032,GPD,tail,21.39793168391183,0.090625,Puntarenas_OTROS_Hidrometereológico
-0.14468898285672044,1.0070262251087234,2033,GPD,tail,21.39793168391183,0.090625,Puntarenas_OTROS_Hidrometereológico
-0.14468898285672044,1.0070262251087234,2034,GPD,tail,21.39793168391183,0.090625,Puntarenas_OTROS_Hidrometereológico
-0.14468898285672044,1.0070262251087234,2035,GPD,tail,21.39793168391183,0.090625,Puntarenas_OTROS_Hidrometereológico
-0.14468898285672044,1.0070262251087234,2036,GPD,tail,21.39793168391183,0.090625,Puntarenas_OTROS_Hidrometereológico
-0.14468898285672044,1.0070262251087234,2037,GPD,tail,21.39793168391183,0.090625,Puntarenas_OTROS_Hidrometereológico
-0.14468898285672044,1.0070262251087234,2038,GPD,tail,21.39793168391183,0.090625,Puntarenas_OTROS_Hidrometereológico
-0.14468898285672044,1.0070262251087234,2039,GPD,tail,21.39793168391183,0.090625,Puntarenas_OTROS_Hidrometereológico
-0.14468898285672044,1.0070262251087234,2040,GPD,tail,21.39793168391183,0.090625,Puntarenas_OTROS_Hidrometereológico
-0.14468898285672044,1.0070262251087234,2041,GPD,tail,21.39793168391183,0.090625,Puntarenas_OTROS_Hidrometereológico
-0.14468898285672044,1.0070262251087234,2042,GPD,tail,21.39793168391183,0.090625,Puntarenas_OTROS_Hidrometereológico
-0.09395723000792329,0.8200774643309497,2043,GPD,tail,21.39793168391183,0.090625,Puntarenas_OTROS_Hidrometereológico
-0.09395723000792329,0.8200774643309497,2044,GPD,tail,21.39793168391183,0.090625,Puntarenas_OTROS_Hidrometereológico
-0.09395723000792329,0.8200774643309497,2045,GPD,tail,21.39793168391183,0.090625,Puntarenas_OTROS_Hidrometereológico
-0.04371892975879225,0.7872453695308268,2046,GPD,tail,21.39793168391183,0.090625,Puntarenas_OTROS_Hidrometereológico
-0.04371892975879225,0.7872453695308268,2047,GPD,tail,21.39793168391183,0.090625,Puntarenas_OTROS_Hidrometereológico
-0.04371892975879225,0.7872453695308268,2048,GPD,tail,21.39793168391183,0.090625,Puntarenas_OTROS_Hidrometereológico
-0.04371892975879225,0.7872453695308268,2049,GPD,tail,21.39793168391183,0.090625,Puntarenas_OTROS_Hidrometereológico
-0.04371892975879225,0.7872453695308268,2050,GPD,tail,21.39793168391183,0.090625,Puntarenas_OTROS_Hidrometereológico
-0.04371892975879225,0.7872453695308268,2051,GPD,tail,21.39793168391183,0.090625,Puntarenas_OTROS_Hidrometereológico
-0.04371892975879225,0.7872453695308268,2052,GPD,tail,21.39793168391183,0.090625,Puntarenas_OTROS_Hidrometereológico
-0.04371892975879225,0.7872453695308268,2053,GPD,tail,21.39793168391183,0.090625,Puntarenas_OTROS_Hidrometereológico
-0.04371892975879225,0.7872453695308268,2054,GPD,tail,21.39793168391183,0.090625,Puntarenas_OTROS_Hidrometereológico
-0.04371892975879225,0.7872453695308268,2055,GPD,tail,21.39793168391183,0.090625,Puntarenas_OTROS_Hidrometereológico
-0.04371892975879225,0.7872453695308268,2056,GPD,tail,21.39793168391183,0.090625,Puntarenas_OTROS_Hidrometereológico
-0.04371892975879225,0.7872453695308268,2057,GPD,tail,21.39793168391183,0.090625,Puntarenas_OTROS_Hidrometereológico
-0.04371892975879225,0.7872453695308268,2058,GPD,tail,21.39793168391183,0.090625,Puntarenas_OTROS_Hidrometereológico
-0.04371892975879225,0.7872453695308268,2059,GPD,tail,21.39793168391183,0.090625,Puntarenas_OTROS_Hidrometereológico
-0.04371892975879225,0.7872453695308268,2060,GPD,tail,21.39793168391183,0.090625,Puntarenas_OTROS_Hidrometereológico
-0.04371892975879225,0.7872453695308268,2061,GPD,tail,21.39793168391183,0.090625,Puntarenas_OTROS_Hidrometereológico
-0.04371892975879225,0.7872453695308268,2062,GPD,tail,21.39793168391183,0.090625,Puntarenas_OTROS_Hidrometereológico
-0.04371892975879225,0.7872453695308268,2063,GPD,tail,21.39793168391183,0.090625,Puntarenas_OTROS_Hidrometereológico
-0.04371892975879225,0.7872453695308268,2064,GPD,tail,21.39793168391183,0.090625,Puntarenas_OTROS_Hidrometereológico
-0.04371892975879225,0.7872453695308268,2065,GPD,tail,21.39793168391183,0.090625,Puntarenas_OTROS_Hidrometereológico
-0.04371892975879225,0.7872453695308268,2066,GPD,tail,21.39793168391183,0.090625,Puntarenas_OTROS_Hidrometereológico
-0.04371892975879225,0.7872453695308268,2067,GPD,tail,21.39793168391183,0.090625,Puntarenas_OTROS_Hidrometereológico
-0.04371892975879225,0.7872453695308268,2068,GPD,tail,21.39793168391183,0.090625,Puntarenas_OTROS_Hidrometereológico
-0.04371892975879225,0.7872453695308268,2069,GPD,tail,21.39793168391183,0.090625,Puntarenas_OTROS_Hidrometereológico
-0.04371892975879225,0.7872453695308268,2070,GPD,tail,21.39793168391183,0.090625,Puntarenas_OTROS_Hidrometereológico
-0.04371892975879225,0.7872453695308268,2071,GPD,tail,21.39793168391183,0.090625,Puntarenas_OTROS_Hidrometereológico
-0.04371892975879225,0.7872453695308268,2072,GPD,tail,21.39793168391183,0.090625,Puntarenas_OTROS_Hidrometereológico
-0.04371892975879225,0.7872453695308268,2073,GPD,tail,21.39793168391183,0.090625,Puntarenas_OTROS_Hidrometereológico
-0.14645966784543213,0.931786420955128,2074,GPD,tail,21.39793168391183,0.090625,Puntarenas_OTROS_Hidrometereológico
-0.14645966784543213,0.931786420955128,2075,GPD,tail,21.39793168391183,0.090625,Puntarenas_OTROS_Hidrometereológico
-0.14645966784543213,0.931786420955128,2076,GPD,tail,21.39793168391183,0.090625,Puntarenas_OTROS_Hidrometereológico
-0.14645966784543213,0.931786420955128,2077,GPD,tail,21.39793168391183,0.090625,Puntarenas_OTROS_Hidrometereológico
-0.14645966784543213,0.931786420955128,2078,GPD,tail,21.39793168391183,0.090625,Puntarenas_OTROS_Hidrometereológico
-0.14645966784543213,0.931786420955128,2079,GPD,tail,21.39793168391183,0.090625,Puntarenas_OTROS_Hidrometereológico
-0.14645966784543213,0.931786420955128,2080,GPD,tail,21.39793168391183,0.090625,Puntarenas_OTROS_Hidrometereológico
-0.14645966784543213,0.931786420955128,2081,GPD,tail,21.39793168391183,0.090625,Puntarenas_OTROS_Hidrometereológico
-0.14645966784543213,0.931786420955128,2082,GPD,tail,21.39793168391183,0.090625,Puntarenas_OTROS_Hidrometereológico
-0.14645966784543213,0.931786420955128,2083,GPD,tail,21.39793168391183,0.090625,Puntarenas_OTROS_Hidrometereológico
-0.14645966784543213,0.931786420955128,2084,GPD,tail,21.39793168391183,0.090625,Puntarenas_OTROS_Hidrometereológico
-0.14645966784543213,0.931786420955128,2085,GPD,tail,21.39793168391183,0.090625,Puntarenas_OTROS_Hidrometereológico
-0.14645966784543213,0.931786420955128,2086,GPD,tail,21.39793168391183,0.090625,Puntarenas_OTROS_Hidrometereológico
-0.14645966784543213,0.931786420955128,2087,GPD,tail,21.39793168391183,0.090625,Puntarenas_OTROS_Hidrometereológico
-0.14645966784543213,0.931786420955128,2088,GPD,tail,21.39793168391183,0.090625,Puntarenas_OTROS_Hidrometereológico
-0.14645966784543213,0.931786420955128,2089,GPD,tail,21.39793168391183,0.090625,Puntarenas_OTROS_Hidrometereológico
-0.026517208260162795,0.8347979352298831,2090,GPD,tail,21.39793168391183,0.090625,Puntarenas_OTROS_Hidrometereológico
-0.026517208260162795,0.8347979352298831,2091,GPD,tail,21.39793168391183,0.090625,Puntarenas_OTROS_Hidrometereológico
-0.026517208260162795,0.8347979352298831,2092,GPD,tail,21.39793168391183,0.090625,Puntarenas_OTROS_Hidrometereológico
-0.026517208260162795,0.8347979352298831,2093,GPD,tail,21.39793168391183,0.090625,Puntarenas_OTROS_Hidrometereológico
-0.026517208260162795,0.8347979352298831,2094,GPD,tail,21.39793168391183,0.090625,Puntarenas_OTROS_Hidrometereológico
-0.026517208260162795,0.8347979352298831,2095,GPD,tail,21.39793168391183,0.090625,Puntarenas_OTROS_Hidrometereológico
-0.026517208260162795,0.8347979352298831,2096,GPD,tail,21.39793168391183,0.090625,Puntarenas_OTROS_Hidrometereológico
-0.026517208260162795,0.8347979352298831,2097,GPD,tail,21.39793168391183,0.090625,Puntarenas_OTROS_Hidrometereológico
-0.026517208260162795,0.8347979352298831,2098,GPD,tail,21.39793168391183,0.090625,Puntarenas_OTROS_Hidrometereológico
-0.058695304466657126,0.8300431686290178,2099,GPD,tail,21.39793168391183,0.090625,Puntarenas_OTROS_Hidrometereológico
-0.058695304466657126,0.8300431686290178,2100,GPD,tail,21.39793168391183,0.090625,Puntarenas_OTROS_Hidrometereológico
-0.058695304466657126,0.8300431686290178,2101,GPD,tail,21.39793168391183,0.090625,Puntarenas_OTROS_Hidrometereológico
-0.058695304466657126,0.8300431686290178,2102,GPD,tail,21.39793168391183,0.090625,Puntarenas_OTROS_Hidrometereológico
-0.058695304466657126,0.8300431686290178,2103,GPD,tail,21.39793168391183,0.090625,Puntarenas_OTROS_Hidrometereológico
-0.058695304466657126,0.8300431686290178,2104,GPD,tail,21.39793168391183,0.090625,Puntarenas_OTROS_Hidrometereológico
-0.058695304466657126,0.8300431686290178,2105,GPD,tail,21.39793168391183,0.090625,Puntarenas_OTROS_Hidrometereológico
-0.058695304466657126,0.8300431686290178,2106,GPD,tail,21.39793168391183,0.090625,Puntarenas_OTROS_Hidrometereológico
-0.058695304466657126,0.8300431686290178,2107,GPD,tail,21.39793168391183,0.090625,Puntarenas_OTROS_Hidrometereológico
-0.058695304466657126,0.8300431686290178,2108,GPD,tail,21.39793168391183,0.090625,Puntarenas_OTROS_Hidrometereológico
-0.058695304466657126,0.8300431686290178,2109,GPD,tail,21.39793168391183,0.090625,Puntarenas_OTROS_Hidrometereológico
-0.058695304466657126,0.8300431686290178,2110,GPD,tail,21.39793168391183,0.090625,Puntarenas_OTROS_Hidrometereológico
-0.058695304466657126,0.8300431686290178,2111,GPD,tail,21.39793168391183,0.090625,Puntarenas_OTROS_Hidrometereológico
-0.058695304466657126,0.8300431686290178,2112,GPD,tail,21.39793168391183,0.090625,Puntarenas_OTROS_Hidrometereológico
-0.058695304466657126,0.8300431686290178,2113,GPD,tail,21.39793168391183,0.090625,Puntarenas_OTROS_Hidrometereológico
-0.058695304466657126,0.8300431686290178,2114,GPD,tail,21.39793168391183,0.090625,Puntarenas_OTROS_Hidrometereológico
-0.058695304466657126,0.8300431686290178,2115,GPD,tail,21.39793168391183,0.090625,Puntarenas_OTROS_Hidrometereológico
-0.058695304466657126,0.8300431686290178,2116,GPD,tail,21.39793168391183,0.090625,Puntarenas_OTROS_Hidrometereológico
-0.058695304466657126,0.8300431686290178,2117,GPD,tail,21.39793168391183,0.090625,Puntarenas_OTROS_Hidrometereológico
-0.058695304466657126,0.8300431686290178,2118,GPD,tail,21.39793168391183,0.090625,Puntarenas_OTROS_Hidrometereológico
-0.058695304466657126,0.8300431686290178,2119,GPD,tail,21.39793168391183,0.090625,Puntarenas_OTROS_Hidrometereológico
-0.058695304466657126,0.8300431686290178,2120,GPD,tail,21.39793168391183,0.090625,Puntarenas_OTROS_Hidrometereológico
-0.058695304466657126,0.8300431686290178,2121,GPD,tail,21.39793168391183,0.090625,Puntarenas_OTROS_Hidrometereológico
-0.058695304466657126,0.8300431686290178,2122,GPD,tail,21.39793168391183,0.090625,Puntarenas_OTROS_Hidrometereológico
-0.058695304466657126,0.8300431686290178,2123,GPD,tail,21.39793168391183,0.090625,Puntarenas_OTROS_Hidrometereológico
-0.058695304466657126,0.8300431686290178,2124,GPD,tail,21.39793168391183,0.090625,Puntarenas_OTROS_Hidrometereológico
-0.058695304466657126,0.8300431686290178,2125,GPD,tail,21.39793168391183,0.090625,Puntarenas_OTROS_Hidrometereológico
-0.058695304466657126,0.8300431686290178,2126,GPD,tail,21.39793168391183,0.090625,Puntarenas_OTROS_Hidrometereológico
-0.058695304466657126,0.8300431686290178,2127,GPD,tail,21.39793168391183,0.090625,Puntarenas_OTROS_Hidrometereológico
-0.058695304466657126,0.8300431686290178,2128,GPD,tail,21.39793168391183,0.090625,Puntarenas_OTROS_Hidrometereológico
-0.058695304466657126,0.8300431686290178,2129,GPD,tail,21.39793168391183,0.090625,Puntarenas_OTROS_Hidrometereológico
-0.058695304466657126,0.8300431686290178,2130,GPD,tail,21.39793168391183,0.090625,Puntarenas_OTROS_Hidrometereológico
-0.058695304466657126,0.8300431686290178,2131,GPD,tail,21.39793168391183,0.090625,Puntarenas_OTROS_Hidrometereológico
-0.058695304466657126,0.8300431686290178,2132,GPD,tail,21.39793168391183,0.090625,Puntarenas_OTROS_Hidrometereológico
-0.058695304466657126,0.8300431686290178,2133,GPD,tail,21.39793168391183,0.090625,Puntarenas_OTROS_Hidrometereológico
-0.058695304466657126,0.8300431686290178,2134,GPD,tail,21.39793168391183,0.090625,Puntarenas_OTROS_Hidrometereológico
-0.058695304466657126,0.8300431686290178,2135,GPD,tail,21.39793168391183,0.090625,Puntarenas_OTROS_Hidrometereológico
-0.07762423377432709,0.8159266401324249,2136,GPD,tail,21.39793168391183,0.090625,Puntarenas_OTROS_Hidrometereológico
-0.07762423377432709,0.8159266401324249,2137,GPD,tail,21.39793168391183,0.090625,Puntarenas_OTROS_Hidrometereológico
-0.07762423377432709,0.8159266401324249,2138,GPD,tail,21.39793168391183,0.090625,Puntarenas_OTROS_Hidrometereológico
-0.07762423377432709,0.8159266401324249,2139,GPD,tail,21.39793168391183,0.090625,Puntarenas_OTROS_Hidrometereológico
-0.07762423377432709,0.8159266401324249,2140,GPD,tail,21.39793168391183,0.090625,Puntarenas_OTROS_Hidrometereológico
-0.07762423377432709,0.8159266401324249,2141,GPD,tail,21.39793168391183,0.090625,Puntarenas_OTROS_Hidrometereológico
-0.07762423377432709,0.8159266401324249,2142,GPD,tail,21.39793168391183,0.090625,Puntarenas_OTROS_Hidrometereológico
-0.07762423377432709,0.8159266401324249,2143,GPD,tail,21.39793168391183,0.090625,Puntarenas_OTROS_Hidrometereológico
-0.07762423377432709,0.8159266401324249,2144,GPD,tail,21.39793168391183,0.090625,Puntarenas_OTROS_Hidrometereológico
-0.07762423377432709,0.8159266401324249,2145,GPD,tail,21.39793168391183,0.090625,Puntarenas_OTROS_Hidrometereológico
-0.07762423377432709,0.8159266401324249,2146,GPD,tail,21.39793168391183,0.090625,Puntarenas_OTROS_Hidrometereológico
-0.07762423377432709,0.8159266401324249,2147,GPD,tail,21.39793168391183,0.090625,Puntarenas_OTROS_Hidrometereológico
-0.07762423377432709,0.8159266401324249,2148,GPD,tail,21.39793168391183,0.090625,Puntarenas_OTROS_Hidrometereológico
-0.07762423377432709,0.8159266401324249,2149,GPD,tail,21.39793168391183,0.090625,Puntarenas_OTROS_Hidrometereológico
-0.12629624189200211,0.8348373832943999,2150,GPD,tail,21.39793168391183,0.090625,Puntarenas_OTROS_Hidrometereológico
-0.12629624189200211,0.8348373832943999,2151,GPD,tail,21.39793168391183,0.090625,Puntarenas_OTROS_Hidrometereológico
-0.11588613388008903,0.9101140863338575,2152,GPD,tail,21.39793168391183,0.090625,Puntarenas_OTROS_Hidrometereológico
-0.11588613388008903,0.9101140863338575,2153,GPD,tail,21.39793168391183,0.090625,Puntarenas_OTROS_Hidrometereológico
-0.11588613388008903,0.9101140863338575,2154,GPD,tail,21.39793168391183,0.090625,Puntarenas_OTROS_Hidrometereológico
-0.11588613388008903,0.9101140863338575,2155,GPD,tail,21.39793168391183,0.090625,Puntarenas_OTROS_Hidrometereológico
-0.11588613388008903,0.9101140863338575,2156,GPD,tail,21.39793168391183,0.090625,Puntarenas_OTROS_Hidrometereológico
-0.11588613388008903,0.9101140863338575,2157,GPD,tail,21.39793168391183,0.090625,Puntarenas_OTROS_Hidrometereológico
-0.11588613388008903,0.9101140863338575,2158,GPD,tail,21.39793168391183,0.090625,Puntarenas_OTROS_Hidrometereológico
-0.11588613388008903,0.9101140863338575,2159,GPD,tail,21.39793168391183,0.090625,Puntarenas_OTROS_Hidrometereológico
-0.11588613388008903,0.9101140863338575,2160,GPD,tail,21.39793168391183,0.090625,Puntarenas_OTROS_Hidrometereológico
-0.11588613388008903,0.9101140863338575,2161,GPD,tail,21.39793168391183,0.090625,Puntarenas_OTROS_Hidrometereológico
-0.11588613388008903,0.9101140863338575,2162,GPD,tail,21.39793168391183,0.090625,Puntarenas_OTROS_Hidrometereológico
-0.11588613388008903,0.9101140863338575,2163,GPD,tail,21.39793168391183,0.090625,Puntarenas_OTROS_Hidrometereológico
-0.11588613388008903,0.9101140863338575,2164,GPD,tail,21.39793168391183,0.090625,Puntarenas_OTROS_Hidrometereológico
-0.11588613388008903,0.9101140863338575,2165,GPD,tail,21.39793168391183,0.090625,Puntarenas_OTROS_Hidrometereológico
-0.11588613388008903,0.9101140863338575,2166,GPD,tail,21.39793168391183,0.090625,Puntarenas_OTROS_Hidrometereológico
-0.11588613388008903,0.9101140863338575,2167,GPD,tail,21.39793168391183,0.090625,Puntarenas_OTROS_Hidrometereológico
-0.11588613388008903,0.9101140863338575,2168,GPD,tail,21.39793168391183,0.090625,Puntarenas_OTROS_Hidrometereológico
-0.11588613388008903,0.9101140863338575,2169,GPD,tail,21.39793168391183,0.090625,Puntarenas_OTROS_Hidrometereológico
-0.11588613388008903,0.9101140863338575,2170,GPD,tail,21.39793168391183,0.090625,Puntarenas_OTROS_Hidrometereológico
-0.11588613388008903,0.9101140863338575,2171,GPD,tail,21.39793168391183,0.090625,Puntarenas_OTROS_Hidrometereológico
-0.11588613388008903,0.9101140863338575,2172,GPD,tail,21.39793168391183,0.090625,Puntarenas_OTROS_Hidrometereológico
-0.11588613388008903,0.9101140863338575,2173,GPD,tail,21.39793168391183,0.090625,Puntarenas_OTROS_Hidrometereológico
-0.11588613388008903,0.9101140863338575,2174,GPD,tail,21.39793168391183,0.090625,Puntarenas_OTROS_Hidrometereológico
-0.11588613388008903,0.9101140863338575,2175,GPD,tail,21.39793168391183,0.090625,Puntarenas_OTROS_Hidrometereológico
-0.11588613388008903,0.9101140863338575,2176,GPD,tail,21.39793168391183,0.090625,Puntarenas_OTROS_Hidrometereológico
-0.11588613388008903,0.9101140863338575,2177,GPD,tail,21.39793168391183,0.090625,Puntarenas_OTROS_Hidrometereológico
-0.11588613388008903,0.9101140863338575,2178,GPD,tail,21.39793168391183,0.090625,Puntarenas_OTROS_Hidrometereológico
-0.11588613388008903,0.9101140863338575,2179,GPD,tail,21.39793168391183,0.090625,Puntarenas_OTROS_Hidrometereológico
-0.11588613388008903,0.9101140863338575,2180,GPD,tail,21.39793168391183,0.090625,Puntarenas_OTROS_Hidrometereológico
-0.11588613388008903,0.9101140863338575,2181,GPD,tail,21.39793168391183,0.090625,Puntarenas_OTROS_Hidrometereológico
-0.11588613388008903,0.9101140863338575,2182,GPD,tail,21.39793168391183,0.090625,Puntarenas_OTROS_Hidrometereológico
-0.11588613388008903,0.9101140863338575,2183,GPD,tail,21.39793168391183,0.090625,Puntarenas_OTROS_Hidrometereológico
-0.11588613388008903,0.9101140863338575,2184,GPD,tail,21.39793168391183,0.090625,Puntarenas_OTROS_Hidrometereológico
-0.11588613388008903,0.9101140863338575,2185,GPD,tail,21.39793168391183,0.090625,Puntarenas_OTROS_Hidrometereológico
-0.11588613388008903,0.9101140863338575,2186,GPD,tail,21.39793168391183,0.090625,Puntarenas_OTROS_Hidrometereológico
-0.11588613388008903,0.9101140863338575,2187,GPD,tail,21.39793168391183,0.090625,Puntarenas_OTROS_Hidrometereológico
-0.11588613388008903,0.9101140863338575,2188,GPD,tail,21.39793168391183,0.090625,Puntarenas_OTROS_Hidrometereológico
-0.11588613388008903,0.9101140863338575,2189,GPD,tail,21.39793168391183,0.090625,Puntarenas_OTROS_Hidrometereológico
-0.09265263678652233,0.976156580642631,2190,GPD,tail,21.39793168391183,0.090625,Puntarenas_OTROS_Hidrometereológico
-0.09265263678652233,0.976156580642631,2191,GPD,tail,21.39793168391183,0.090625,Puntarenas_OTROS_Hidrometereológico
-0.09265263678652233,0.976156580642631,2192,GPD,tail,21.39793168391183,0.090625,Puntarenas_OTROS_Hidrometereológico
-0.09265263678652233,0.976156580642631,2193,GPD,tail,21.39793168391183,0.090625,Puntarenas_OTROS_Hidrometereológico
-0.09265263678652233,0.976156580642631,2194,GPD,tail,21.39793168391183,0.090625,Puntarenas_OTROS_Hidrometereológico
-0.09265263678652233,0.976156580642631,2195,GPD,tail,21.39793168391183,0.090625,Puntarenas_OTROS_Hidrometereológico
-0.09265263678652233,0.976156580642631,2196,GPD,tail,21.39793168391183,0.090625,Puntarenas_OTROS_Hidrometereológico
-0.09265263678652233,0.976156580642631,2197,GPD,tail,21.39793168391183,0.090625,Puntarenas_OTROS_Hidrometereológico
-0.09265263678652233,0.976156580642631,2198,GPD,tail,21.39793168391183,0.090625,Puntarenas_OTROS_Hidrometereológico
-0.09265263678652233,0.976156580642631,2199,GPD,tail,21.39793168391183,0.090625,Puntarenas_OTROS_Hidrometereológico
-0.10103969647089411,0.8227722380373311,2200,GPD,tail,21.39793168391183,0.090625,Puntarenas_OTROS_Hidrometereológico
-0.10103969647089411,0.8227722380373311,2201,GPD,tail,21.39793168391183,0.090625,Puntarenas_OTROS_Hidrometereológico
-0.10103969647089411,0.8227722380373311,2202,GPD,tail,21.39793168391183,0.090625,Puntarenas_OTROS_Hidrometereológico
-0.10103969647089411,0.8227722380373311,2203,GPD,tail,21.39793168391183,0.090625,Puntarenas_OTROS_Hidrometereológico
-0.10103969647089411,0.8227722380373311,2204,GPD,tail,21.39793168391183,0.090625,Puntarenas_OTROS_Hidrometereológico
-0.10103969647089411,0.8227722380373311,2205,GPD,tail,21.39793168391183,0.090625,Puntarenas_OTROS_Hidrometereológico
-0.10103969647089411,0.8227722380373311,2206,GPD,tail,21.39793168391183,0.090625,Puntarenas_OTROS_Hidrometereológico
-0.10103969647089411,0.8227722380373311,2207,GPD,tail,21.39793168391183,0.090625,Puntarenas_OTROS_Hidrometereológico
-0.10103969647089411,0.8227722380373311,2208,GPD,tail,21.39793168391183,0.090625,Puntarenas_OTROS_Hidrometereológico
-0.10103969647089411,0.8227722380373311,2209,GPD,tail,21.39793168391183,0.090625,Puntarenas_OTROS_Hidrometereológico
-0.10103969647089411,0.8227722380373311,2210,GPD,tail,21.39793168391183,0.090625,Puntarenas_OTROS_Hidrometereológico
-0.10103969647089411,0.8227722380373311,2211,GPD,tail,21.39793168391183,0.090625,Puntarenas_OTROS_Hidrometereológico
-0.10103969647089411,0.8227722380373311,2212,GPD,tail,21.39793168391183,0.090625,Puntarenas_OTROS_Hidrometereológico
-0.10103969647089411,0.8227722380373311,2213,GPD,tail,21.39793168391183,0.090625,Puntarenas_OTROS_Hidrometereológico
-0.10103969647089411,0.8227722380373311,2214,GPD,tail,21.39793168391183,0.090625,Puntarenas_OTROS_Hidrometereológico
-0.05822902014914094,0.8751620130807662,2215,GPD,tail,21.39793168391183,0.090625,Puntarenas_OTROS_Hidrometereológico
-0.05822902014914094,0.8751620130807662,2216,GPD,tail,21.39793168391183,0.090625,Puntarenas_OTROS_Hidrometereológico
-0.05822902014914094,0.8751620130807662,2217,GPD,tail,21.39793168391183,0.090625,Puntarenas_OTROS_Hidrometereológico
-0.05822902014914094,0.8751620130807662,2218,GPD,tail,21.39793168391183,0.090625,Puntarenas_OTROS_Hidrometereológico
-0.05822902014914094,0.8751620130807662,2219,GPD,tail,21.39793168391183,0.090625,Puntarenas_OTROS_Hidrometereológico
-0.05822902014914094,0.8751620130807662,2220,GPD,tail,21.39793168391183,0.090625,Puntarenas_OTROS_Hidrometereológico
-0.05822902014914094,0.8751620130807662,2221,GPD,tail,21.39793168391183,0.090625,Puntarenas_OTROS_Hidrometereológico
-0.05822902014914094,0.8751620130807662,2222,GPD,tail,21.39793168391183,0.090625,Puntarenas_OTROS_Hidrometereológico
-0.05822902014914094,0.8751620130807662,2223,GPD,tail,21.39793168391183,0.090625,Puntarenas_OTROS_Hidrometereológico
-0.0677440705096743,0.8592791917312632,2224,GPD,tail,21.39793168391183,0.090625,Puntarenas_OTROS_Hidrometereológico
-0.0677440705096743,0.8592791917312632,2225,GPD,tail,21.39793168391183,0.090625,Puntarenas_OTROS_Hidrometereológico
-0.0677440705096743,0.8592791917312632,2226,GPD,tail,21.39793168391183,0.090625,Puntarenas_OTROS_Hidrometereológico
-0.0677440705096743,0.8592791917312632,2227,GPD,tail,21.39793168391183,0.090625,Puntarenas_OTROS_Hidrometereológico
-0.0677440705096743,0.8592791917312632,2228,GPD,tail,21.39793168391183,0.090625,Puntarenas_OTROS_Hidrometereológico
-0.0677440705096743,0.8592791917312632,2229,GPD,tail,21.39793168391183,0.090625,Puntarenas_OTROS_Hidrometereológico
-0.07579584124451604,0.8494293621468967,2230,GPD,tail,21.39793168391183,0.090625,Puntarenas_OTROS_Hidrometereológico
-0.07579584124451604,0.8494293621468967,2231,GPD,tail,21.39793168391183,0.090625,Puntarenas_OTROS_Hidrometereológico
-0.07579584124451604,0.8494293621468967,2232,GPD,tail,21.39793168391183,0.090625,Puntarenas_OTROS_Hidrometereológico
-0.07579584124451604,0.8494293621468967,2233,GPD,tail,21.39793168391183,0.090625,Puntarenas_OTROS_Hidrometereológico
-0.07579584124451604,0.8494293621468967,2234,GPD,tail,21.39793168391183,0.090625,Puntarenas_OTROS_Hidrometereológico
-0.07579584124451604,0.8494293621468967,2235,GPD,tail,21.39793168391183,0.090625,Puntarenas_OTROS_Hidrometereológico
-0.07579584124451604,0.8494293621468967,2236,GPD,tail,21.39793168391183,0.090625,Puntarenas_OTROS_Hidrometereológico
-0.07579584124451604,0.8494293621468967,2237,GPD,tail,21.39793168391183,0.090625,Puntarenas_OTROS_Hidrometereológico
-0.07579584124451604,0.8494293621468967,2238,GPD,tail,21.39793168391183,0.090625,Puntarenas_OTROS_Hidrometereológico
-0.07579584124451604,0.8494293621468967,2239,GPD,tail,21.39793168391183,0.090625,Puntarenas_OTROS_Hidrometereológico
-0.07579584124451604,0.8494293621468967,2240,GPD,tail,21.39793168391183,0.090625,Puntarenas_OTROS_Hidrometereológico
-0.07579584124451604,0.8494293621468967,2241,GPD,tail,21.39793168391183,0.090625,Puntarenas_OTROS_Hidrometereológico
-0.07579584124451604,0.8494293621468967,2242,GPD,tail,21.39793168391183,0.090625,Puntarenas_OTROS_Hidrometereológico
-0.07579584124451604,0.8494293621468967,2243,GPD,tail,21.39793168391183,0.090625,Puntarenas_OTROS_Hidrometereológico
-0.07579584124451604,0.8494293621468967,2244,GPD,tail,21.39793168391183,0.090625,Puntarenas_OTROS_Hidrometereológico
-0.07579584124451604,0.8494293621468967,2245,GPD,tail,21.39793168391183,0.090625,Puntarenas_OTROS_Hidrometereológico
-0.07579584124451604,0.8494293621468967,2246,GPD,tail,21.39793168391183,0.090625,Puntarenas_OTROS_Hidrometereológico
-0.07579584124451604,0.8494293621468967,2247,GPD,tail,21.39793168391183,0.090625,Puntarenas_OTROS_Hidrometereológico
-0.07579584124451604,0.8494293621468967,2248,GPD,tail,21.39793168391183,0.090625,Puntarenas_OTROS_Hidrometereológico
-0.07579584124451604,0.8494293621468967,2249,GPD,tail,21.39793168391183,0.090625,Puntarenas_OTROS_Hidrometereológico
-0.07579584124451604,0.8494293621468967,2250,GPD,tail,21.39793168391183,0.090625,Puntarenas_OTROS_Hidrometereológico
-0.07579584124451604,0.8494293621468967,2251,GPD,tail,21.39793168391183,0.090625,Puntarenas_OTROS_Hidrometereológico
-0.07579584124451604,0.8494293621468967,2252,GPD,tail,21.39793168391183,0.090625,Puntarenas_OTROS_Hidrometereológico
-0.07579584124451604,0.8494293621468967,2253,GPD,tail,21.39793168391183,0.090625,Puntarenas_OTROS_Hidrometereológico
-0.07579584124451604,0.8494293621468967,2254,GPD,tail,21.39793168391183,0.090625,Puntarenas_OTROS_Hidrometereológico
-0.07579584124451604,0.8494293621468967,2255,GPD,tail,21.39793168391183,0.090625,Puntarenas_OTROS_Hidrometereológico
-0.07579584124451604,0.8494293621468967,2256,GPD,tail,21.39793168391183,0.090625,Puntarenas_OTROS_Hidrometereológico
-0.07579584124451604,0.8494293621468967,2257,GPD,tail,21.39793168391183,0.090625,Puntarenas_OTROS_Hidrometereológico
-0.07579584124451604,0.8494293621468967,2258,GPD,tail,21.39793168391183,0.090625,Puntarenas_OTROS_Hidrometereológico
-0.07579584124451604,0.8494293621468967,2259,GPD,tail,21.39793168391183,0.090625,Puntarenas_OTROS_Hidrometereológico
-0.07579584124451604,0.8494293621468967,2260,GPD,tail,21.39793168391183,0.090625,Puntarenas_OTROS_Hidrometereológico
-0.07579584124451604,0.8494293621468967,2261,GPD,tail,21.39793168391183,0.090625,Puntarenas_OTROS_Hidrometereológico
-0.07579584124451604,0.8494293621468967,2262,GPD,tail,21.39793168391183,0.090625,Puntarenas_OTROS_Hidrometereológico
-0.07579584124451604,0.8494293621468967,2263,GPD,tail,21.39793168391183,0.090625,Puntarenas_OTROS_Hidrometereológico
-0.07579584124451604,0.8494293621468967,2264,GPD,tail,21.39793168391183,0.090625,Puntarenas_OTROS_Hidrometereológico
-0.07579584124451604,0.8494293621468967,2265,GPD,tail,21.39793168391183,0.090625,Puntarenas_OTROS_Hidrometereológico
-0.07579584124451604,0.8494293621468967,2266,GPD,tail,21.39793168391183,0.090625,Puntarenas_OTROS_Hidrometereológico
-0.07579584124451604,0.8494293621468967,2267,GPD,tail,21.39793168391183,0.090625,Puntarenas_OTROS_Hidrometereológico
-0.07579584124451604,0.8494293621468967,2268,GPD,tail,21.39793168391183,0.090625,Puntarenas_OTROS_Hidrometereológico
-0.07579584124451604,0.8494293621468967,2269,GPD,tail,21.39793168391183,0.090625,Puntarenas_OTROS_Hidrometereológico
-0.07579584124451604,0.8494293621468967,2270,GPD,tail,21.39793168391183,0.090625,Puntarenas_OTROS_Hidrometereológico
-0.07579584124451604,0.8494293621468967,2271,GPD,tail,21.39793168391183,0.090625,Puntarenas_OTROS_Hidrometereológico
-0.07579584124451604,0.8494293621468967,2272,GPD,tail,21.39793168391183,0.090625,Puntarenas_OTROS_Hidrometereológico
-0.07579584124451604,0.8494293621468967,2273,GPD,tail,21.39793168391183,0.090625,Puntarenas_OTROS_Hidrometereológico
-0.12750364598812358,0.9515877196205084,2274,GPD,tail,21.39793168391183,0.090625,Puntarenas_OTROS_Hidrometereológico
-0.12750364598812358,0.9515877196205084,2275,GPD,tail,21.39793168391183,0.090625,Puntarenas_OTROS_Hidrometereológico
-0.12750364598812358,0.9515877196205084,2276,GPD,tail,21.39793168391183,0.090625,Puntarenas_OTROS_Hidrometereológico
-0.12750364598812358,0.9515877196205084,2277,GPD,tail,21.39793168391183,0.090625,Puntarenas_OTROS_Hidrometereológico
-0.12750364598812358,0.9515877196205084,2278,GPD,tail,21.39793168391183,0.090625,Puntarenas_OTROS_Hidrometereológico
-0.12750364598812358,0.9515877196205084,2279,GPD,tail,21.39793168391183,0.090625,Puntarenas_OTROS_Hidrometereológico
-0.12750364598812358,0.9515877196205084,2280,GPD,tail,21.39793168391183,0.090625,Puntarenas_OTROS_Hidrometereológico
-0.12750364598812358,0.9515877196205084,2281,GPD,tail,21.39793168391183,0.090625,Puntarenas_OTROS_Hidrometereológico
-0.12750364598812358,0.9515877196205084,2282,GPD,tail,21.39793168391183,0.090625,Puntarenas_OTROS_Hidrometereológico
-0.12750364598812358,0.9515877196205084,2283,GPD,tail,21.39793168391183,0.090625,Puntarenas_OTROS_Hidrometereológico
-0.12750364598812358,0.9515877196205084,2284,GPD,tail,21.39793168391183,0.090625,Puntarenas_OTROS_Hidrometereológico
-0.12750364598812358,0.9515877196205084,2285,GPD,tail,21.39793168391183,0.090625,Puntarenas_OTROS_Hidrometereológico
-0.12750364598812358,0.9515877196205084,2286,GPD,tail,21.39793168391183,0.090625,Puntarenas_OTROS_Hidrometereológico
-0.12750364598812358,0.9515877196205084,2287,GPD,tail,21.39793168391183,0.090625,Puntarenas_OTROS_Hidrometereológico
-0.12750364598812358,0.9515877196205084,2288,GPD,tail,21.39793168391183,0.090625,Puntarenas_OTROS_Hidrometereológico
-0.12750364598812358,0.9515877196205084,2289,GPD,tail,21.39793168391183,0.090625,Puntarenas_OTROS_Hidrometereológico
-0.12750364598812358,0.9515877196205084,2290,GPD,tail,21.39793168391183,0.090625,Puntarenas_OTROS_Hidrometereológico
-0.12750364598812358,0.9515877196205084,2291,GPD,tail,21.39793168391183,0.090625,Puntarenas_OTROS_Hidrometereológico
-0.12750364598812358,0.9515877196205084,2292,GPD,tail,21.39793168391183,0.090625,Puntarenas_OTROS_Hidrometereológico
-0.12750364598812358,0.9515877196205084,2293,GPD,tail,21.39793168391183,0.090625,Puntarenas_OTROS_Hidrometereológico
-0.12750364598812358,0.9515877196205084,2294,GPD,tail,21.39793168391183,0.090625,Puntarenas_OTROS_Hidrometereológico
-0.12750364598812358,0.9515877196205084,2295,GPD,tail,21.39793168391183,0.090625,Puntarenas_OTROS_Hidrometereológico
-0.12750364598812358,0.9515877196205084,2296,GPD,tail,21.39793168391183,0.090625,Puntarenas_OTROS_Hidrometereológico
-0.12750364598812358,0.9515877196205084,2297,GPD,tail,21.39793168391183,0.090625,Puntarenas_OTROS_Hidrometereológico
-0.12750364598812358,0.9515877196205084,2298,GPD,tail,21.39793168391183,0.090625,Puntarenas_OTROS_Hidrometereológico
-0.12750364598812358,0.9515877196205084,2299,GPD,tail,21.39793168391183,0.090625,Puntarenas_OTROS_Hidrometereológico
-0.12750364598812358,0.9515877196205084,2300,GPD,tail,21.39793168391183,0.090625,Puntarenas_OTROS_Hidrometereológico
-0.12750364598812358,0.9515877196205084,2301,GPD,tail,21.39793168391183,0.090625,Puntarenas_OTROS_Hidrometereológico
-0.12750364598812358,0.9515877196205084,2302,GPD,tail,21.39793168391183,0.090625,Puntarenas_OTROS_Hidrometereológico
-0.12750364598812358,0.9515877196205084,2303,GPD,tail,21.39793168391183,0.090625,Puntarenas_OTROS_Hidrometereológico
-0.12750364598812358,0.9515877196205084,2304,GPD,tail,21.39793168391183,0.090625,Puntarenas_OTROS_Hidrometereológico
-0.12750364598812358,0.9515877196205084,2305,GPD,tail,21.39793168391183,0.090625,Puntarenas_OTROS_Hidrometereológico
-0.12750364598812358,0.9515877196205084,2306,GPD,tail,21.39793168391183,0.090625,Puntarenas_OTROS_Hidrometereológico
-0.12750364598812358,0.9515877196205084,2307,GPD,tail,21.39793168391183,0.090625,Puntarenas_OTROS_Hidrometereológico
-0.12750364598812358,0.9515877196205084,2308,GPD,tail,21.39793168391183,0.090625,Puntarenas_OTROS_Hidrometereológico
-0.12750364598812358,0.9515877196205084,2309,GPD,tail,21.39793168391183,0.090625,Puntarenas_OTROS_Hidrometereológico
-0.12750364598812358,0.9515877196205084,2310,GPD,tail,21.39793168391183,0.090625,Puntarenas_OTROS_Hidrometereológico
-0.12750364598812358,0.9515877196205084,2311,GPD,tail,21.39793168391183,0.090625,Puntarenas_OTROS_Hidrometereológico
-0.12750364598812358,0.9515877196205084,2312,GPD,tail,21.39793168391183,0.090625,Puntarenas_OTROS_Hidrometereológico
-0.12750364598812358,0.9515877196205084,2313,GPD,tail,21.39793168391183,0.090625,Puntarenas_OTROS_Hidrometereológico
-0.12750364598812358,0.9515877196205084,2314,GPD,tail,21.39793168391183,0.090625,Puntarenas_OTROS_Hidrometereológico
-0.013846820828251533,0.8548054428231522,2315,GPD,tail,21.39793168391183,0.090625,Puntarenas_OTROS_Hidrometereológico
-0.013846820828251533,0.8548054428231522,2316,GPD,tail,21.39793168391183,0.090625,Puntarenas_OTROS_Hidrometereológico
-0.013846820828251533,0.8548054428231522,2317,GPD,tail,21.39793168391183,0.090625,Puntarenas_OTROS_Hidrometereológico
-0.013846820828251533,0.8548054428231522,2318,GPD,tail,21.39793168391183,0.090625,Puntarenas_OTROS_Hidrometereológico
-0.013846820828251533,0.8548054428231522,2319,GPD,tail,21.39793168391183,0.090625,Puntarenas_OTROS_Hidrometereológico
-0.013846820828251533,0.8548054428231522,2320,GPD,tail,21.39793168391183,0.090625,Puntarenas_OTROS_Hidrometereológico
-0.013846820828251533,0.8548054428231522,2321,GPD,tail,21.39793168391183,0.090625,Puntarenas_OTROS_Hidrometereológico
0.017473285988272025,0.7701320602807882,2322,GPD,tail,21.39793168391183,0.090625,Puntarenas_OTROS_Hidrometereológico
0.017473285988272025,0.7701320602807882,2323,GPD,tail,21.39793168391183,0.090625,Puntarenas_OTROS_Hidrometereológico
0.017473285988272025,0.7701320602807882,2324,GPD,tail,21.39793168391183,0.090625,Puntarenas_OTROS_Hidrometereológico
0.017473285988272025,0.7701320602807882,2325,GPD,tail,21.39793168391183,0.090625,Puntarenas_OTROS_Hidrometereológico
0.017473285988272025,0.7701320602807882,2326,GPD,tail,21.39793168391183,0.090625,Puntarenas_OTROS_Hidrometereológico
0.017473285988272025,0.7701320602807882,2327,GPD,tail,21.39793168391183,0.090625,Puntarenas_OTROS_Hidrometereológico
-0.006439026745936823,0.7403159104244939,2328,GPD,tail,21.39793168391183,0.090625,Puntarenas_OTROS_Hidrometereológico
-0.006439026745936823,0.7403159104244939,2329,GPD,tail,21.39793168391183,0.090625,Puntarenas_OTROS_Hidrometereológico
-0.12983735581996295,1.0064322599939577,2330,GPD,tail,21.39793168391183,0.090625,Puntarenas_OTROS_Hidrometereológico
-0.08889816415536086,0.8243393366260938,2331,GPD,tail,21.39793168391183,0.090625,Puntarenas_OTROS_Hidrometereológico
-0.08889816415536086,0.8243393366260938,2332,GPD,tail,21.39793168391183,0.090625,Puntarenas_OTROS_Hidrometereológico
-0.08889816415536086,0.8243393366260938,2333,GPD,tail,21.39793168391183,0.090625,Puntarenas_OTROS_Hidrometereológico
-0.08889816415536086,0.8243393366260938,2334,GPD,tail,21.39793168391183,0.090625,Puntarenas_OTROS_Hidrometereológico
-0.08889816415536086,0.8243393366260938,2335,GPD,tail,21.39793168391183,0.090625,Puntarenas_OTROS_Hidrometereológico
-0.08889816415536086,0.8243393366260938,2336,GPD,tail,21.39793168391183,0.090625,Puntarenas_OTROS_Hidrometereológico
-0.08889816415536086,0.8243393366260938,2337,GPD,tail,21.39793168391183,0.090625,Puntarenas_OTROS_Hidrometereológico
-0.08889816415536086,0.8243393366260938,2338,GPD,tail,21.39793168391183,0.090625,Puntarenas_OTROS_Hidrometereológico
-0.08889816415536086,0.8243393366260938,2339,GPD,tail,21.39793168391183,0.090625,Puntarenas_OTROS_Hidrometereológico
-0.08889816415536086,0.8243393366260938,2340,GPD,tail,21.39793168391183,0.090625,Puntarenas_OTROS_Hidrometereológico
-0.08889816415536086,0.8243393366260938,2341,GPD,tail,21.39793168391183,0.090625,Puntarenas_OTROS_Hidrometereológico
-0.08889816415536086,0.8243393366260938,2342,GPD,tail,21.39793168391183,0.090625,Puntarenas_OTROS_Hidrometereológico
-0.08889816415536086,0.8243393366260938,2343,GPD,tail,21.39793168391183,0.090625,Puntarenas_OTROS_Hidrometereológico
-0.08889816415536086,0.8243393366260938,2344,GPD,tail,21.39793168391183,0.090625,Puntarenas_OTROS_Hidrometereológico
-0.08889816415536086,0.8243393366260938,2345,GPD,tail,21.39793168391183,0.090625,Puntarenas_OTROS_Hidrometereológico
-0.08889816415536086,0.8243393366260938,2346,GPD,tail,21.39793168391183,0.090625,Puntarenas_OTROS_Hidrometereológico
-0.08889816415536086,0.8243393366260938,2347,GPD,tail,21.39793168391183,0.090625,Puntarenas_OTROS_Hidrometereológico
-0.08889816415536086,0.8243393366260938,2348,GPD,tail,21.39793168391183,0.090625,Puntarenas_OTROS_Hidrometereológico
-0.08889816415536086,0.8243393366260938,2349,GPD,tail,21.39793168391183,0.090625,Puntarenas_OTROS_Hidrometereológico
-0.08889816415536086,0.8243393366260938,2350,GPD,tail,21.39793168391183,0.090625,Puntarenas_OTROS_Hidrometereológico
-0.08889816415536086,0.8243393366260938,2351,GPD,tail,21.39793168391183,0.090625,Puntarenas_OTROS_Hidrometereológico
-0.08889816415536086,0.8243393366260938,2352,GPD,tail,21.39793168391183,0.090625,Puntarenas_OTROS_Hidrometereológico
-0.08889816415536086,0.8243393366260938,2353,GPD,tail,21.39793168391183,0.090625,Puntarenas_OTROS_Hidrometereológico
-0.08889816415536086,0.8243393366260938,2354,GPD,tail,21.39793168391183,0.090625,Puntarenas_OTROS_Hidrometereológico
-0.08889816415536086,0.8243393366260938,2355,GPD,tail,21.39793168391183,0.090625,Puntarenas_OTROS_Hidrometereológico
-0.08889816415536086,0.8243393366260938,2356,GPD,tail,21.39793168391183,0.090625,Puntarenas_OTROS_Hidrometereológico
-0.08889816415536086,0.8243393366260938,2357,GPD,tail,21.39793168391183,0.090625,Puntarenas_OTROS_Hidrometereológico
-0.08889816415536086,0.8243393366260938,2358,GPD,tail,21.39793168391183,0.090625,Puntarenas_OTROS_Hidrometereológico
-0.08889816415536086,0.8243393366260938,2359,GPD,tail,21.39793168391183,0.090625,Puntarenas_OTROS_Hidrometereológico
-0.08889816415536086,0.8243393366260938,2360,GPD,tail,21.39793168391183,0.090625,Puntarenas_OTROS_Hidrometereológico
-0.08889816415536086,0.8243393366260938,2361,GPD,tail,21.39793168391183,0.090625,Puntarenas_OTROS_Hidrometereológico
-0.08889816415536086,0.8243393366260938,2362,GPD,tail,21.39793168391183,0.090625,Puntarenas_OTROS_Hidrometereológico
-0.08889816415536086,0.8243393366260938,2363,GPD,tail,21.39793168391183,0.090625,Puntarenas_OTROS_Hidrometereológico
-0.08889816415536086,0.8243393366260938,2364,GPD,tail,21.39793168391183,0.090625,Puntarenas_OTROS_Hidrometereológico
-0.08889816415536086,0.8243393366260938,2365,GPD,tail,21.39793168391183,0.090625,Puntarenas_OTROS_Hidrometereológico
-0.08889816415536086,0.8243393366260938,2366,GPD,tail,21.39793168391183,0.090625,Puntarenas_OTROS_Hidrometereológico
-0.08889816415536086,0.8243393366260938,2367,GPD,tail,21.39793168391183,0.090625,Puntarenas_OTROS_Hidrometereológico
-0.02390888104956007,0.8115182975907679,2368,GPD,tail,21.39793168391183,0.090625,Puntarenas_OTROS_Hidrometereológico
-0.02390888104956007,0.8115182975907679,2369,GPD,tail,21.39793168391183,0.090625,Puntarenas_OTROS_Hidrometereológico
-0.02390888104956007,0.8115182975907679,2370,GPD,tail,21.39793168391183,0.090625,Puntarenas_OTROS_Hidrometereológico
-0.02390888104956007,0.8115182975907679,2371,GPD,tail,21.39793168391183,0.090625,Puntarenas_OTROS_Hidrometereológico
-0.02390888104956007,0.8115182975907679,2372,GPD,tail,21.39793168391183,0.090625,Puntarenas_OTROS_Hidrometereológico
-0.02390888104956007,0.8115182975907679,2373,GPD,tail,21.39793168391183,0.090625,Puntarenas_OTROS_Hidrometereológico
-0.02390888104956007,0.8115182975907679,2374,GPD,tail,21.39793168391183,0.090625,Puntarenas_OTROS_Hidrometereológico
-0.027339833368473735,0.7705016445303954,2375,GPD,tail,21.39793168391183,0.090625,Puntarenas_OTROS_Hidrometereológico
0.020025940924088746,0.9209914033326444,2376,GPD,tail,21.39793168391183,0.090625,Puntarenas_OTROS_Hidrometereológico
-0.0003146816649152451,0.8691211877555901,2377,GPD,tail,21.39793168391183,0.090625,Puntarenas_OTROS_Hidrometereológico
-0.0003146816649152451,0.8691211877555901,2378,GPD,tail,21.39793168391183,0.090625,Puntarenas_OTROS_Hidrometereológico
-0.0003146816649152451,0.8691211877555901,2379,GPD,tail,21.39793168391183,0.090625,Puntarenas_OTROS_Hidrometereológico
-0.0003146816649152451,0.8691211877555901,2380,GPD,tail,21.39793168391183,0.090625,Puntarenas_OTROS_Hidrometereológico
-0.0003146816649152451,0.8691211877555901,2381,GPD,tail,21.39793168391183,0.090625,Puntarenas_OTROS_Hidrometereológico
-0.0003146816649152451,0.8691211877555901,2382,GPD,tail,21.39793168391183,0.090625,Puntarenas_OTROS_Hidrometereológico
-0.0003146816649152451,0.8691211877555901,2383,GPD,tail,21.39793168391183,0.090625,Puntarenas_OTROS_Hidrometereológico
-0.0003146816649152451,0.8691211877555901,2384,GPD,tail,21.39793168391183,0.090625,Puntarenas_OTROS_Hidrometereológico
-0.0003146816649152451,0.8691211877555901,2385,GPD,tail,21.39793168391183,0.090625,Puntarenas_OTROS_Hidrometereológico
-0.0003146816649152451,0.8691211877555901,2386,GPD,tail,21.39793168391183,0.090625,Puntarenas_OTROS_Hidrometereológico
-0.0003146816649152451,0.8691211877555901,2387,GPD,tail,21.39793168391183,0.090625,Puntarenas_OTROS_Hidrometereológico
-0.0003146816649152451,0.8691211877555901,2388,GPD,tail,21.39793168391183,0.090625,Puntarenas_OTROS_Hidrometereológico
-0.0003146816649152451,0.8691211877555901,2389,GPD,tail,21.39793168391183,0.090625,Puntarenas_OTROS_Hidrometereológico
-0.0003146816649152451,0.8691211877555901,2390,GPD,tail,21.39793168391183,0.090625,Puntarenas_OTROS_Hidrometereológico
-0.0003146816649152451,0.8691211877555901,2391,GPD,tail,21.39793168391183,0.090625,Puntarenas_OTROS_Hidrometereológico
-0.0003146816649152451,0.8691211877555901,2392,GPD,tail,21.39793168391183,0.090625,Puntarenas_OTROS_Hidrometereológico
-0.0003146816649152451,0.8691211877555901,2393,GPD,tail,21.39793168391183,0.090625,Puntarenas_OTROS_Hidrometereológico
-0.0003146816649152451,0.8691211877555901,2394,GPD,tail,21.39793168391183,0.090625,Puntarenas_OTROS_Hidrometereológico
-0.0003146816649152451,0.8691211877555901,2395,GPD,tail,21.39793168391183,0.090625,Puntarenas_OTROS_Hidrometereológico
-0.0003146816649152451,0.8691211877555901,2396,GPD,tail,21.39793168391183,0.090625,Puntarenas_OTROS_Hidrometereológico
-0.0003146816649152451,0.8691211877555901,2397,GPD,tail,21.39793168391183,0.090625,Puntarenas_OTROS_Hidrometereológico
-0.0003146816649152451,0.8691211877555901,2398,GPD,tail,21.39793168391183,0.090625,Puntarenas_OTROS_Hidrometereológico
-0.0003146816649152451,0.8691211877555901,2399,GPD,tail,21.39793168391183,0.090625,Puntarenas_OTROS_Hidrometereológico
0.04592193851217274,0.7120832940098676,2400,GPD,tail,21.39793168391183,0.090625,Puntarenas_OTROS_Hidrometereológico
0.04592193851217274,0.7120832940098676,2401,GPD,tail,21.39793168391183,0.090625,Puntarenas_OTROS_Hidrometereológico
0.01411493275593996,0.7545856293424298,2402,GPD,tail,21.39793168391183,0.090625,Puntarenas_OTROS_Hidrometereológico
0.01411493275593996,0.7545856293424298,2403,GPD,tail,21.39793168391183,0.090625,Puntarenas_OTROS_Hidrometereológico
0.01411493275593996,0.7545856293424298,2404,GPD,tail,21.39793168391183,0.090625,Puntarenas_OTROS_Hidrometereológico
0.01411493275593996,0.7545856293424298,2405,GPD,tail,21.39793168391183,0.090625,Puntarenas_OTROS_Hidrometereológico
0.01411493275593996,0.7545856293424298,2406,GPD,tail,21.39793168391183,0.090625,Puntarenas_OTROS_Hidrometereológico
0.01411493275593996,0.7545856293424298,2407,GPD,tail,21.39793168391183,0.090625,Puntarenas_OTROS_Hidrometereológico
0.01411493275593996,0.7545856293424298,2408,GPD,tail,21.39793168391183,0.090625,Puntarenas_OTROS_Hidrometereológico
0.01411493275593996,0.7545856293424298,2409,GPD,tail,21.39793168391183,0.090625,Puntarenas_OTROS_Hidrometereológico
-0.1342716800714,0.7983646361957251,2410,GPD,tail,21.39793168391183,0.090625,Puntarenas_OTROS_Hidrometereológico
-0.12514100966098524,1.0436151460432903,2411,GPD,tail,21.39793168391183,0.090625,Puntarenas_OTROS_Hidrometereológico
-0.12514100966098524,1.0436151460432903,2412,GPD,tail,21.39793168391183,0.090625,Puntarenas_OTROS_Hidrometereológico
-0.12514100966098524,1.0436151460432903,2413,GPD,tail,21.39793168391183,0.090625,Puntarenas_OTROS_Hidrometereológico
-0.12514100966098524,1.0436151460432903,2414,GPD,tail,21.39793168391183,0.090625,Puntarenas_OTROS_Hidrometereológico
-0.12514100966098524,1.0436151460432903,2415,GPD,tail,21.39793168391183,0.090625,Puntarenas_OTROS_Hidrometereológico
-0.12514100966098524,1.0436151460432903,2416,GPD,tail,21.39793168391183,0.090625,Puntarenas_OTROS_Hidrometereológico
-0.12514100966098524,1.0436151460432903,2417,GPD,tail,21.39793168391183,0.090625,Puntarenas_OTROS_Hidrometereológico
-0.12514100966098524,1.0436151460432903,2418,GPD,tail,21.39793168391183,0.090625,Puntarenas_OTROS_Hidrometereológico
-0.12514100966098524,1.0436151460432903,2419,GPD,tail,21.39793168391183,0.090625,Puntarenas_OTROS_Hidrometereológico
-0.12514100966098524,1.0436151460432903,2420,GPD,tail,21.39793168391183,0.090625,Puntarenas_OTROS_Hidrometereológico
-0.12514100966098524,1.0436151460432903,2421,GPD,tail,21.39793168391183,0.090625,Puntarenas_OTROS_Hidrometereológico
0.042913969087899934,0.8138016379439471,2422,GPD,tail,21.39793168391183,0.090625,Puntarenas_OTROS_Hidrometereológico
0.042913969087899934,0.8138016379439471,2423,GPD,tail,21.39793168391183,0.090625,Puntarenas_OTROS_Hidrometereológico
0.042913969087899934,0.8138016379439471,2424,GPD,tail,21.39793168391183,0.090625,Puntarenas_OTROS_Hidrometereológico
-0.13437946335020773,0.8050043440331409,2425,GPD,tail,21.39793168391183,0.090625,Puntarenas_OTROS_Hidrometereológico
-0.13437946335020773,0.8050043440331409,2426,GPD,tail,21.39793168391183,0.090625,Puntarenas_OTROS_Hidrometereológico
-0.13437946335020773,0.8050043440331409,2427,GPD,tail,21.39793168391183,0.090625,Puntarenas_OTROS_Hidrometereológico
-0.13437946335020773,0.8050043440331409,2428,GPD,tail,21.39793168391183,0.090625,Puntarenas_OTROS_Hidrometereológico
-0.13437946335020773,0.8050043440331409,2429,GPD,tail,21.39793168391183,0.090625,Puntarenas_OTROS_Hidrometereológico
0.09056826335073001,0.7676298365646979,2430,GPD,tail,21.39793168391183,0.090625,Puntarenas_OTROS_Hidrometereológico
0.09056826335073001,0.7676298365646979,2431,GPD,tail,21.39793168391183,0.090625,Puntarenas_OTROS_Hidrometereológico
-0.002680631937252584,0.8097688539455125,2432,GPD,tail,21.39793168391183,0.090625,Puntarenas_OTROS_Hidrometereológico
-0.002680631937252584,0.8097688539455125,2433,GPD,tail,21.39793168391183,0.090625,Puntarenas_OTROS_Hidrometereológico
-0.002680631937252584,0.8097688539455125,2434,GPD,tail,21.39793168391183,0.090625,Puntarenas_OTROS_Hidrometereológico
-0.002680631937252584,0.8097688539455125,2435,GPD,tail,21.39793168391183,0.090625,Puntarenas_OTROS_Hidrometereológico
-0.002680631937252584,0.8097688539455125,2436,GPD,tail,21.39793168391183,0.090625,Puntarenas_OTROS_Hidrometereológico
-0.002680631937252584,0.8097688539455125,2437,GPD,tail,21.39793168391183,0.090625,Puntarenas_OTROS_Hidrometereológico
-0.002680631937252584,0.8097688539455125,2438,GPD,tail,21.39793168391183,0.090625,Puntarenas_OTROS_Hidrometereológico
-0.002680631937252584,0.8097688539455125,2439,GPD,tail,21.39793168391183,0.090625,Puntarenas_OTROS_Hidrometereológico
0.051283836491970734,0.8196303007152457,2440,GPD,tail,21.39793168391183,0.090625,Puntarenas_OTROS_Hidrometereológico
0.051283836491970734,0.8196303007152457,2441,GPD,tail,21.39793168391183,0.090625,Puntarenas_OTROS_Hidrometereológico
0.051283836491970734,0.8196303007152457,2442,GPD,tail,21.39793168391183,0.090625,Puntarenas_OTROS_Hidrometereológico
0.051283836491970734,0.8196303007152457,2443,GPD,tail,21.39793168391183,0.090625,Puntarenas_OTROS_Hidrometereológico
0.051283836491970734,0.8196303007152457,2444,GPD,tail,21.39793168391183,0.090625,Puntarenas_OTROS_Hidrometereológico
0.051283836491970734,0.8196303007152457,2445,GPD,tail,21.39793168391183,0.090625,Puntarenas_OTROS_Hidrometereológico
0.051283836491970734,0.8196303007152457,2446,GPD,tail,21.39793168391183,0.090625,Puntarenas_OTROS_Hidrometereológico
0.051283836491970734,0.8196303007152457,2447,GPD,tail,21.39793168391183,0.090625,Puntarenas_OTROS_Hidrometereológico
0.051283836491970734,0.8196303007152457,2448,GPD,tail,21.39793168391183,0.090625,Puntarenas_OTROS_Hidrometereológico
0.051283836491970734,0.8196303007152457,2449,GPD,tail,21.39793168391183,0.090625,Puntarenas_OTROS_Hidrometereológico
0.051283836491970734,0.8196303007152457,2450,GPD,tail,21.39793168391183,0.090625,Puntarenas_OTROS_Hidrometereológico
0.051283836491970734,0.8196303007152457,2451,GPD,tail,21.39793168391183,0.090625,Puntarenas_OTROS_Hidrometereológico
0.051283836491970734,0.8196303007152457,2452,GPD,tail,21.39793168391183,0.090625,Puntarenas_OTROS_Hidrometereológico
0.051283836491970734,0.8196303007152457,2453,GPD,tail,21.39793168391183,0.090625,Puntarenas_OTROS_Hidrometereológico
0.051283836491970734,0.8196303007152457,2454,GPD,tail,21.39793168391183,0.090625,Puntarenas_OTROS_Hidrometereológico
0.051283836491970734,0.8196303007152457,2455,GPD,tail,21.39793168391183,0.090625,Puntarenas_OTROS_Hidrometereológico
0.051283836491970734,0.8196303007152457,2456,GPD,tail,21.39793168391183,0.090625,Puntarenas_OTROS_Hidrometereológico
0.051283836491970734,0.8196303007152457,2457,GPD,tail,21.39793168391183,0.090625,Puntarenas_OTROS_Hidrometereológico
0.051283836491970734,0.8196303007152457,2458,GPD,tail,21.39793168391183,0.090625,Puntarenas_OTROS_Hidrometereológico
0.11564192904654746,0.6352647594739524,2459,GPD,tail,21.39793168391183,0.090625,Puntarenas_OTROS_Hidrometereológico
0.11564192904654746,0.6352647594739524,2460,GPD,tail,21.39793168391183,0.090625,Puntarenas_OTROS_Hidrometereológico
0.11564192904654746,0.6352647594739524,2461,GPD,tail,21.39793168391183,0.090625,Puntarenas_OTROS_Hidrometereológico
0.11564192904654746,0.6352647594739524,2462,GPD,tail,21.39793168391183,0.090625,Puntarenas_OTROS_Hidrometereológico
0.11564192904654746,0.6352647594739524,2463,GPD,tail,21.39793168391183,0.090625,Puntarenas_OTROS_Hidrometereológico
0.11564192904654746,0.6352647594739524,2464,GPD,tail,21.39793168391183,0.090625,Puntarenas_OTROS_Hidrometereológico
-0.10078404104167524,0.7465606534595877,2465,GPD,tail,21.39793168391183,0.090625,Puntarenas_OTROS_Hidrometereológico
-0.10078404104167524,0.7465606534595877,2466,GPD,tail,21.39793168391183,0.090625,Puntarenas_OTROS_Hidrometereológico
-0.10078404104167524,0.7465606534595877,2467,GPD,tail,21.39793168391183,0.090625,Puntarenas_OTROS_Hidrometereológico
-0.10078404104167524,0.7465606534595877,2468,GPD,tail,21.39793168391183,0.090625,Puntarenas_OTROS_Hidrometereológico
-0.10078404104167524,0.7465606534595877,2469,GPD,tail,21.39793168391183,0.090625,Puntarenas_OTROS_Hidrometereológico
-0.10078404104167524,0.7465606534595877,2470,GPD,tail,21.39793168391183,0.090625,Puntarenas_OTROS_Hidrometereológico
-0.10078404104167524,0.7465606534595877,2471,GPD,tail,21.39793168391183,0.090625,Puntarenas_OTROS_Hidrometereológico
0.022325870245191864,0.8099300759834199,2472,GPD,tail,21.39793168391183,0.090625,Puntarenas_OTROS_Hidrometereológico
0.022325870245191864,0.8099300759834199,2473,GPD,tail,21.39793168391183,0.090625,Puntarenas_OTROS_Hidrometereológico
0.022325870245191864,0.8099300759834199,2474,GPD,tail,21.39793168391183,0.090625,Puntarenas_OTROS_Hidrometereológico
0.022325870245191864,0.8099300759834199,2475,GPD,tail,21.39793168391183,0.090625,Puntarenas_OTROS_Hidrometereológico
0.022325870245191864,0.8099300759834199,2476,GPD,tail,21.39793168391183,0.090625,Puntarenas_OTROS_Hidrometereológico
0.022325870245191864,0.8099300759834199,2477,GPD,tail,21.39793168391183,0.090625,Puntarenas_OTROS_Hidrometereológico
0.022325870245191864,0.8099300759834199,2478,GPD,tail,21.39793168391183,0.090625,Puntarenas_OTROS_Hidrometereológico
0.022325870245191864,0.8099300759834199,2479,GPD,tail,21.39793168391183,0.090625,Puntarenas_OTROS_Hidrometereológico
0.022325870245191864,0.8099300759834199,2480,GPD,tail,21.39793168391183,0.090625,Puntarenas_OTROS_Hidrometereológico
0.022325870245191864,0.8099300759834199,2481,GPD,tail,21.39793168391183,0.090625,Puntarenas_OTROS_Hidrometereológico
0.022325870245191864,0.8099300759834199,2482,GPD,tail,21.39793168391183,0.090625,Puntarenas_OTROS_Hidrometereológico
0.022325870245191864,0.8099300759834199,2483,GPD,tail,21.39793168391183,0.090625,Puntarenas_OTROS_Hidrometereológico
0.022325870245191864,0.8099300759834199,2484,GPD,tail,21.39793168391183,0.090625,Puntarenas_OTROS_Hidrometereológico
0.022325870245191864,0.8099300759834199,2485,GPD,tail,21.39793168391183,0.090625,Puntarenas_OTROS_Hidrometereológico
0.022325870245191864,0.8099300759834199,2486,GPD,tail,21.39793168391183,0.090625,Puntarenas_OTROS_Hidrometereológico
0.022325870245191864,0.8099300759834199,2487,GPD,tail,21.39793168391183,0.090625,Puntarenas_OTROS_Hidrometereológico
0.022325870245191864,0.8099300759834199,2488,GPD,tail,21.39793168391183,0.090625,Puntarenas_OTROS_Hidrometereológico
0.022325870245191864,0.8099300759834199,2489,GPD,tail,21.39793168391183,0.090625,Puntarenas_OTROS_Hidrometereológico
0.022325870245191864,0.8099300759834199,2490,GPD,tail,21.39793168391183,0.090625,Puntarenas_OTROS_Hidrometereológico
0.022325870245191864,0.8099300759834199,2491,GPD,tail,21.39793168391183,0.090625,Puntarenas_OTROS_Hidrometereológico
0.022325870245191864,0.8099300759834199,2492,GPD,tail,21.39793168391183,0.090625,Puntarenas_OTROS_Hidrometereológico
0.022325870245191864,0.8099300759834199,2493,GPD,tail,21.39793168391183,0.090625,Puntarenas_OTROS_Hidrometereológico
0.022325870245191864,0.8099300759834199,2494,GPD,tail,21.39793168391183,0.090625,Puntarenas_OTROS_Hidrometereológico
-0.0832562263417565,0.9407106734094761,2495,GPD,tail,21.39793168391183,0.090625,Puntarenas_OTROS_Hidrometereológico
-0.0832562263417565,0.9407106734094761,2496,GPD,tail,21.39793168391183,0.090625,Puntarenas_OTROS_Hidrometereológico
-0.0832562263417565,0.9407106734094761,2497,GPD,tail,21.39793168391183,0.090625,Puntarenas_OTROS_Hidrometereológico
-0.0832562263417565,0.9407106734094761,2498,GPD,tail,21.39793168391183,0.090625,Puntarenas_OTROS_Hidrometereológico
-0.0832562263417565,0.9407106734094761,2499,GPD,tail,21.39793168391183,0.090625,Puntarenas_OTROS_Hidrometereológico
-0.0832562263417565,0.9407106734094761,2500,GPD,tail,21.39793168391183,0.090625,Puntarenas_OTROS_Hidrometereológico
-0.0832562263417565,0.9407106734094761,2501,GPD,tail,21.39793168391183,0.090625,Puntarenas_OTROS_Hidrometereológico
-0.0832562263417565,0.9407106734094761,2502,GPD,tail,21.39793168391183,0.090625,Puntarenas_OTROS_Hidrometereológico
-0.0832562263417565,0.9407106734094761,2503,GPD,tail,21.39793168391183,0.090625,Puntarenas_OTROS_Hidrometereológico
-0.0832562263417565,0.9407106734094761,2504,GPD,tail,21.39793168391183,0.090625,Puntarenas_OTROS_Hidrometereológico
-0.0832562263417565,0.9407106734094761,2505,GPD,tail,21.39793168391183,0.090625,Puntarenas_OTROS_Hidrometereológico
-0.0832562263417565,0.9407106734094761,2506,GPD,tail,21.39793168391183,0.090625,Puntarenas_OTROS_Hidrometereológico
0.0032635593029219367,0.7874115241536762,2507,GPD,tail,21.39793168391183,0.090625,Puntarenas_OTROS_Hidrometereológico
0.0032635593029219367,0.7874115241536762,2508,GPD,tail,21.39793168391183,0.090625,Puntarenas_OTROS_Hidrometereológico
0.0032635593029219367,0.7874115241536762,2509,GPD,tail,21.39793168391183,0.090625,Puntarenas_OTROS_Hidrometereológico
0.0032635593029219367,0.7874115241536762,2510,GPD,tail,21.39793168391183,0.090625,Puntarenas_OTROS_Hidrometereológico
0.0032635593029219367,0.7874115241536762,2511,GPD,tail,21.39793168391183,0.090625,Puntarenas_OTROS_Hidrometereológico
0.0032635593029219367,0.7874115241536762,2512,GPD,tail,21.39793168391183,0.090625,Puntarenas_OTROS_Hidrometereológico
0.0032635593029219367,0.7874115241536762,2513,GPD,tail,21.39793168391183,0.090625,Puntarenas_OTROS_Hidrometereológico
0.0032635593029219367,0.7874115241536762,2514,GPD,tail,21.39793168391183,0.090625,Puntarenas_OTROS_Hidrometereológico
0.0032635593029219367,0.7874115241536762,2515,GPD,tail,21.39793168391183,0.090625,Puntarenas_OTROS_Hidrometereológico
0.0032635593029219367,0.7874115241536762,2516,GPD,tail,21.39793168391183,0.090625,Puntarenas_OTROS_Hidrometereológico
0.0032635593029219367,0.7874115241536762,2517,GPD,tail,21.39793168391183,0.090625,Puntarenas_OTROS_Hidrometereológico
-0.06087496166549673,0.8185972980981506,2518,GPD,tail,21.39793168391183,0.090625,Puntarenas_OTROS_Hidrometereológico
-0.06087496166549673,0.8185972980981506,2519,GPD,tail,21.39793168391183,0.090625,Puntarenas_OTROS_Hidrometereológico
-0.06405809999106941,0.8147645998889236,2520,GPD,tail,21.39793168391183,0.090625,Puntarenas_OTROS_Hidrometereológico
-0.06405809999106941,0.8147645998889236,2521,GPD,tail,21.39793168391183,0.090625,Puntarenas_OTROS_Hidrometereológico
-0.06405809999106941,0.8147645998889236,2522,GPD,tail,21.39793168391183,0.090625,Puntarenas_OTROS_Hidrometereológico
-0.06405809999106941,0.8147645998889236,2523,GPD,tail,21.39793168391183,0.090625,Puntarenas_OTROS_Hidrometereológico
-0.07935493227571709,0.805539059289961,2524,GPD,tail,21.39793168391183,0.090625,Puntarenas_OTROS_Hidrometereológico
-0.07935493227571709,0.805539059289961,2525,GPD,tail,21.39793168391183,0.090625,Puntarenas_OTROS_Hidrometereológico
-0.07935493227571709,0.805539059289961,2526,GPD,tail,21.39793168391183,0.090625,Puntarenas_OTROS_Hidrometereológico
-0.07935493227571709,0.805539059289961,2527,GPD,tail,21.39793168391183,0.090625,Puntarenas_OTROS_Hidrometereológico
-0.07935493227571709,0.805539059289961,2528,GPD,tail,21.39793168391183,0.090625,Puntarenas_OTROS_Hidrometereológico
-0.07935493227571709,0.805539059289961,2529,GPD,tail,21.39793168391183,0.090625,Puntarenas_OTROS_Hidrometereológico
-0.07935493227571709,0.805539059289961,2530,GPD,tail,21.39793168391183,0.090625,Puntarenas_OTROS_Hidrometereológico
-0.08543002564872197,0.844744221484744,2531,GPD,tail,21.39793168391183,0.090625,Puntarenas_OTROS_Hidrometereológico
-0.08543002564872197,0.844744221484744,2532,GPD,tail,21.39793168391183,0.090625,Puntarenas_OTROS_Hidrometereológico
-0.08543002564872197,0.844744221484744,2533,GPD,tail,21.39793168391183,0.090625,Puntarenas_OTROS_Hidrometereológico
-0.08543002564872197,0.844744221484744,2534,GPD,tail,21.39793168391183,0.090625,Puntarenas_OTROS_Hidrometereológico
-0.08543002564872197,0.844744221484744,2535,GPD,tail,21.39793168391183,0.090625,Puntarenas_OTROS_Hidrometereológico
-0.08543002564872197,0.844744221484744,2536,GPD,tail,21.39793168391183,0.090625,Puntarenas_OTROS_Hidrometereológico
-0.08543002564872197,0.844744221484744,2537,GPD,tail,21.39793168391183,0.090625,Puntarenas_OTROS_Hidrometereológico
-0.08543002564872197,0.844744221484744,2538,GPD,tail,21.39793168391183,0.090625,Puntarenas_OTROS_Hidrometereológico
-0.08543002564872197,0.844744221484744,2539,GPD,tail,21.39793168391183,0.090625,Puntarenas_OTROS_Hidrometereológico
-0.08543002564872197,0.844744221484744,2540,GPD,tail,21.39793168391183,0.090625,Puntarenas_OTROS_Hidrometereológico
-0.08543002564872197,0.844744221484744,2541,GPD,tail,21.39793168391183,0.090625,Puntarenas_OTROS_Hidrometereológico
-0.08543002564872197,0.844744221484744,2542,GPD,tail,21.39793168391183,0.090625,Puntarenas_OTROS_Hidrometereológico
-0.08543002564872197,0.844744221484744,2543,GPD,tail,21.39793168391183,0.090625,Puntarenas_OTROS_Hidrometereológico
-0.08543002564872197,0.844744221484744,2544,GPD,tail,21.39793168391183,0.090625,Puntarenas_OTROS_Hidrometereológico
-0.08543002564872197,0.844744221484744,2545,GPD,tail,21.39793168391183,0.090625,Puntarenas_OTROS_Hidrometereológico
-0.08543002564872197,0.844744221484744,2546,GPD,tail,21.39793168391183,0.090625,Puntarenas_OTROS_Hidrometereológico
-0.08543002564872197,0.844744221484744,2547,GPD,tail,21.39793168391183,0.090625,Puntarenas_OTROS_Hidrometereológico
-0.08543002564872197,0.844744221484744,2548,GPD,tail,21.39793168391183,0.090625,Puntarenas_OTROS_Hidrometereológico
-0.08543002564872197,0.844744221484744,2549,GPD,tail,21.39793168391183,0.090625,Puntarenas_OTROS_Hidrometereológico
-0.08543002564872197,0.844744221484744,2550,GPD,tail,21.39793168391183,0.090625,Puntarenas_OTROS_Hidrometereológico
-0.08543002564872197,0.844744221484744,2551,GPD,tail,21.39793168391183,0.090625,Puntarenas_OTROS_Hidrometereológico
-0.08543002564872197,0.844744221484744,2552,GPD,tail,21.39793168391183,0.090625,Puntarenas_OTROS_Hidrometereológico
-0.08543002564872197,0.844744221484744,2553,GPD,tail,21.39793168391183,0.090625,Puntarenas_OTROS_Hidrometereológico
-0.08543002564872197,0.844744221484744,2554,GPD,tail,21.39793168391183,0.090625,Puntarenas_OTROS_Hidrometereológico
-0.08543002564872197,0.844744221484744,2555,GPD,tail,21.39793168391183,0.090625,Puntarenas_OTROS_Hidrometereológico
-0.08543002564872197,0.844744221484744,2556,GPD,tail,21.39793168391183,0.090625,Puntarenas_OTROS_Hidrometereológico
-0.08543002564872197,0.844744221484744,2557,GPD,tail,21.39793168391183,0.090625,Puntarenas_OTROS_Hidrometereológico
-0.08543002564872197,0.844744221484744,2558,GPD,tail,21.39793168391183,0.090625,Puntarenas_OTROS_Hidrometereológico
-0.08543002564872197,0.844744221484744,2559,GPD,tail,21.39793168391183,0.090625,Puntarenas_OTROS_Hidrometereológico
-0.08543002564872197,0.844744221484744,2560,GPD,tail,21.39793168391183,0.090625,Puntarenas_OTROS_Hidrometereológico
-0.08543002564872197,0.844744221484744,2561,GPD,tail,21.39793168391183,0.090625,Puntarenas_OTROS_Hidrometereológico
-0.08543002564872197,0.844744221484744,2562,GPD,tail,21.39793168391183,0.090625,Puntarenas_OTROS_Hidrometereológico
-0.08543002564872197,0.844744221484744,2563,GPD,tail,21.39793168391183,0.090625,Puntarenas_OTROS_Hidrometereológico
-0.08543002564872197,0.844744221484744,2564,GPD,tail,21.39793168391183,0.090625,Puntarenas_OTROS_Hidrometereológico
-0.08543002564872197,0.844744221484744,2565,GPD,tail,21.39793168391183,0.090625,Puntarenas_OTROS_Hidrometereológico
-0.08543002564872197,0.844744221484744,2566,GPD,tail,21.39793168391183,0.090625,Puntarenas_OTROS_Hidrometereológico
-0.08543002564872197,0.844744221484744,2567,GPD,tail,21.39793168391183,0.090625,Puntarenas_OTROS_Hidrometereológico
-0.08543002564872197,0.844744221484744,2568,GPD,tail,21.39793168391183,0.090625,Puntarenas_OTROS_Hidrometereológico
-0.08543002564872197,0.844744221484744,2569,GPD,tail,21.39793168391183,0.090625,Puntarenas_OTROS_Hidrometereológico
-0.08543002564872197,0.844744221484744,2570,GPD,tail,21.39793168391183,0.090625,Puntarenas_OTROS_Hidrometereológico
-0.08543002564872197,0.844744221484744,2571,GPD,tail,21.39793168391183,0.090625,Puntarenas_OTROS_Hidrometereológico
-0.08543002564872197,0.844744221484744,2572,GPD,tail,21.39793168391183,0.090625,Puntarenas_OTROS_Hidrometereológico
-0.08543002564872197,0.844744221484744,2573,GPD,tail,21.39793168391183,0.090625,Puntarenas_OTROS_Hidrometereológico
-0.08543002564872197,0.844744221484744,2574,GPD,tail,21.39793168391183,0.090625,Puntarenas_OTROS_Hidrometereológico
-0.08543002564872197,0.844744221484744,2575,GPD,tail,21.39793168391183,0.090625,Puntarenas_OTROS_Hidrometereológico
-0.08543002564872197,0.844744221484744,2576,GPD,tail,21.39793168391183,0.090625,Puntarenas_OTROS_Hidrometereológico
-0.08543002564872197,0.844744221484744,2577,GPD,tail,21.39793168391183,0.090625,Puntarenas_OTROS_Hidrometereológico
-0.08543002564872197,0.844744221484744,2578,GPD,tail,21.39793168391183,0.090625,Puntarenas_OTROS_Hidrometereológico
-0.08543002564872197,0.844744221484744,2579,GPD,tail,21.39793168391183,0.090625,Puntarenas_OTROS_Hidrometereológico
-0.08543002564872197,0.844744221484744,2580,GPD,tail,21.39793168391183,0.090625,Puntarenas_OTROS_Hidrometereológico
-0.08543002564872197,0.844744221484744,2581,GPD,tail,21.39793168391183,0.090625,Puntarenas_OTROS_Hidrometereológico
-0.08543002564872197,0.844744221484744,2582,GPD,tail,21.39793168391183,0.090625,Puntarenas_OTROS_Hidrometereológico
-0.08543002564872197,0.844744221484744,2583,GPD,tail,21.39793168391183,0.090625,Puntarenas_OTROS_Hidrometereológico
-0.08543002564872197,0.844744221484744,2584,GPD,tail,21.39793168391183,0.090625,Puntarenas_OTROS_Hidrometereológico
-0.08543002564872197,0.844744221484744,2585,GPD,tail,21.39793168391183,0.090625,Puntarenas_OTROS_Hidrometereológico
-0.08543002564872197,0.844744221484744,2586,GPD,tail,21.39793168391183,0.090625,Puntarenas_OTROS_Hidrometereológico
-0.08543002564872197,0.844744221484744,2587,GPD,tail,21.39793168391183,0.090625,Puntarenas_OTROS_Hidrometereológico
-0.08543002564872197,0.844744221484744,2588,GPD,tail,21.39793168391183,0.090625,Puntarenas_OTROS_Hidrometereológico
-0.08543002564872197,0.844744221484744,2589,GPD,tail,21.39793168391183,0.090625,Puntarenas_OTROS_Hidrometereológico
-0.08543002564872197,0.844744221484744,2590,GPD,tail,21.39793168391183,0.090625,Puntarenas_OTROS_Hidrometereológico
-0.08543002564872197,0.844744221484744,2591,GPD,tail,21.39793168391183,0.090625,Puntarenas_OTROS_Hidrometereológico
-0.08543002564872197,0.844744221484744,2592,GPD,tail,21.39793168391183,0.090625,Puntarenas_OTROS_Hidrometereológico
-0.08543002564872197,0.844744221484744,2593,GPD,tail,21.39793168391183,0.090625,Puntarenas_OTROS_Hidrometereológico
-0.08543002564872197,0.844744221484744,2594,GPD,tail,21.39793168391183,0.090625,Puntarenas_OTROS_Hidrometereológico
-0.02875157545752373,0.8392491338504366,2595,GPD,tail,21.39793168391183,0.090625,Puntarenas_OTROS_Hidrometereológico
-0.02875157545752373,0.8392491338504366,2596,GPD,tail,21.39793168391183,0.090625,Puntarenas_OTROS_Hidrometereológico
0.007085521766545012,0.8297240361582587,2597,GPD,tail,21.39793168391183,0.090625,Puntarenas_OTROS_Hidrometereológico
0.007085521766545012,0.8297240361582587,2598,GPD,tail,21.39793168391183,0.090625,Puntarenas_OTROS_Hidrometereológico
0.007085521766545012,0.8297240361582587,2599,GPD,tail,21.39793168391183,0.090625,Puntarenas_OTROS_Hidrometereológico
-0.005837737650813633,0.7461242311138298,2600,GPD,tail,21.39793168391183,0.090625,Puntarenas_OTROS_Hidrometereológico
-0.005837737650813633,0.7461242311138298,2601,GPD,tail,21.39793168391183,0.090625,Puntarenas_OTROS_Hidrometereológico
-0.005837737650813633,0.7461242311138298,2602,GPD,tail,21.39793168391183,0.090625,Puntarenas_OTROS_Hidrometereológico
-0.005837737650813633,0.7461242311138298,2603,GPD,tail,21.39793168391183,0.090625,Puntarenas_OTROS_Hidrometereológico
-0.1462336653410832,1.0198563358708521,2604,GPD,tail,21.39793168391183,0.090625,Puntarenas_OTROS_Hidrometereológico
-0.1462336653410832,1.0198563358708521,2605,GPD,tail,21.39793168391183,0.090625,Puntarenas_OTROS_Hidrometereológico
-0.1462336653410832,1.0198563358708521,2606,GPD,tail,21.39793168391183,0.090625,Puntarenas_OTROS_Hidrometereológico
-0.1462336653410832,1.0198563358708521,2607,GPD,tail,21.39793168391183,0.090625,Puntarenas_OTROS_Hidrometereológico
-0.1462336653410832,1.0198563358708521,2608,GPD,tail,21.39793168391183,0.090625,Puntarenas_OTROS_Hidrometereológico
-0.1462336653410832,1.0198563358708521,2609,GPD,tail,21.39793168391183,0.090625,Puntarenas_OTROS_Hidrometereológico
-0.1462336653410832,1.0198563358708521,2610,GPD,tail,21.39793168391183,0.090625,Puntarenas_OTROS_Hidrometereológico
-0.1462336653410832,1.0198563358708521,2611,GPD,tail,21.39793168391183,0.090625,Puntarenas_OTROS_Hidrometereológico
-0.1462336653410832,1.0198563358708521,2612,GPD,tail,21.39793168391183,0.090625,Puntarenas_OTROS_Hidrometereológico
-0.1462336653410832,1.0198563358708521,2613,GPD,tail,21.39793168391183,0.090625,Puntarenas_OTROS_Hidrometereológico
-0.1462336653410832,1.0198563358708521,2614,GPD,tail,21.39793168391183,0.090625,Puntarenas_OTROS_Hidrometereológico
-0.05391870629620814,0.8431760309105736,2615,GPD,tail,21.39793168391183,0.090625,Puntarenas_OTROS_Hidrometereológico
-0.05391870629620814,0.8431760309105736,2616,GPD,tail,21.39793168391183,0.090625,Puntarenas_OTROS_Hidrometereológico
-0.05391870629620814,0.8431760309105736,2617,GPD,tail,21.39793168391183,0.090625,Puntarenas_OTROS_Hidrometereológico
-0.05391870629620814,0.8431760309105736,2618,GPD,tail,21.39793168391183,0.090625,Puntarenas_OTROS_Hidrometereológico
-0.05391870629620814,0.8431760309105736,2619,GPD,tail,21.39793168391183,0.090625,Puntarenas_OTROS_Hidrometereológico
-0.05391870629620814,0.8431760309105736,2620,GPD,tail,21.39793168391183,0.090625,Puntarenas_OTROS_Hidrometereológico
-0.05391870629620814,0.8431760309105736,2621,GPD,tail,21.39793168391183,0.090625,Puntarenas_OTROS_Hidrometereológico
-0.05391870629620814,0.8431760309105736,2622,GPD,tail,21.39793168391183,0.090625,Puntarenas_OTROS_Hidrometereológico
-0.05391870629620814,0.8431760309105736,2623,GPD,tail,21.39793168391183,0.090625,Puntarenas_OTROS_Hidrometereológico
-0.05391870629620814,0.8431760309105736,2624,GPD,tail,21.39793168391183,0.090625,Puntarenas_OTROS_Hidrometereológico
-0.05391870629620814,0.8431760309105736,2625,GPD,tail,21.39793168391183,0.090625,Puntarenas_OTROS_Hidrometereológico
-0.05391870629620814,0.8431760309105736,2626,GPD,tail,21.39793168391183,0.090625,Puntarenas_OTROS_Hidrometereológico
-0.05391870629620814,0.8431760309105736,2627,GPD,tail,21.39793168391183,0.090625,Puntarenas_OTROS_Hidrometereológico
-0.05391870629620814,0.8431760309105736,2628,GPD,tail,21.39793168391183,0.090625,Puntarenas_OTROS_Hidrometereológico
-0.05391870629620814,0.8431760309105736,2629,GPD,tail,21.39793168391183,0.090625,Puntarenas_OTROS_Hidrometereológico
-0.05391870629620814,0.8431760309105736,2630,GPD,tail,21.39793168391183,0.090625,Puntarenas_OTROS_Hidrometereológico
-0.05391870629620814,0.8431760309105736,2631,GPD,tail,21.39793168391183,0.090625,Puntarenas_OTROS_Hidrometereológico
-0.05391870629620814,0.8431760309105736,2632,GPD,tail,21.39793168391183,0.090625,Puntarenas_OTROS_Hidrometereológico
-0.05391870629620814,0.8431760309105736,2633,GPD,tail,21.39793168391183,0.090625,Puntarenas_OTROS_Hidrometereológico
-0.05391870629620814,0.8431760309105736,2634,GPD,tail,21.39793168391183,0.090625,Puntarenas_OTROS_Hidrometereológico
-0.05391870629620814,0.8431760309105736,2635,GPD,tail,21.39793168391183,0.090625,Puntarenas_OTROS_Hidrometereológico
-0.05391870629620814,0.8431760309105736,2636,GPD,tail,21.39793168391183,0.090625,Puntarenas_OTROS_Hidrometereológico
-0.05391870629620814,0.8431760309105736,2637,GPD,tail,21.39793168391183,0.090625,Puntarenas_OTROS_Hidrometereológico
-0.05391870629620814,0.8431760309105736,2638,GPD,tail,21.39793168391183,0.090625,Puntarenas_OTROS_Hidrometereológico
-0.05391870629620814,0.8431760309105736,2639,GPD,tail,21.39793168391183,0.090625,Puntarenas_OTROS_Hidrometereológico
-0.05391870629620814,0.8431760309105736,2640,GPD,tail,21.39793168391183,0.090625,Puntarenas_OTROS_Hidrometereológico
-0.05391870629620814,0.8431760309105736,2641,GPD,tail,21.39793168391183,0.090625,Puntarenas_OTROS_Hidrometereológico
-0.05391870629620814,0.8431760309105736,2642,GPD,tail,21.39793168391183,0.090625,Puntarenas_OTROS_Hidrometereológico
-0.05391870629620814,0.8431760309105736,2643,GPD,tail,21.39793168391183,0.090625,Puntarenas_OTROS_Hidrometereológico
-0.05391870629620814,0.8431760309105736,2644,GPD,tail,21.39793168391183,0.090625,Puntarenas_OTROS_Hidrometereológico
-0.05391870629620814,0.8431760309105736,2645,GPD,tail,21.39793168391183,0.090625,Puntarenas_OTROS_Hidrometereológico
-0.05391870629620814,0.8431760309105736,2646,GPD,tail,21.39793168391183,0.090625,Puntarenas_OTROS_Hidrometereológico
-0.05391870629620814,0.8431760309105736,2647,GPD,tail,21.39793168391183,0.090625,Puntarenas_OTROS_Hidrometereológico
-0.05391870629620814,0.8431760309105736,2648,GPD,tail,21.39793168391183,0.090625,Puntarenas_OTROS_Hidrometereológico
-0.1010768582370014,0.8676056982379552,2649,GPD,tail,21.39793168391183,0.090625,Puntarenas_OTROS_Hidrometereológico
-0.1010768582370014,0.8676056982379552,2650,GPD,tail,21.39793168391183,0.090625,Puntarenas_OTROS_Hidrometereológico
-0.1010768582370014,0.8676056982379552,2651,GPD,tail,21.39793168391183,0.090625,Puntarenas_OTROS_Hidrometereológico
-0.1010768582370014,0.8676056982379552,2652,GPD,tail,21.39793168391183,0.090625,Puntarenas_OTROS_Hidrometereológico
-0.1010768582370014,0.8676056982379552,2653,GPD,tail,21.39793168391183,0.090625,Puntarenas_OTROS_Hidrometereológico
-0.1010768582370014,0.8676056982379552,2654,GPD,tail,21.39793168391183,0.090625,Puntarenas_OTROS_Hidrometereológico
-0.1010768582370014,0.8676056982379552,2655,GPD,tail,21.39793168391183,0.090625,Puntarenas_OTROS_Hidrometereológico
-0.1010768582370014,0.8676056982379552,2656,GPD,tail,21.39793168391183,0.090625,Puntarenas_OTROS_Hidrometereológico
-0.1010768582370014,0.8676056982379552,2657,GPD,tail,21.39793168391183,0.090625,Puntarenas_OTROS_Hidrometereológico
-0.1010768582370014,0.8676056982379552,2658,GPD,tail,21.39793168391183,0.090625,Puntarenas_OTROS_Hidrometereológico
-0.1010768582370014,0.8676056982379552,2659,GPD,tail,21.39793168391183,0.090625,Puntarenas_OTROS_Hidrometereológico
-0.1010768582370014,0.8676056982379552,2660,GPD,tail,21.39793168391183,0.090625,Puntarenas_OTROS_Hidrometereológico
-0.1010768582370014,0.8676056982379552,2661,GPD,tail,21.39793168391183,0.090625,Puntarenas_OTROS_Hidrometereológico
-0.1010768582370014,0.8676056982379552,2662,GPD,tail,21.39793168391183,0.090625,Puntarenas_OTROS_Hidrometereológico
-0.1010768582370014,0.8676056982379552,2663,GPD,tail,21.39793168391183,0.090625,Puntarenas_OTROS_Hidrometereológico
-0.1010768582370014,0.8676056982379552,2664,GPD,tail,21.39793168391183,0.090625,Puntarenas_OTROS_Hidrometereológico
-0.1010768582370014,0.8676056982379552,2665,GPD,tail,21.39793168391183,0.090625,Puntarenas_OTROS_Hidrometereológico
-0.1010768582370014,0.8676056982379552,2666,GPD,tail,21.39793168391183,0.090625,Puntarenas_OTROS_Hidrometereológico
-0.1010768582370014,0.8676056982379552,2667,GPD,tail,21.39793168391183,0.090625,Puntarenas_OTROS_Hidrometereológico
-0.15764999710813388,0.894504152015252,2668,GPD,tail,21.39793168391183,0.090625,Puntarenas_OTROS_Hidrometereológico
-0.15764999710813388,0.894504152015252,2669,GPD,tail,21.39793168391183,0.090625,Puntarenas_OTROS_Hidrometereológico
-0.15764999710813388,0.894504152015252,2670,GPD,tail,21.39793168391183,0.090625,Puntarenas_OTROS_Hidrometereológico
-0.15764999710813388,0.894504152015252,2671,GPD,tail,21.39793168391183,0.090625,Puntarenas_OTROS_Hidrometereológico
-0.15764999710813388,0.894504152015252,2672,GPD,tail,21.39793168391183,0.090625,Puntarenas_OTROS_Hidrometereológico
-0.15764999710813388,0.894504152015252,2673,GPD,tail,21.39793168391183,0.090625,Puntarenas_OTROS_Hidrometereológico
-0.15764999710813388,0.894504152015252,2674,GPD,tail,21.39793168391183,0.090625,Puntarenas_OTROS_Hidrometereológico
-0.15764999710813388,0.894504152015252,2675,GPD,tail,21.39793168391183,0.090625,Puntarenas_OTROS_Hidrometereológico
-0.15764999710813388,0.894504152015252,2676,GPD,tail,21.39793168391183,0.090625,Puntarenas_OTROS_Hidrometereológico
-0.15764999710813388,0.894504152015252,2677,GPD,tail,21.39793168391183,0.090625,Puntarenas_OTROS_Hidrometereológico
-0.15764999710813388,0.894504152015252,2678,GPD,tail,21.39793168391183,0.090625,Puntarenas_OTROS_Hidrometereológico
-0.15764999710813388,0.894504152015252,2679,GPD,tail,21.39793168391183,0.090625,Puntarenas_OTROS_Hidrometereológico
-0.15764999710813388,0.894504152015252,2680,GPD,tail,21.39793168391183,0.090625,Puntarenas_OTROS_Hidrometereológico
-0.15764999710813388,0.894504152015252,2681,GPD,tail,21.39793168391183,0.090625,Puntarenas_OTROS_Hidrometereológico
-0.15764999710813388,0.894504152015252,2682,GPD,tail,21.39793168391183,0.090625,Puntarenas_OTROS_Hidrometereológico
-0.15764999710813388,0.894504152015252,2683,GPD,tail,21.39793168391183,0.090625,Puntarenas_OTROS_Hidrometereológico
-0.15764999710813388,0.894504152015252,2684,GPD,tail,21.39793168391183,0.090625,Puntarenas_OTROS_Hidrometereológico
-0.15764999710813388,0.894504152015252,2685,GPD,tail,21.39793168391183,0.090625,Puntarenas_OTROS_Hidrometereológico
-0.15764999710813388,0.894504152015252,2686,GPD,tail,21.39793168391183,0.090625,Puntarenas_OTROS_Hidrometereológico
-0.15764999710813388,0.894504152015252,2687,GPD,tail,21.39793168391183,0.090625,Puntarenas_OTROS_Hidrometereológico
-0.15764999710813388,0.894504152015252,2688,GPD,tail,21.39793168391183,0.090625,Puntarenas_OTROS_Hidrometereológico
-0.15764999710813388,0.894504152015252,2689,GPD,tail,21.39793168391183,0.090625,Puntarenas_OTROS_Hidrometereológico
-0.15764999710813388,0.894504152015252,2690,GPD,tail,21.39793168391183,0.090625,Puntarenas_OTROS_Hidrometereológico
-0.15764999710813388,0.894504152015252,2691,GPD,tail,21.39793168391183,0.090625,Puntarenas_OTROS_Hidrometereológico
-0.15764999710813388,0.894504152015252,2692,GPD,tail,21.39793168391183,0.090625,Puntarenas_OTROS_Hidrometereológico
-0.15764999710813388,0.894504152015252,2693,GPD,tail,21.39793168391183,0.090625,Puntarenas_OTROS_Hidrometereológico
-0.15764999710813388,0.894504152015252,2694,GPD,tail,21.39793168391183,0.090625,Puntarenas_OTROS_Hidrometereológico
-0.15764999710813388,0.894504152015252,2695,GPD,tail,21.39793168391183,0.090625,Puntarenas_OTROS_Hidrometereológico
-0.15764999710813388,0.894504152015252,2696,GPD,tail,21.39793168391183,0.090625,Puntarenas_OTROS_Hidrometereológico
-0.15764999710813388,0.894504152015252,2697,GPD,tail,21.39793168391183,0.090625,Puntarenas_OTROS_Hidrometereológico
-0.02268448902166656,0.7359580322725212,2698,GPD,tail,21.39793168391183,0.090625,Puntarenas_OTROS_Hidrometereológico
-0.02268448902166656,0.7359580322725212,2699,GPD,tail,21.39793168391183,0.090625,Puntarenas_OTROS_Hidrometereológico
-0.02268448902166656,0.7359580322725212,2700,GPD,tail,21.39793168391183,0.090625,Puntarenas_OTROS_Hidrometereológico
-0.02268448902166656,0.7359580322725212,2701,GPD,tail,21.39793168391183,0.090625,Puntarenas_OTROS_Hidrometereológico
-0.02268448902166656,0.7359580322725212,2702,GPD,tail,21.39793168391183,0.090625,Puntarenas_OTROS_Hidrometereológico
-0.02268448902166656,0.7359580322725212,2703,GPD,tail,21.39793168391183,0.090625,Puntarenas_OTROS_Hidrometereológico
-0.02268448902166656,0.7359580322725212,2704,GPD,tail,21.39793168391183,0.090625,Puntarenas_OTROS_Hidrometereológico
-0.02268448902166656,0.7359580322725212,2705,GPD,tail,21.39793168391183,0.090625,Puntarenas_OTROS_Hidrometereológico
-0.02268448902166656,0.7359580322725212,2706,GPD,tail,21.39793168391183,0.090625,Puntarenas_OTROS_Hidrometereológico
-0.02268448902166656,0.7359580322725212,2707,GPD,tail,21.39793168391183,0.090625,Puntarenas_OTROS_Hidrometereológico
-0.02268448902166656,0.7359580322725212,2708,GPD,tail,21.39793168391183,0.090625,Puntarenas_OTROS_Hidrometereológico
-0.02268448902166656,0.7359580322725212,2709,GPD,tail,21.39793168391183,0.090625,Puntarenas_OTROS_Hidrometereológico
-0.02268448902166656,0.7359580322725212,2710,GPD,tail,21.39793168391183,0.090625,Puntarenas_OTROS_Hidrometereológico
0.01627525797067672,0.7844493844417618,2711,GPD,tail,21.39793168391183,0.090625,Puntarenas_OTROS_Hidrometereológico
0.01627525797067672,0.7844493844417618,2712,GPD,tail,21.39793168391183,0.090625,Puntarenas_OTROS_Hidrometereológico
0.01627525797067672,0.7844493844417618,2713,GPD,tail,21.39793168391183,0.090625,Puntarenas_OTROS_Hidrometereológico
-0.02083262498751086,0.7038646380604278,2714,GPD,tail,21.39793168391183,0.090625,Puntarenas_OTROS_Hidrometereológico
-0.02083262498751086,0.7038646380604278,2715,GPD,tail,21.39793168391183,0.090625,Puntarenas_OTROS_Hidrometereológico
-0.02083262498751086,0.7038646380604278,2716,GPD,tail,21.39793168391183,0.090625,Puntarenas_OTROS_Hidrometereológico
-0.02083262498751086,0.7038646380604278,2717,GPD,tail,21.39793168391183,0.090625,Puntarenas_OTROS_Hidrometereológico
-0.02083262498751086,0.7038646380604278,2718,GPD,tail,21.39793168391183,0.090625,Puntarenas_OTROS_Hidrometereológico
-0.02083262498751086,0.7038646380604278,2719,GPD,tail,21.39793168391183,0.090625,Puntarenas_OTROS_Hidrometereológico
0.03636261089913033,0.8522645565172671,2720,GPD,tail,21.39793168391183,0.090625,Puntarenas_OTROS_Hidrometereológico
0.03636261089913033,0.8522645565172671,2721,GPD,tail,21.39793168391183,0.090625,Puntarenas_OTROS_Hidrometereológico
0.03636261089913033,0.8522645565172671,2722,GPD,tail,21.39793168391183,0.090625,Puntarenas_OTROS_Hidrometereológico
0.03636261089913033,0.8522645565172671,2723,GPD,tail,21.39793168391183,0.090625,Puntarenas_OTROS_Hidrometereológico
0.03636261089913033,0.8522645565172671,2724,GPD,tail,21.39793168391183,0.090625,Puntarenas_OTROS_Hidrometereológico
0.03636261089913033,0.8522645565172671,2725,GPD,tail,21.39793168391183,0.090625,Puntarenas_OTROS_Hidrometereológico
0.03636261089913033,0.8522645565172671,2726,GPD,tail,21.39793168391183,0.090625,Puntarenas_OTROS_Hidrometereológico
0.03636261089913033,0.8522645565172671,2727,GPD,tail,21.39793168391183,0.090625,Puntarenas_OTROS_Hidrometereológico
0.03636261089913033,0.8522645565172671,2728,GPD,tail,21.39793168391183,0.090625,Puntarenas_OTROS_Hidrometereológico
0.03636261089913033,0.8522645565172671,2729,GPD,tail,21.39793168391183,0.090625,Puntarenas_OTROS_Hidrometereológico
-0.14512688469060592,0.9324050765576057,2730,GPD,tail,21.39793168391183,0.090625,Puntarenas_OTROS_Hidrometereológico
-0.05778610306255505,0.8164302075817471,2731,GPD,tail,21.39793168391183,0.090625,Puntarenas_OTROS_Hidrometereológico
-0.05778610306255505,0.8164302075817471,2732,GPD,tail,21.39793168391183,0.090625,Puntarenas_OTROS_Hidrometereológico
-0.05778610306255505,0.8164302075817471,2733,GPD,tail,21.39793168391183,0.090625,Puntarenas_OTROS_Hidrometereológico
-0.05778610306255505,0.8164302075817471,2734,GPD,tail,21.39793168391183,0.090625,Puntarenas_OTROS_Hidrometereológico
-0.05778610306255505,0.8164302075817471,2735,GPD,tail,21.39793168391183,0.090625,Puntarenas_OTROS_Hidrometereológico
-0.05778610306255505,0.8164302075817471,2736,GPD,tail,21.39793168391183,0.090625,Puntarenas_OTROS_Hidrometereológico
-0.05778610306255505,0.8164302075817471,2737,GPD,tail,21.39793168391183,0.090625,Puntarenas_OTROS_Hidrometereológico
-0.05778610306255505,0.8164302075817471,2738,GPD,tail,21.39793168391183,0.090625,Puntarenas_OTROS_Hidrometereológico
-0.05778610306255505,0.8164302075817471,2739,GPD,tail,21.39793168391183,0.090625,Puntarenas_OTROS_Hidrometereológico
-0.05778610306255505,0.8164302075817471,2740,GPD,tail,21.39793168391183,0.090625,Puntarenas_OTROS_Hidrometereológico
-0.05778610306255505,0.8164302075817471,2741,GPD,tail,21.39793168391183,0.090625,Puntarenas_OTROS_Hidrometereológico
-0.05778610306255505,0.8164302075817471,2742,GPD,tail,21.39793168391183,0.090625,Puntarenas_OTROS_Hidrometereológico
-0.05778610306255505,0.8164302075817471,2743,GPD,tail,21.39793168391183,0.090625,Puntarenas_OTROS_Hidrometereológico
-0.05778610306255505,0.8164302075817471,2744,GPD,tail,21.39793168391183,0.090625,Puntarenas_OTROS_Hidrometereológico
-0.05778610306255505,0.8164302075817471,2745,GPD,tail,21.39793168391183,0.090625,Puntarenas_OTROS_Hidrometereológico
-0.05778610306255505,0.8164302075817471,2746,GPD,tail,21.39793168391183,0.090625,Puntarenas_OTROS_Hidrometereológico
-0.054897395297355454,0.9611597725152028,2747,GPD,tail,21.39793168391183,0.090625,Puntarenas_OTROS_Hidrometereológico
-0.054897395297355454,0.9611597725152028,2748,GPD,tail,21.39793168391183,0.090625,Puntarenas_OTROS_Hidrometereológico
-0.054897395297355454,0.9611597725152028,2749,GPD,tail,21.39793168391183,0.090625,Puntarenas_OTROS_Hidrometereológico
-0.054897395297355454,0.9611597725152028,2750,GPD,tail,21.39793168391183,0.090625,Puntarenas_OTROS_Hidrometereológico
-0.054897395297355454,0.9611597725152028,2751,GPD,tail,21.39793168391183,0.090625,Puntarenas_OTROS_Hidrometereológico
-0.054897395297355454,0.9611597725152028,2752,GPD,tail,21.39793168391183,0.090625,Puntarenas_OTROS_Hidrometereológico
-0.054897395297355454,0.9611597725152028,2753,GPD,tail,21.39793168391183,0.090625,Puntarenas_OTROS_Hidrometereológico
-0.054897395297355454,0.9611597725152028,2754,GPD,tail,21.39793168391183,0.090625,Puntarenas_OTROS_Hidrometereológico
-0.054897395297355454,0.9611597725152028,2755,GPD,tail,21.39793168391183,0.090625,Puntarenas_OTROS_Hidrometereológico
-0.054897395297355454,0.9611597725152028,2756,GPD,tail,21.39793168391183,0.090625,Puntarenas_OTROS_Hidrometereológico
-0.054897395297355454,0.9611597725152028,2757,GPD,tail,21.39793168391183,0.090625,Puntarenas_OTROS_Hidrometereológico
-0.054897395297355454,0.9611597725152028,2758,GPD,tail,21.39793168391183,0.090625,Puntarenas_OTROS_Hidrometereológico
-0.054897395297355454,0.9611597725152028,2759,GPD,tail,21.39793168391183,0.090625,Puntarenas_OTROS_Hidrometereológico
-0.054897395297355454,0.9611597725152028,2760,GPD,tail,21.39793168391183,0.090625,Puntarenas_OTROS_Hidrometereológico
-0.054897395297355454,0.9611597725152028,2761,GPD,tail,21.39793168391183,0.090625,Puntarenas_OTROS_Hidrometereológico
-0.054897395297355454,0.9611597725152028,2762,GPD,tail,21.39793168391183,0.090625,Puntarenas_OTROS_Hidrometereológico
-0.054897395297355454,0.9611597725152028,2763,GPD,tail,21.39793168391183,0.090625,Puntarenas_OTROS_Hidrometereológico
-0.054897395297355454,0.9611597725152028,2764,GPD,tail,21.39793168391183,0.090625,Puntarenas_OTROS_Hidrometereológico
-0.054897395297355454,0.9611597725152028,2765,GPD,tail,21.39793168391183,0.090625,Puntarenas_OTROS_Hidrometereológico
-0.054897395297355454,0.9611597725152028,2766,GPD,tail,21.39793168391183,0.090625,Puntarenas_OTROS_Hidrometereológico
-0.054897395297355454,0.9611597725152028,2767,GPD,tail,21.39793168391183,0.090625,Puntarenas_OTROS_Hidrometereológico
-0.054897395297355454,0.9611597725152028,2768,GPD,tail,21.39793168391183,0.090625,Puntarenas_OTROS_Hidrometereológico
-0.054897395297355454,0.9611597725152028,2769,GPD,tail,21.39793168391183,0.090625,Puntarenas_OTROS_Hidrometereológico
-0.054897395297355454,0.9611597725152028,2770,GPD,tail,21.39793168391183,0.090625,Puntarenas_OTROS_Hidrometereológico
-0.14002208288892257,0.8672779470518427,2771,GPD,tail,21.39793168391183,0.090625,Puntarenas_OTROS_Hidrometereológico
-0.14002208288892257,0.8672779470518427,2772,GPD,tail,21.39793168391183,0.090625,Puntarenas_OTROS_Hidrometereológico
-0.14002208288892257,0.8672779470518427,2773,GPD,tail,21.39793168391183,0.090625,Puntarenas_OTROS_Hidrometereológico
-0.14002208288892257,0.8672779470518427,2774,GPD,tail,21.39793168391183,0.090625,Puntarenas_OTROS_Hidrometereológico
-0.14002208288892257,0.8672779470518427,2775,GPD,tail,21.39793168391183,0.090625,Puntarenas_OTROS_Hidrometereológico
-0.14002208288892257,0.8672779470518427,2776,GPD,tail,21.39793168391183,0.090625,Puntarenas_OTROS_Hidrometereológico
-0.14002208288892257,0.8672779470518427,2777,GPD,tail,21.39793168391183,0.090625,Puntarenas_OTROS_Hidrometereológico
-0.14002208288892257,0.8672779470518427,2778,GPD,tail,21.39793168391183,0.090625,Puntarenas_OTROS_Hidrometereológico
-0.14002208288892257,0.8672779470518427,2779,GPD,tail,21.39793168391183,0.090625,Puntarenas_OTROS_Hidrometereológico
-0.14002208288892257,0.8672779470518427,2780,GPD,tail,21.39793168391183,0.090625,Puntarenas_OTROS_Hidrometereológico
-0.14002208288892257,0.8672779470518427,2781,GPD,tail,21.39793168391183,0.090625,Puntarenas_OTROS_Hidrometereológico
-0.14002208288892257,0.8672779470518427,2782,GPD,tail,21.39793168391183,0.090625,Puntarenas_OTROS_Hidrometereológico
-0.14002208288892257,0.8672779470518427,2783,GPD,tail,21.39793168391183,0.090625,Puntarenas_OTROS_Hidrometereológico
-0.14002208288892257,0.8672779470518427,2784,GPD,tail,21.39793168391183,0.090625,Puntarenas_OTROS_Hidrometereológico
-0.14002208288892257,0.8672779470518427,2785,GPD,tail,21.39793168391183,0.090625,Puntarenas_OTROS_Hidrometereológico
-0.14002208288892257,0.8672779470518427,2786,GPD,tail,21.39793168391183,0.090625,Puntarenas_OTROS_Hidrometereológico
-0.14002208288892257,0.8672779470518427,2787,GPD,tail,21.39793168391183,0.090625,Puntarenas_OTROS_Hidrometereológico
-0.14002208288892257,0.8672779470518427,2788,GPD,tail,21.39793168391183,0.090625,Puntarenas_OTROS_Hidrometereológico
-0.14002208288892257,0.8672779470518427,2789,GPD,tail,21.39793168391183,0.090625,Puntarenas_OTROS_Hidrometereológico
-0.14002208288892257,0.8672779470518427,2790,GPD,tail,21.39793168391183,0.090625,Puntarenas_OTROS_Hidrometereológico
-0.14002208288892257,0.8672779470518427,2791,GPD,tail,21.39793168391183,0.090625,Puntarenas_OTROS_Hidrometereológico
-0.14002208288892257,0.8672779470518427,2792,GPD,tail,21.39793168391183,0.090625,Puntarenas_OTROS_Hidrometereológico
-0.14002208288892257,0.8672779470518427,2793,GPD,tail,21.39793168391183,0.090625,Puntarenas_OTROS_Hidrometereológico
-0.14002208288892257,0.8672779470518427,2794,GPD,tail,21.39793168391183,0.090625,Puntarenas_OTROS_Hidrometereológico
-0.14002208288892257,0.8672779470518427,2795,GPD,tail,21.39793168391183,0.090625,Puntarenas_OTROS_Hidrometereológico
-0.1666719403500837,0.941629128305564,2796,GPD,tail,21.39793168391183,0.090625,Puntarenas_OTROS_Hidrometereológico
-0.1666719403500837,0.941629128305564,2797,GPD,tail,21.39793168391183,0.090625,Puntarenas_OTROS_Hidrometereológico
-0.1666719403500837,0.941629128305564,2798,GPD,tail,21.39793168391183,0.090625,Puntarenas_OTROS_Hidrometereológico
-0.1666719403500837,0.941629128305564,2799,GPD,tail,21.39793168391183,0.090625,Puntarenas_OTROS_Hidrometereológico
-0.1666719403500837,0.941629128305564,2800,GPD,tail,21.39793168391183,0.090625,Puntarenas_OTROS_Hidrometereológico
-0.1666719403500837,0.941629128305564,2801,GPD,tail,21.39793168391183,0.090625,Puntarenas_OTROS_Hidrometereológico
-0.1666719403500837,0.941629128305564,2802,GPD,tail,21.39793168391183,0.090625,Puntarenas_OTROS_Hidrometereológico
-0.1666719403500837,0.941629128305564,2803,GPD,tail,21.39793168391183,0.090625,Puntarenas_OTROS_Hidrometereológico
-0.1666719403500837,0.941629128305564,2804,GPD,tail,21.39793168391183,0.090625,Puntarenas_OTROS_Hidrometereológico
-0.1666719403500837,0.941629128305564,2805,GPD,tail,21.39793168391183,0.090625,Puntarenas_OTROS_Hidrometereológico
-0.1666719403500837,0.941629128305564,2806,GPD,tail,21.39793168391183,0.090625,Puntarenas_OTROS_Hidrometereológico
-0.1666719403500837,0.941629128305564,2807,GPD,tail,21.39793168391183,0.090625,Puntarenas_OTROS_Hidrometereológico
-0.1666719403500837,0.941629128305564,2808,GPD,tail,21.39793168391183,0.090625,Puntarenas_OTROS_Hidrometereológico
-0.1666719403500837,0.941629128305564,2809,GPD,tail,21.39793168391183,0.090625,Puntarenas_OTROS_Hidrometereológico
-0.1666719403500837,0.941629128305564,2810,GPD,tail,21.39793168391183,0.090625,Puntarenas_OTROS_Hidrometereológico
-0.1666719403500837,0.941629128305564,2811,GPD,tail,21.39793168391183,0.090625,Puntarenas_OTROS_Hidrometereológico
-0.001604914335897878,0.7557635917658054,2812,GPD,tail,21.39793168391183,0.090625,Puntarenas_OTROS_Hidrometereológico
-0.001604914335897878,0.7557635917658054,2813,GPD,tail,21.39793168391183,0.090625,Puntarenas_OTROS_Hidrometereológico
-0.001604914335897878,0.7557635917658054,2814,GPD,tail,21.39793168391183,0.090625,Puntarenas_OTROS_Hidrometereológico
-0.001604914335897878,0.7557635917658054,2815,GPD,tail,21.39793168391183,0.090625,Puntarenas_OTROS_Hidrometereológico
-0.001604914335897878,0.7557635917658054,2816,GPD,tail,21.39793168391183,0.090625,Puntarenas_OTROS_Hidrometereológico
-0.001604914335897878,0.7557635917658054,2817,GPD,tail,21.39793168391183,0.090625,Puntarenas_OTROS_Hidrometereológico
-0.001604914335897878,0.7557635917658054,2818,GPD,tail,21.39793168391183,0.090625,Puntarenas_OTROS_Hidrometereológico
-0.001604914335897878,0.7557635917658054,2819,GPD,tail,21.39793168391183,0.090625,Puntarenas_OTROS_Hidrometereológico
-0.001604914335897878,0.7557635917658054,2820,GPD,tail,21.39793168391183,0.090625,Puntarenas_OTROS_Hidrometereológico
-0.001604914335897878,0.7557635917658054,2821,GPD,tail,21.39793168391183,0.090625,Puntarenas_OTROS_Hidrometereológico
-0.001604914335897878,0.7557635917658054,2822,GPD,tail,21.39793168391183,0.090625,Puntarenas_OTROS_Hidrometereológico
-0.001604914335897878,0.7557635917658054,2823,GPD,tail,21.39793168391183,0.090625,Puntarenas_OTROS_Hidrometereológico
-0.024314555496269104,0.8398611995121518,2824,GPD,tail,21.39793168391183,0.090625,Puntarenas_OTROS_Hidrometereológico
-0.024314555496269104,0.8398611995121518,2825,GPD,tail,21.39793168391183,0.090625,Puntarenas_OTROS_Hidrometereológico
-0.024314555496269104,0.8398611995121518,2826,GPD,tail,21.39793168391183,0.090625,Puntarenas_OTROS_Hidrometereológico
-0.024314555496269104,0.8398611995121518,2827,GPD,tail,21.39793168391183,0.090625,Puntarenas_OTROS_Hidrometereológico
-0.024314555496269104,0.8398611995121518,2828,GPD,tail,21.39793168391183,0.090625,Puntarenas_OTROS_Hidrometereológico
-0.024314555496269104,0.8398611995121518,2829,GPD,tail,21.39793168391183,0.090625,Puntarenas_OTROS_Hidrometereológico
-0.024314555496269104,0.8398611995121518,2830,GPD,tail,21.39793168391183,0.090625,Puntarenas_OTROS_Hidrometereológico
-0.024314555496269104,0.8398611995121518,2831,GPD,tail,21.39793168391183,0.090625,Puntarenas_OTROS_Hidrometereológico
-0.024314555496269104,0.8398611995121518,2832,GPD,tail,21.39793168391183,0.090625,Puntarenas_OTROS_Hidrometereológico
-0.024314555496269104,0.8398611995121518,2833,GPD,tail,21.39793168391183,0.090625,Puntarenas_OTROS_Hidrometereológico
-0.024314555496269104,0.8398611995121518,2834,GPD,tail,21.39793168391183,0.090625,Puntarenas_OTROS_Hidrometereológico
-0.024314555496269104,0.8398611995121518,2835,GPD,tail,21.39793168391183,0.090625,Puntarenas_OTROS_Hidrometereológico
-0.024314555496269104,0.8398611995121518,2836,GPD,tail,21.39793168391183,0.090625,Puntarenas_OTROS_Hidrometereológico
-0.024314555496269104,0.8398611995121518,2837,GPD,tail,21.39793168391183,0.090625,Puntarenas_OTROS_Hidrometereológico
-0.05523760752184149,0.8005061951892711,2838,GPD,tail,21.39793168391183,0.090625,Puntarenas_OTROS_Hidrometereológico
-0.10726911278031476,0.8912237918156772,2839,GPD,tail,21.39793168391183,0.090625,Puntarenas_OTROS_Hidrometereológico
-0.10726911278031476,0.8912237918156772,2840,GPD,tail,21.39793168391183,0.090625,Puntarenas_OTROS_Hidrometereológico
-0.10726911278031476,0.8912237918156772,2841,GPD,tail,21.39793168391183,0.090625,Puntarenas_OTROS_Hidrometereológico
-0.10726911278031476,0.8912237918156772,2842,GPD,tail,21.39793168391183,0.090625,Puntarenas_OTROS_Hidrometereológico
-0.10726911278031476,0.8912237918156772,2843,GPD,tail,21.39793168391183,0.090625,Puntarenas_OTROS_Hidrometereológico
-0.10726911278031476,0.8912237918156772,2844,GPD,tail,21.39793168391183,0.090625,Puntarenas_OTROS_Hidrometereológico
-0.10726911278031476,0.8912237918156772,2845,GPD,tail,21.39793168391183,0.090625,Puntarenas_OTROS_Hidrometereológico
-0.10726911278031476,0.8912237918156772,2846,GPD,tail,21.39793168391183,0.090625,Puntarenas_OTROS_Hidrometereológico
-0.10726911278031476,0.8912237918156772,2847,GPD,tail,21.39793168391183,0.090625,Puntarenas_OTROS_Hidrometereológico
-0.10726911278031476,0.8912237918156772,2848,GPD,tail,21.39793168391183,0.090625,Puntarenas_OTROS_Hidrometereológico
-0.10726911278031476,0.8912237918156772,2849,GPD,tail,21.39793168391183,0.090625,Puntarenas_OTROS_Hidrometereológico
-0.10726911278031476,0.8912237918156772,2850,GPD,tail,21.39793168391183,0.090625,Puntarenas_OTROS_Hidrometereológico
-0.10726911278031476,0.8912237918156772,2851,GPD,tail,21.39793168391183,0.090625,Puntarenas_OTROS_Hidrometereológico
-0.10726911278031476,0.8912237918156772,2852,GPD,tail,21.39793168391183,0.090625,Puntarenas_OTROS_Hidrometereológico
-0.10726911278031476,0.8912237918156772,2853,GPD,tail,21.39793168391183,0.090625,Puntarenas_OTROS_Hidrometereológico
-0.10726911278031476,0.8912237918156772,2854,GPD,tail,21.39793168391183,0.090625,Puntarenas_OTROS_Hidrometereológico
-0.10726911278031476,0.8912237918156772,2855,GPD,tail,21.39793168391183,0.090625,Puntarenas_OTROS_Hidrometereológico
-0.0956167015159085,0.8779884383419446,2856,GPD,tail,21.39793168391183,0.090625,Puntarenas_OTROS_Hidrometereológico
-0.0956167015159085,0.8779884383419446,2857,GPD,tail,21.39793168391183,0.090625,Puntarenas_OTROS_Hidrometereológico
-0.0956167015159085,0.8779884383419446,2858,GPD,tail,21.39793168391183,0.090625,Puntarenas_OTROS_Hidrometereológico
-0.0956167015159085,0.8779884383419446,2859,GPD,tail,21.39793168391183,0.090625,Puntarenas_OTROS_Hidrometereológico
-0.0956167015159085,0.8779884383419446,2860,GPD,tail,21.39793168391183,0.090625,Puntarenas_OTROS_Hidrometereológico
-0.0956167015159085,0.8779884383419446,2861,GPD,tail,21.39793168391183,0.090625,Puntarenas_OTROS_Hidrometereológico
-0.0956167015159085,0.8779884383419446,2862,GPD,tail,21.39793168391183,0.090625,Puntarenas_OTROS_Hidrometereológico
-0.0956167015159085,0.8779884383419446,2863,GPD,tail,21.39793168391183,0.090625,Puntarenas_OTROS_Hidrometereológico
-0.0956167015159085,0.8779884383419446,2864,GPD,tail,21.39793168391183,0.090625,Puntarenas_OTROS_Hidrometereológico
-0.0956167015159085,0.8779884383419446,2865,GPD,tail,21.39793168391183,0.090625,Puntarenas_OTROS_Hidrometereológico
-0.0956167015159085,0.8779884383419446,2866,GPD,tail,21.39793168391183,0.090625,Puntarenas_OTROS_Hidrometereológico
-0.0956167015159085,0.8779884383419446,2867,GPD,tail,21.39793168391183,0.090625,Puntarenas_OTROS_Hidrometereológico
-0.0956167015159085,0.8779884383419446,2868,GPD,tail,21.39793168391183,0.090625,Puntarenas_OTROS_Hidrometereológico
-0.0956167015159085,0.8779884383419446,2869,GPD,tail,21.39793168391183,0.090625,Puntarenas_OTROS_Hidrometereológico
-0.0956167015159085,0.8779884383419446,2870,GPD,tail,21.39793168391183,0.090625,Puntarenas_OTROS_Hidrometereológico
-0.0956167015159085,0.8779884383419446,2871,GPD,tail,21.39793168391183,0.090625,Puntarenas_OTROS_Hidrometereológico
-0.0956167015159085,0.8779884383419446,2872,GPD,tail,21.39793168391183,0.090625,Puntarenas_OTROS_Hidrometereológico
-0.0956167015159085,0.8779884383419446,2873,GPD,tail,21.39793168391183,0.090625,Puntarenas_OTROS_Hidrometereológico
-0.0956167015159085,0.8779884383419446,2874,GPD,tail,21.39793168391183,0.090625,Puntarenas_OTROS_Hidrometereológico
-0.0956167015159085,0.8779884383419446,2875,GPD,tail,21.39793168391183,0.090625,Puntarenas_OTROS_Hidrometereológico
-0.0956167015159085,0.8779884383419446,2876,GPD,tail,21.39793168391183,0.090625,Puntarenas_OTROS_Hidrometereológico
-0.0956167015159085,0.8779884383419446,2877,GPD,tail,21.39793168391183,0.090625,Puntarenas_OTROS_Hidrometereológico
-0.0956167015159085,0.8779884383419446,2878,GPD,tail,21.39793168391183,0.090625,Puntarenas_OTROS_Hidrometereológico
-0.0956167015159085,0.8779884383419446,2879,GPD,tail,21.39793168391183,0.090625,Puntarenas_OTROS_Hidrometereológico
-0.0956167015159085,0.8779884383419446,2880,GPD,tail,21.39793168391183,0.090625,Puntarenas_OTROS_Hidrometereológico
-0.0956167015159085,0.8779884383419446,2881,GPD,tail,21.39793168391183,0.090625,Puntarenas_OTROS_Hidrometereológico
-0.0956167015159085,0.8779884383419446,2882,GPD,tail,21.39793168391183,0.090625,Puntarenas_OTROS_Hidrometereológico
-0.0956167015159085,0.8779884383419446,2883,GPD,tail,21.39793168391183,0.090625,Puntarenas_OTROS_Hidrometereológico
-0.0956167015159085,0.8779884383419446,2884,GPD,tail,21.39793168391183,0.090625,Puntarenas_OTROS_Hidrometereológico
-0.0956167015159085,0.8779884383419446,2885,GPD,tail,21.39793168391183,0.090625,Puntarenas_OTROS_Hidrometereológico
-0.0956167015159085,0.8779884383419446,2886,GPD,tail,21.39793168391183,0.090625,Puntarenas_OTROS_Hidrometereológico
-0.0956167015159085,0.8779884383419446,2887,GPD,tail,21.39793168391183,0.090625,Puntarenas_OTROS_Hidrometereológico
-0.0956167015159085,0.8779884383419446,2888,GPD,tail,21.39793168391183,0.090625,Puntarenas_OTROS_Hidrometereológico
-0.0956167015159085,0.8779884383419446,2889,GPD,tail,21.39793168391183,0.090625,Puntarenas_OTROS_Hidrometereológico
-0.0956167015159085,0.8779884383419446,2890,GPD,tail,21.39793168391183,0.090625,Puntarenas_OTROS_Hidrometereológico
-0.0956167015159085,0.8779884383419446,2891,GPD,tail,21.39793168391183,0.090625,Puntarenas_OTROS_Hidrometereológico
-0.0956167015159085,0.8779884383419446,2892,GPD,tail,21.39793168391183,0.090625,Puntarenas_OTROS_Hidrometereológico
-0.0956167015159085,0.8779884383419446,2893,GPD,tail,21.39793168391183,0.090625,Puntarenas_OTROS_Hidrometereológico
-0.0956167015159085,0.8779884383419446,2894,GPD,tail,21.39793168391183,0.090625,Puntarenas_OTROS_Hidrometereológico
-0.0956167015159085,0.8779884383419446,2895,GPD,tail,21.39793168391183,0.090625,Puntarenas_OTROS_Hidrometereológico
-0.0956167015159085,0.8779884383419446,2896,GPD,tail,21.39793168391183,0.090625,Puntarenas_OTROS_Hidrometereológico
-0.0838353428148394,0.814434238904031,2897,GPD,tail,21.39793168391183,0.090625,Puntarenas_OTROS_Hidrometereológico
-0.0838353428148394,0.814434238904031,2898,GPD,tail,21.39793168391183,0.090625,Puntarenas_OTROS_Hidrometereológico
-0.0838353428148394,0.814434238904031,2899,GPD,tail,21.39793168391183,0.090625,Puntarenas_OTROS_Hidrometereológico
-0.0838353428148394,0.814434238904031,2900,GPD,tail,21.39793168391183,0.090625,Puntarenas_OTROS_Hidrometereológico
-0.0838353428148394,0.814434238904031,2901,GPD,tail,21.39793168391183,0.090625,Puntarenas_OTROS_Hidrometereológico
-0.0838353428148394,0.814434238904031,2902,GPD,tail,21.39793168391183,0.090625,Puntarenas_OTROS_Hidrometereológico
-0.0838353428148394,0.814434238904031,2903,GPD,tail,21.39793168391183,0.090625,Puntarenas_OTROS_Hidrometereológico
-0.0838353428148394,0.814434238904031,2904,GPD,tail,21.39793168391183,0.090625,Puntarenas_OTROS_Hidrometereológico
-0.0838353428148394,0.814434238904031,2905,GPD,tail,21.39793168391183,0.090625,Puntarenas_OTROS_Hidrometereológico
-0.0838353428148394,0.814434238904031,2906,GPD,tail,21.39793168391183,0.090625,Puntarenas_OTROS_Hidrometereológico
-0.0838353428148394,0.814434238904031,2907,GPD,tail,21.39793168391183,0.090625,Puntarenas_OTROS_Hidrometereológico
-0.0838353428148394,0.814434238904031,2908,GPD,tail,21.39793168391183,0.090625,Puntarenas_OTROS_Hidrometereológico
-0.0838353428148394,0.814434238904031,2909,GPD,tail,21.39793168391183,0.090625,Puntarenas_OTROS_Hidrometereológico
-0.0838353428148394,0.814434238904031,2910,GPD,tail,21.39793168391183,0.090625,Puntarenas_OTROS_Hidrometereológico
-0.0838353428148394,0.814434238904031,2911,GPD,tail,21.39793168391183,0.090625,Puntarenas_OTROS_Hidrometereológico
-0.0838353428148394,0.814434238904031,2912,GPD,tail,21.39793168391183,0.090625,Puntarenas_OTROS_Hidrometereológico
-0.0838353428148394,0.814434238904031,2913,GPD,tail,21.39793168391183,0.090625,Puntarenas_OTROS_Hidrometereológico
-0.0838353428148394,0.814434238904031,2914,GPD,tail,21.39793168391183,0.090625,Puntarenas_OTROS_Hidrometereológico
-0.0838353428148394,0.814434238904031,2915,GPD,tail,21.39793168391183,0.090625,Puntarenas_OTROS_Hidrometereológico
-0.0838353428148394,0.814434238904031,2916,GPD,tail,21.39793168391183,0.090625,Puntarenas_OTROS_Hidrometereológico
-0.0838353428148394,0.814434238904031,2917,GPD,tail,21.39793168391183,0.090625,Puntarenas_OTROS_Hidrometereológico
-0.0838353428148394,0.814434238904031,2918,GPD,tail,21.39793168391183,0.090625,Puntarenas_OTROS_Hidrometereológico
-0.0838353428148394,0.814434238904031,2919,GPD,tail,21.39793168391183,0.090625,Puntarenas_OTROS_Hidrometereológico
-0.0838353428148394,0.814434238904031,2920,GPD,tail,21.39793168391183,0.090625,Puntarenas_OTROS_Hidrometereológico
-0.0838353428148394,0.814434238904031,2921,GPD,tail,21.39793168391183,0.090625,Puntarenas_OTROS_Hidrometereológico
-0.0838353428148394,0.814434238904031,2922,GPD,tail,21.39793168391183,0.090625,Puntarenas_OTROS_Hidrometereológico
-0.0838353428148394,0.814434238904031,2923,GPD,tail,21.39793168391183,0.090625,Puntarenas_OTROS_Hidrometereológico
-0.0838353428148394,0.814434238904031,2924,GPD,tail,21.39793168391183,0.090625,Puntarenas_OTROS_Hidrometereológico
-0.09738200078039853,0.8235881847398241,2925,GPD,tail,21.39793168391183,0.090625,Puntarenas_OTROS_Hidrometereológico
-0.09738200078039853,0.8235881847398241,2926,GPD,tail,21.39793168391183,0.090625,Puntarenas_OTROS_Hidrometereológico
-0.09738200078039853,0.8235881847398241,2927,GPD,tail,21.39793168391183,0.090625,Puntarenas_OTROS_Hidrometereológico
-0.09738200078039853,0.8235881847398241,2928,GPD,tail,21.39793168391183,0.090625,Puntarenas_OTROS_Hidrometereológico
-0.09738200078039853,0.8235881847398241,2929,GPD,tail,21.39793168391183,0.090625,Puntarenas_OTROS_Hidrometereológico
-0.09738200078039853,0.8235881847398241,2930,GPD,tail,21.39793168391183,0.090625,Puntarenas_OTROS_Hidrometereológico
-0.09738200078039853,0.8235881847398241,2931,GPD,tail,21.39793168391183,0.090625,Puntarenas_OTROS_Hidrometereológico
-0.09738200078039853,0.8235881847398241,2932,GPD,tail,21.39793168391183,0.090625,Puntarenas_OTROS_Hidrometereológico
-0.09738200078039853,0.8235881847398241,2933,GPD,tail,21.39793168391183,0.090625,Puntarenas_OTROS_Hidrometereológico
-0.09738200078039853,0.8235881847398241,2934,GPD,tail,21.39793168391183,0.090625,Puntarenas_OTROS_Hidrometereológico
-0.09738200078039853,0.8235881847398241,2935,GPD,tail,21.39793168391183,0.090625,Puntarenas_OTROS_Hidrometereológico
-0.052139303374141875,0.8989321365622552,2936,GPD,tail,21.39793168391183,0.090625,Puntarenas_OTROS_Hidrometereológico
-0.052139303374141875,0.8989321365622552,2937,GPD,tail,21.39793168391183,0.090625,Puntarenas_OTROS_Hidrometereológico
-0.052139303374141875,0.8989321365622552,2938,GPD,tail,21.39793168391183,0.090625,Puntarenas_OTROS_Hidrometereológico
-0.052139303374141875,0.8989321365622552,2939,GPD,tail,21.39793168391183,0.090625,Puntarenas_OTROS_Hidrometereológico
-0.052139303374141875,0.8989321365622552,2940,GPD,tail,21.39793168391183,0.090625,Puntarenas_OTROS_Hidrometereológico
-0.052139303374141875,0.8989321365622552,2941,GPD,tail,21.39793168391183,0.090625,Puntarenas_OTROS_Hidrometereológico
-0.052139303374141875,0.8989321365622552,2942,GPD,tail,21.39793168391183,0.090625,Puntarenas_OTROS_Hidrometereológico
-0.16404054561497786,1.0079764222583028,2943,GPD,tail,21.39793168391183,0.090625,Puntarenas_OTROS_Hidrometereológico
-0.16404054561497786,1.0079764222583028,2944,GPD,tail,21.39793168391183,0.090625,Puntarenas_OTROS_Hidrometereológico
-0.16404054561497786,1.0079764222583028,2945,GPD,tail,21.39793168391183,0.090625,Puntarenas_OTROS_Hidrometereológico
-0.16404054561497786,1.0079764222583028,2946,GPD,tail,21.39793168391183,0.090625,Puntarenas_OTROS_Hidrometereológico
-0.027919962741982496,0.7703298096438109,2947,GPD,tail,21.39793168391183,0.090625,Puntarenas_OTROS_Hidrometereológico
-0.027919962741982496,0.7703298096438109,2948,GPD,tail,21.39793168391183,0.090625,Puntarenas_OTROS_Hidrometereológico
-0.027919962741982496,0.7703298096438109,2949,GPD,tail,21.39793168391183,0.090625,Puntarenas_OTROS_Hidrometereológico
-0.027919962741982496,0.7703298096438109,2950,GPD,tail,21.39793168391183,0.090625,Puntarenas_OTROS_Hidrometereológico
-0.027919962741982496,0.7703298096438109,2951,GPD,tail,21.39793168391183,0.090625,Puntarenas_OTROS_Hidrometereológico
-0.027919962741982496,0.7703298096438109,2952,GPD,tail,21.39793168391183,0.090625,Puntarenas_OTROS_Hidrometereológico
-0.027919962741982496,0.7703298096438109,2953,GPD,tail,21.39793168391183,0.090625,Puntarenas_OTROS_Hidrometereológico
-0.027919962741982496,0.7703298096438109,2954,GPD,tail,21.39793168391183,0.090625,Puntarenas_OTROS_Hidrometereológico
0.013693248638033624,0.8673275406701922,2955,GPD,tail,21.39793168391183,0.090625,Puntarenas_OTROS_Hidrometereológico
0.013693248638033624,0.8673275406701922,2956,GPD,tail,21.39793168391183,0.090625,Puntarenas_OTROS_Hidrometereológico
0.013693248638033624,0.8673275406701922,2957,GPD,tail,21.39793168391183,0.090625,Puntarenas_OTROS_Hidrometereológico
0.013693248638033624,0.8673275406701922,2958,GPD,tail,21.39793168391183,0.090625,Puntarenas_OTROS_Hidrometereológico
0.013693248638033624,0.8673275406701922,2959,GPD,tail,21.39793168391183,0.090625,Puntarenas_OTROS_Hidrometereológico
0.013693248638033624,0.8673275406701922,2960,GPD,tail,21.39793168391183,0.090625,Puntarenas_OTROS_Hidrometereológico
-0.09014119370177431,0.913323095467042,2961,GPD,tail,21.39793168391183,0.090625,Puntarenas_OTROS_Hidrometereológico
-0.09014119370177431,0.913323095467042,2962,GPD,tail,21.39793168391183,0.090625,Puntarenas_OTROS_Hidrometereológico
-0.09014119370177431,0.913323095467042,2963,GPD,tail,21.39793168391183,0.090625,Puntarenas_OTROS_Hidrometereológico
-0.09014119370177431,0.913323095467042,2964,GPD,tail,21.39793168391183,0.090625,Puntarenas_OTROS_Hidrometereológico
-0.09014119370177431,0.913323095467042,2965,GPD,tail,21.39793168391183,0.090625,Puntarenas_OTROS_Hidrometereológico
-0.09014119370177431,0.913323095467042,2966,GPD,tail,21.39793168391183,0.090625,Puntarenas_OTROS_Hidrometereológico
-0.09014119370177431,0.913323095467042,2967,GPD,tail,21.39793168391183,0.090625,Puntarenas_OTROS_Hidrometereológico
-0.09014119370177431,0.913323095467042,2968,GPD,tail,21.39793168391183,0.090625,Puntarenas_OTROS_Hidrometereológico
-0.09014119370177431,0.913323095467042,2969,GPD,tail,21.39793168391183,0.090625,Puntarenas_OTROS_Hidrometereológico
-0.09014119370177431,0.913323095467042,2970,GPD,tail,21.39793168391183,0.090625,Puntarenas_OTROS_Hidrometereológico
-0.09014119370177431,0.913323095467042,2971,GPD,tail,21.39793168391183,0.090625,Puntarenas_OTROS_Hidrometereológico
-0.14461159519595349,0.9295046874489687,2972,GPD,tail,21.39793168391183,0.090625,Puntarenas_OTROS_Hidrometereológico
-0.14461159519595349,0.9295046874489687,2973,GPD,tail,21.39793168391183,0.090625,Puntarenas_OTROS_Hidrometereológico
-0.14461159519595349,0.9295046874489687,2974,GPD,tail,21.39793168391183,0.090625,Puntarenas_OTROS_Hidrometereológico
-0.14461159519595349,0.9295046874489687,2975,GPD,tail,21.39793168391183,0.090625,Puntarenas_OTROS_Hidrometereológico
-0.14461159519595349,0.9295046874489687,2976,GPD,tail,21.39793168391183,0.090625,Puntarenas_OTROS_Hidrometereológico
-0.14461159519595349,0.9295046874489687,2977,GPD,tail,21.39793168391183,0.090625,Puntarenas_OTROS_Hidrometereológico
-0.14461159519595349,0.9295046874489687,2978,GPD,tail,21.39793168391183,0.090625,Puntarenas_OTROS_Hidrometereológico
-0.14461159519595349,0.9295046874489687,2979,GPD,tail,21.39793168391183,0.090625,Puntarenas_OTROS_Hidrometereológico
-0.14461159519595349,0.9295046874489687,2980,GPD,tail,21.39793168391183,0.090625,Puntarenas_OTROS_Hidrometereológico
-0.14461159519595349,0.9295046874489687,2981,GPD,tail,21.39793168391183,0.090625,Puntarenas_OTROS_Hidrometereológico
-0.14461159519595349,0.9295046874489687,2982,GPD,tail,21.39793168391183,0.090625,Puntarenas_OTROS_Hidrometereológico
-0.10962841957403924,0.9432895644861851,2983,GPD,tail,21.39793168391183,0.090625,Puntarenas_OTROS_Hidrometereológico
-0.10962841957403924,0.9432895644861851,2984,GPD,tail,21.39793168391183,0.090625,Puntarenas_OTROS_Hidrometereológico
-0.10962841957403924,0.9432895644861851,2985,GPD,tail,21.39793168391183,0.090625,Puntarenas_OTROS_Hidrometereológico
-0.10962841957403924,0.9432895644861851,2986,GPD,tail,21.39793168391183,0.090625,Puntarenas_OTROS_Hidrometereológico
-0.10962841957403924,0.9432895644861851,2987,GPD,tail,21.39793168391183,0.090625,Puntarenas_OTROS_Hidrometereológico
-0.10962841957403924,0.9432895644861851,2988,GPD,tail,21.39793168391183,0.090625,Puntarenas_OTROS_Hidrometereológico
-0.10962841957403924,0.9432895644861851,2989,GPD,tail,21.39793168391183,0.090625,Puntarenas_OTROS_Hidrometereológico
-0.10962841957403924,0.9432895644861851,2990,GPD,tail,21.39793168391183,0.090625,Puntarenas_OTROS_Hidrometereológico
-0.10962841957403924,0.9432895644861851,2991,GPD,tail,21.39793168391183,0.090625,Puntarenas_OTROS_Hidrometereológico
-0.10962841957403924,0.9432895644861851,2992,GPD,tail,21.39793168391183,0.090625,Puntarenas_OTROS_Hidrometereológico
-0.10962841957403924,0.9432895644861851,2993,GPD,tail,21.39793168391183,0.090625,Puntarenas_OTROS_Hidrometereológico
-0.10962841957403924,0.9432895644861851,2994,GPD,tail,21.39793168391183,0.090625,Puntarenas_OTROS_Hidrometereológico
-0.10962841957403924,0.9432895644861851,2995,GPD,tail,21.39793168391183,0.090625,Puntarenas_OTROS_Hidrometereológico
-0.10962841957403924,0.9432895644861851,2996,GPD,tail,21.39793168391183,0.090625,Puntarenas_OTROS_Hidrometereológico
-0.10962841957403924,0.9432895644861851,2997,GPD,tail,21.39793168391183,0.090625,Puntarenas_OTROS_Hidrometereológico
-0.10962841957403924,0.9432895644861851,2998,GPD,tail,21.39793168391183,0.090625,Puntarenas_OTROS_Hidrometereológico
-0.10962841957403924,0.9432895644861851,2999,GPD,tail,21.39793168391183,0.090625,Puntarenas_OTROS_Hidrometereológico
-0.10962841957403924,0.9432895644861851,3000,GPD,tail,21.39793168391183,0.090625,Puntarenas_OTROS_Hidrometereológico
-0.10962841957403924,0.9432895644861851,3001,GPD,tail,21.39793168391183,0.090625,Puntarenas_OTROS_Hidrometereológico
-0.10962841957403924,0.9432895644861851,3002,GPD,tail,21.39793168391183,0.090625,Puntarenas_OTROS_Hidrometereológico
-0.10962841957403924,0.9432895644861851,3003,GPD,tail,21.39793168391183,0.090625,Puntarenas_OTROS_Hidrometereológico
-0.10962841957403924,0.9432895644861851,3004,GPD,tail,21.39793168391183,0.090625,Puntarenas_OTROS_Hidrometereológico
-0.10962841957403924,0.9432895644861851,3005,GPD,tail,21.39793168391183,0.090625,Puntarenas_OTROS_Hidrometereológico
-0.10962841957403924,0.9432895644861851,3006,GPD,tail,21.39793168391183,0.090625,Puntarenas_OTROS_Hidrometereológico
-0.10962841957403924,0.9432895644861851,3007,GPD,tail,21.39793168391183,0.090625,Puntarenas_OTROS_Hidrometereológico
-0.10962841957403924,0.9432895644861851,3008,GPD,tail,21.39793168391183,0.090625,Puntarenas_OTROS_Hidrometereológico
-0.10962841957403924,0.9432895644861851,3009,GPD,tail,21.39793168391183,0.090625,Puntarenas_OTROS_Hidrometereológico
-0.10962841957403924,0.9432895644861851,3010,GPD,tail,21.39793168391183,0.090625,Puntarenas_OTROS_Hidrometereológico
-0.10962841957403924,0.9432895644861851,3011,GPD,tail,21.39793168391183,0.090625,Puntarenas_OTROS_Hidrometereológico
-0.10962841957403924,0.9432895644861851,3012,GPD,tail,21.39793168391183,0.090625,Puntarenas_OTROS_Hidrometereológico
-0.10962841957403924,0.9432895644861851,3013,GPD,tail,21.39793168391183,0.090625,Puntarenas_OTROS_Hidrometereológico
-0.10962841957403924,0.9432895644861851,3014,GPD,tail,21.39793168391183,0.090625,Puntarenas_OTROS_Hidrometereológico
-0.10962841957403924,0.9432895644861851,3015,GPD,tail,21.39793168391183,0.090625,Puntarenas_OTROS_Hidrometereológico
-0.10962841957403924,0.9432895644861851,3016,GPD,tail,21.39793168391183,0.090625,Puntarenas_OTROS_Hidrometereológico
-0.10962841957403924,0.9432895644861851,3017,GPD,tail,21.39793168391183,0.090625,Puntarenas_OTROS_Hidrometereológico
-0.10962841957403924,0.9432895644861851,3018,GPD,tail,21.39793168391183,0.090625,Puntarenas_OTROS_Hidrometereológico
-0.10962841957403924,0.9432895644861851,3019,GPD,tail,21.39793168391183,0.090625,Puntarenas_OTROS_Hidrometereológico
-0.10962841957403924,0.9432895644861851,3020,GPD,tail,21.39793168391183,0.090625,Puntarenas_OTROS_Hidrometereológico
-0.10962841957403924,0.9432895644861851,3021,GPD,tail,21.39793168391183,0.090625,Puntarenas_OTROS_Hidrometereológico
-0.10962841957403924,0.9432895644861851,3022,GPD,tail,21.39793168391183,0.090625,Puntarenas_OTROS_Hidrometereológico
-0.10962841957403924,0.9432895644861851,3023,GPD,tail,21.39793168391183,0.090625,Puntarenas_OTROS_Hidrometereológico
-0.10962841957403924,0.9432895644861851,3024,GPD,tail,21.39793168391183,0.090625,Puntarenas_OTROS_Hidrometereológico
-0.10962841957403924,0.9432895644861851,3025,GPD,tail,21.39793168391183,0.090625,Puntarenas_OTROS_Hidrometereológico
-0.10962841957403924,0.9432895644861851,3026,GPD,tail,21.39793168391183,0.090625,Puntarenas_OTROS_Hidrometereológico
-0.10962841957403924,0.9432895644861851,3027,GPD,tail,21.39793168391183,0.090625,Puntarenas_OTROS_Hidrometereológico
-0.10962841957403924,0.9432895644861851,3028,GPD,tail,21.39793168391183,0.090625,Puntarenas_OTROS_Hidrometereológico
-0.10962841957403924,0.9432895644861851,3029,GPD,tail,21.39793168391183,0.090625,Puntarenas_OTROS_Hidrometereológico
-0.10962841957403924,0.9432895644861851,3030,GPD,tail,21.39793168391183,0.090625,Puntarenas_OTROS_Hidrometereológico
-0.10962841957403924,0.9432895644861851,3031,GPD,tail,21.39793168391183,0.090625,Puntarenas_OTROS_Hidrometereológico
-0.10962841957403924,0.9432895644861851,3032,GPD,tail,21.39793168391183,0.090625,Puntarenas_OTROS_Hidrometereológico
-0.10962841957403924,0.9432895644861851,3033,GPD,tail,21.39793168391183,0.090625,Puntarenas_OTROS_Hidrometereológico
-0.10962841957403924,0.9432895644861851,3034,GPD,tail,21.39793168391183,0.090625,Puntarenas_OTROS_Hidrometereológico
-0.10962841957403924,0.9432895644861851,3035,GPD,tail,21.39793168391183,0.090625,Puntarenas_OTROS_Hidrometereológico
-0.10962841957403924,0.9432895644861851,3036,GPD,tail,21.39793168391183,0.090625,Puntarenas_OTROS_Hidrometereológico
-0.10962841957403924,0.9432895644861851,3037,GPD,tail,21.39793168391183,0.090625,Puntarenas_OTROS_Hidrometereológico
-0.10962841957403924,0.9432895644861851,3038,GPD,tail,21.39793168391183,0.090625,Puntarenas_OTROS_Hidrometereológico
-0.10962841957403924,0.9432895644861851,3039,GPD,tail,21.39793168391183,0.090625,Puntarenas_OTROS_Hidrometereológico
-0.10962841957403924,0.9432895644861851,3040,GPD,tail,21.39793168391183,0.090625,Puntarenas_OTROS_Hidrometereológico
-0.10962841957403924,0.9432895644861851,3041,GPD,tail,21.39793168391183,0.090625,Puntarenas_OTROS_Hidrometereológico
-0.10962841957403924,0.9432895644861851,3042,GPD,tail,21.39793168391183,0.090625,Puntarenas_OTROS_Hidrometereológico
-0.10962841957403924,0.9432895644861851,3043,GPD,tail,21.39793168391183,0.090625,Puntarenas_OTROS_Hidrometereológico
-0.10962841957403924,0.9432895644861851,3044,GPD,tail,21.39793168391183,0.090625,Puntarenas_OTROS_Hidrometereológico
-0.10962841957403924,0.9432895644861851,3045,GPD,tail,21.39793168391183,0.090625,Puntarenas_OTROS_Hidrometereológico
-0.10962841957403924,0.9432895644861851,3046,GPD,tail,21.39793168391183,0.090625,Puntarenas_OTROS_Hidrometereológico
-0.10962841957403924,0.9432895644861851,3047,GPD,tail,21.39793168391183,0.090625,Puntarenas_OTROS_Hidrometereológico
-0.10962841957403924,0.9432895644861851,3048,GPD,tail,21.39793168391183,0.090625,Puntarenas_OTROS_Hidrometereológico
-0.10962841957403924,0.9432895644861851,3049,GPD,tail,21.39793168391183,0.090625,Puntarenas_OTROS_Hidrometereológico
-0.05364851607353867,0.8135139966452661,3050,GPD,tail,21.39793168391183,0.090625,Puntarenas_OTROS_Hidrometereológico
-0.05364851607353867,0.8135139966452661,3051,GPD,tail,21.39793168391183,0.090625,Puntarenas_OTROS_Hidrometereológico
0.088666472052066,0.7677902457625789,3052,GPD,tail,21.39793168391183,0.090625,Puntarenas_OTROS_Hidrometereológico
0.088666472052066,0.7677902457625789,3053,GPD,tail,21.39793168391183,0.090625,Puntarenas_OTROS_Hidrometereológico
0.088666472052066,0.7677902457625789,3054,GPD,tail,21.39793168391183,0.090625,Puntarenas_OTROS_Hidrometereológico
-0.022360014248133442,0.8741493279368353,3055,GPD,tail,21.39793168391183,0.090625,Puntarenas_OTROS_Hidrometereológico
-0.022360014248133442,0.8741493279368353,3056,GPD,tail,21.39793168391183,0.090625,Puntarenas_OTROS_Hidrometereológico
-0.022360014248133442,0.8741493279368353,3057,GPD,tail,21.39793168391183,0.090625,Puntarenas_OTROS_Hidrometereológico
-0.022360014248133442,0.8741493279368353,3058,GPD,tail,21.39793168391183,0.090625,Puntarenas_OTROS_Hidrometereológico
-0.022360014248133442,0.8741493279368353,3059,GPD,tail,21.39793168391183,0.090625,Puntarenas_OTROS_Hidrometereológico
-0.022360014248133442,0.8741493279368353,3060,GPD,tail,21.39793168391183,0.090625,Puntarenas_OTROS_Hidrometereológico
-0.022360014248133442,0.8741493279368353,3061,GPD,tail,21.39793168391183,0.090625,Puntarenas_OTROS_Hidrometereológico
-0.022360014248133442,0.8741493279368353,3062,GPD,tail,21.39793168391183,0.090625,Puntarenas_OTROS_Hidrometereológico
-0.022360014248133442,0.8741493279368353,3063,GPD,tail,21.39793168391183,0.090625,Puntarenas_OTROS_Hidrometereológico
-0.022360014248133442,0.8741493279368353,3064,GPD,tail,21.39793168391183,0.090625,Puntarenas_OTROS_Hidrometereológico
-0.022360014248133442,0.8741493279368353,3065,GPD,tail,21.39793168391183,0.090625,Puntarenas_OTROS_Hidrometereológico
-0.022360014248133442,0.8741493279368353,3066,GPD,tail,21.39793168391183,0.090625,Puntarenas_OTROS_Hidrometereológico
-0.022360014248133442,0.8741493279368353,3067,GPD,tail,21.39793168391183,0.090625,Puntarenas_OTROS_Hidrometereológico
-0.022360014248133442,0.8741493279368353,3068,GPD,tail,21.39793168391183,0.090625,Puntarenas_OTROS_Hidrometereológico
-0.1023800455987558,0.9486900030904343,3069,GPD,tail,21.39793168391183,0.090625,Puntarenas_OTROS_Hidrometereológico
-0.1023800455987558,0.9486900030904343,3070,GPD,tail,21.39793168391183,0.090625,Puntarenas_OTROS_Hidrometereológico
-0.1023800455987558,0.9486900030904343,3071,GPD,tail,21.39793168391183,0.090625,Puntarenas_OTROS_Hidrometereológico
-0.19182719136354248,1.0599350412688837,3072,GPD,tail,21.39793168391183,0.090625,Puntarenas_OTROS_Hidrometereológico
-0.19182719136354248,1.0599350412688837,3073,GPD,tail,21.39793168391183,0.090625,Puntarenas_OTROS_Hidrometereológico
-0.19182719136354248,1.0599350412688837,3074,GPD,tail,21.39793168391183,0.090625,Puntarenas_OTROS_Hidrometereológico
-0.19182719136354248,1.0599350412688837,3075,GPD,tail,21.39793168391183,0.090625,Puntarenas_OTROS_Hidrometereológico
-0.19182719136354248,1.0599350412688837,3076,GPD,tail,21.39793168391183,0.090625,Puntarenas_OTROS_Hidrometereológico
-0.19182719136354248,1.0599350412688837,3077,GPD,tail,21.39793168391183,0.090625,Puntarenas_OTROS_Hidrometereológico
-0.19182719136354248,1.0599350412688837,3078,GPD,tail,21.39793168391183,0.090625,Puntarenas_OTROS_Hidrometereológico
-0.13316459327903096,0.9872548112620348,3079,GPD,tail,21.39793168391183,0.090625,Puntarenas_OTROS_Hidrometereológico
-0.13316459327903096,0.9872548112620348,3080,GPD,tail,21.39793168391183,0.090625,Puntarenas_OTROS_Hidrometereológico
-0.13316459327903096,0.9872548112620348,3081,GPD,tail,21.39793168391183,0.090625,Puntarenas_OTROS_Hidrometereológico
-0.13316459327903096,0.9872548112620348,3082,GPD,tail,21.39793168391183,0.090625,Puntarenas_OTROS_Hidrometereológico
-0.13316459327903096,0.9872548112620348,3083,GPD,tail,21.39793168391183,0.090625,Puntarenas_OTROS_Hidrometereológico
-0.13316459327903096,0.9872548112620348,3084,GPD,tail,21.39793168391183,0.090625,Puntarenas_OTROS_Hidrometereológico
-0.13316459327903096,0.9872548112620348,3085,GPD,tail,21.39793168391183,0.090625,Puntarenas_OTROS_Hidrometereológico
-0.13316459327903096,0.9872548112620348,3086,GPD,tail,21.39793168391183,0.090625,Puntarenas_OTROS_Hidrometereológico
-0.13316459327903096,0.9872548112620348,3087,GPD,tail,21.39793168391183,0.090625,Puntarenas_OTROS_Hidrometereológico
-0.13316459327903096,0.9872548112620348,3088,GPD,tail,21.39793168391183,0.090625,Puntarenas_OTROS_Hidrometereológico
-0.13316459327903096,0.9872548112620348,3089,GPD,tail,21.39793168391183,0.090625,Puntarenas_OTROS_Hidrometereológico
-0.13316459327903096,0.9872548112620348,3090,GPD,tail,21.39793168391183,0.090625,Puntarenas_OTROS_Hidrometereológico
-0.13316459327903096,0.9872548112620348,3091,GPD,tail,21.39793168391183,0.090625,Puntarenas_OTROS_Hidrometereológico
-0.13316459327903096,0.9872548112620348,3092,GPD,tail,21.39793168391183,0.090625,Puntarenas_OTROS_Hidrometereológico
-0.13316459327903096,0.9872548112620348,3093,GPD,tail,21.39793168391183,0.090625,Puntarenas_OTROS_Hidrometereológico
-0.13316459327903096,0.9872548112620348,3094,GPD,tail,21.39793168391183,0.090625,Puntarenas_OTROS_Hidrometereológico
-0.13316459327903096,0.9872548112620348,3095,GPD,tail,21.39793168391183,0.090625,Puntarenas_OTROS_Hidrometereológico
-0.13316459327903096,0.9872548112620348,3096,GPD,tail,21.39793168391183,0.090625,Puntarenas_OTROS_Hidrometereológico
-0.13316459327903096,0.9872548112620348,3097,GPD,tail,21.39793168391183,0.090625,Puntarenas_OTROS_Hidrometereológico
-0.02962896100896774,0.7116371924342925,3098,GPD,tail,21.39793168391183,0.090625,Puntarenas_OTROS_Hidrometereológico
-0.02962896100896774,0.7116371924342925,3099,GPD,tail,21.39793168391183,0.090625,Puntarenas_OTROS_Hidrometereológico
-0.02962896100896774,0.7116371924342925,3100,GPD,tail,21.39793168391183,0.090625,Puntarenas_OTROS_Hidrometereológico
0.08753105043745428,0.7076862118087925,3101,GPD,tail,21.39793168391183,0.090625,Puntarenas_OTROS_Hidrometereológico
0.08753105043745428,0.7076862118087925,3102,GPD,tail,21.39793168391183,0.090625,Puntarenas_OTROS_Hidrometereológico
0.08753105043745428,0.7076862118087925,3103,GPD,tail,21.39793168391183,0.090625,Puntarenas_OTROS_Hidrometereológico
0.08753105043745428,0.7076862118087925,3104,GPD,tail,21.39793168391183,0.090625,Puntarenas_OTROS_Hidrometereológico
0.08753105043745428,0.7076862118087925,3105,GPD,tail,21.39793168391183,0.090625,Puntarenas_OTROS_Hidrometereológico
0.08753105043745428,0.7076862118087925,3106,GPD,tail,21.39793168391183,0.090625,Puntarenas_OTROS_Hidrometereológico
0.08753105043745428,0.7076862118087925,3107,GPD,tail,21.39793168391183,0.090625,Puntarenas_OTROS_Hidrometereológico
0.08753105043745428,0.7076862118087925,3108,GPD,tail,21.39793168391183,0.090625,Puntarenas_OTROS_Hidrometereológico
0.08753105043745428,0.7076862118087925,3109,GPD,tail,21.39793168391183,0.090625,Puntarenas_OTROS_Hidrometereológico
0.08753105043745428,0.7076862118087925,3110,GPD,tail,21.39793168391183,0.090625,Puntarenas_OTROS_Hidrometereológico
0.08753105043745428,0.7076862118087925,3111,GPD,tail,21.39793168391183,0.090625,Puntarenas_OTROS_Hidrometereológico
0.08753105043745428,0.7076862118087925,3112,GPD,tail,21.39793168391183,0.090625,Puntarenas_OTROS_Hidrometereológico
0.08753105043745428,0.7076862118087925,3113,GPD,tail,21.39793168391183,0.090625,Puntarenas_OTROS_Hidrometereológico
0.1028368438736639,0.7545530007686234,3114,GPD,tail,21.39793168391183,0.090625,Puntarenas_OTROS_Hidrometereológico
0.1028368438736639,0.7545530007686234,3115,GPD,tail,21.39793168391183,0.090625,Puntarenas_OTROS_Hidrometereológico
0.020420683897722752,0.6816067685771064,3116,GPD,tail,21.39793168391183,0.090625,Puntarenas_OTROS_Hidrometereológico
0.020420683897722752,0.6816067685771064,3117,GPD,tail,21.39793168391183,0.090625,Puntarenas_OTROS_Hidrometereológico
0.020420683897722752,0.6816067685771064,3118,GPD,tail,21.39793168391183,0.090625,Puntarenas_OTROS_Hidrometereológico
0.020420683897722752,0.6816067685771064,3119,GPD,tail,21.39793168391183,0.090625,Puntarenas_OTROS_Hidrometereológico
0.020420683897722752,0.6816067685771064,3120,GPD,tail,21.39793168391183,0.090625,Puntarenas_OTROS_Hidrometereológico
0.020420683897722752,0.6816067685771064,3121,GPD,tail,21.39793168391183,0.090625,Puntarenas_OTROS_Hidrometereológico
0.020420683897722752,0.6816067685771064,3122,GPD,tail,21.39793168391183,0.090625,Puntarenas_OTROS_Hidrometereológico
-0.006373774132642118,0.7039589406310073,3123,GPD,tail,21.39793168391183,0.090625,Puntarenas_OTROS_Hidrometereológico
-0.006373774132642118,0.7039589406310073,3124,GPD,tail,21.39793168391183,0.090625,Puntarenas_OTROS_Hidrometereológico
-0.006373774132642118,0.7039589406310073,3125,GPD,tail,21.39793168391183,0.090625,Puntarenas_OTROS_Hidrometereológico
-0.006373774132642118,0.7039589406310073,3126,GPD,tail,21.39793168391183,0.090625,Puntarenas_OTROS_Hidrometereológico
-0.006373774132642118,0.7039589406310073,3127,GPD,tail,21.39793168391183,0.090625,Puntarenas_OTROS_Hidrometereológico
-0.006373774132642118,0.7039589406310073,3128,GPD,tail,21.39793168391183,0.090625,Puntarenas_OTROS_Hidrometereológico
-0.006373774132642118,0.7039589406310073,3129,GPD,tail,21.39793168391183,0.090625,Puntarenas_OTROS_Hidrometereológico
-0.006373774132642118,0.7039589406310073,3130,GPD,tail,21.39793168391183,0.090625,Puntarenas_OTROS_Hidrometereológico
-0.006373774132642118,0.7039589406310073,3131,GPD,tail,21.39793168391183,0.090625,Puntarenas_OTROS_Hidrometereológico
-0.006373774132642118,0.7039589406310073,3132,GPD,tail,21.39793168391183,0.090625,Puntarenas_OTROS_Hidrometereológico
-0.006373774132642118,0.7039589406310073,3133,GPD,tail,21.39793168391183,0.090625,Puntarenas_OTROS_Hidrometereológico
-0.006373774132642118,0.7039589406310073,3134,GPD,tail,21.39793168391183,0.090625,Puntarenas_OTROS_Hidrometereológico
-0.006373774132642118,0.7039589406310073,3135,GPD,tail,21.39793168391183,0.090625,Puntarenas_OTROS_Hidrometereológico
-0.006373774132642118,0.7039589406310073,3136,GPD,tail,21.39793168391183,0.090625,Puntarenas_OTROS_Hidrometereológico
-0.006373774132642118,0.7039589406310073,3137,GPD,tail,21.39793168391183,0.090625,Puntarenas_OTROS_Hidrometereológico
-0.006373774132642118,0.7039589406310073,3138,GPD,tail,21.39793168391183,0.090625,Puntarenas_OTROS_Hidrometereológico
-0.006373774132642118,0.7039589406310073,3139,GPD,tail,21.39793168391183,0.090625,Puntarenas_OTROS_Hidrometereológico
-0.006373774132642118,0.7039589406310073,3140,GPD,tail,21.39793168391183,0.090625,Puntarenas_OTROS_Hidrometereológico
-0.006373774132642118,0.7039589406310073,3141,GPD,tail,21.39793168391183,0.090625,Puntarenas_OTROS_Hidrometereológico
-0.006373774132642118,0.7039589406310073,3142,GPD,tail,21.39793168391183,0.090625,Puntarenas_OTROS_Hidrometereológico
-0.006373774132642118,0.7039589406310073,3143,GPD,tail,21.39793168391183,0.090625,Puntarenas_OTROS_Hidrometereológico
-0.006373774132642118,0.7039589406310073,3144,GPD,tail,21.39793168391183,0.090625,Puntarenas_OTROS_Hidrometereológico
-0.006373774132642118,0.7039589406310073,3145,GPD,tail,21.39793168391183,0.090625,Puntarenas_OTROS_Hidrometereológico
-0.006373774132642118,0.7039589406310073,3146,GPD,tail,21.39793168391183,0.090625,Puntarenas_OTROS_Hidrometereológico
-0.006373774132642118,0.7039589406310073,3147,GPD,tail,21.39793168391183,0.090625,Puntarenas_OTROS_Hidrometereológico
-0.006373774132642118,0.7039589406310073,3148,GPD,tail,21.39793168391183,0.090625,Puntarenas_OTROS_Hidrometereológico
-0.006373774132642118,0.7039589406310073,3149,GPD,tail,21.39793168391183,0.090625,Puntarenas_OTROS_Hidrometereológico
-0.1070237153165646,0.7472062254634474,3150,GPD,tail,21.39793168391183,0.090625,Puntarenas_OTROS_Hidrometereológico
-0.12469660450915467,1.0535469016288146,3151,GPD,tail,21.39793168391183,0.090625,Puntarenas_OTROS_Hidrometereológico
-0.12469660450915467,1.0535469016288146,3152,GPD,tail,21.39793168391183,0.090625,Puntarenas_OTROS_Hidrometereológico
-0.12469660450915467,1.0535469016288146,3153,GPD,tail,21.39793168391183,0.090625,Puntarenas_OTROS_Hidrometereológico
-0.12469660450915467,1.0535469016288146,3154,GPD,tail,21.39793168391183,0.090625,Puntarenas_OTROS_Hidrometereológico
-0.12469660450915467,1.0535469016288146,3155,GPD,tail,21.39793168391183,0.090625,Puntarenas_OTROS_Hidrometereológico
-0.12469660450915467,1.0535469016288146,3156,GPD,tail,21.39793168391183,0.090625,Puntarenas_OTROS_Hidrometereológico
-0.107779935263212,0.7609821280152296,3157,GPD,tail,21.39793168391183,0.090625,Puntarenas_OTROS_Hidrometereológico
-0.16719561477195805,0.9130647204737944,3158,GPD,tail,21.39793168391183,0.090625,Puntarenas_OTROS_Hidrometereológico
-0.16719561477195805,0.9130647204737944,3159,GPD,tail,21.39793168391183,0.090625,Puntarenas_OTROS_Hidrometereológico
-0.16719561477195805,0.9130647204737944,3160,GPD,tail,21.39793168391183,0.090625,Puntarenas_OTROS_Hidrometereológico
-0.16719561477195805,0.9130647204737944,3161,GPD,tail,21.39793168391183,0.090625,Puntarenas_OTROS_Hidrometereológico
-0.16719561477195805,0.9130647204737944,3162,GPD,tail,21.39793168391183,0.090625,Puntarenas_OTROS_Hidrometereológico
-0.16719561477195805,0.9130647204737944,3163,GPD,tail,21.39793168391183,0.090625,Puntarenas_OTROS_Hidrometereológico
-0.16719561477195805,0.9130647204737944,3164,GPD,tail,21.39793168391183,0.090625,Puntarenas_OTROS_Hidrometereológico
-0.16719561477195805,0.9130647204737944,3165,GPD,tail,21.39793168391183,0.090625,Puntarenas_OTROS_Hidrometereológico
-0.16719561477195805,0.9130647204737944,3166,GPD,tail,21.39793168391183,0.090625,Puntarenas_OTROS_Hidrometereológico
-0.16719561477195805,0.9130647204737944,3167,GPD,tail,21.39793168391183,0.090625,Puntarenas_OTROS_Hidrometereológico
-0.16719561477195805,0.9130647204737944,3168,GPD,tail,21.39793168391183,0.090625,Puntarenas_OTROS_Hidrometereológico
-0.16719561477195805,0.9130647204737944,3169,GPD,tail,21.39793168391183,0.090625,Puntarenas_OTROS_Hidrometereológico
-0.16719561477195805,0.9130647204737944,3170,GPD,tail,21.39793168391183,0.090625,Puntarenas_OTROS_Hidrometereológico
-0.16719561477195805,0.9130647204737944,3171,GPD,tail,21.39793168391183,0.090625,Puntarenas_OTROS_Hidrometereológico
-0.16719561477195805,0.9130647204737944,3172,GPD,tail,21.39793168391183,0.090625,Puntarenas_OTROS_Hidrometereológico
-0.16719561477195805,0.9130647204737944,3173,GPD,tail,21.39793168391183,0.090625,Puntarenas_OTROS_Hidrometereológico
-0.16719561477195805,0.9130647204737944,3174,GPD,tail,21.39793168391183,0.090625,Puntarenas_OTROS_Hidrometereológico
-0.16719561477195805,0.9130647204737944,3175,GPD,tail,21.39793168391183,0.090625,Puntarenas_OTROS_Hidrometereológico
-0.16719561477195805,0.9130647204737944,3176,GPD,tail,21.39793168391183,0.090625,Puntarenas_OTROS_Hidrometereológico
-0.16719561477195805,0.9130647204737944,3177,GPD,tail,21.39793168391183,0.090625,Puntarenas_OTROS_Hidrometereológico
-0.16719561477195805,0.9130647204737944,3178,GPD,tail,21.39793168391183,0.090625,Puntarenas_OTROS_Hidrometereológico
-0.16719561477195805,0.9130647204737944,3179,GPD,tail,21.39793168391183,0.090625,Puntarenas_OTROS_Hidrometereológico
-0.16719561477195805,0.9130647204737944,3180,GPD,tail,21.39793168391183,0.090625,Puntarenas_OTROS_Hidrometereológico
-0.16719561477195805,0.9130647204737944,3181,GPD,tail,21.39793168391183,0.090625,Puntarenas_OTROS_Hidrometereológico
-0.16719561477195805,0.9130647204737944,3182,GPD,tail,21.39793168391183,0.090625,Puntarenas_OTROS_Hidrometereológico
-0.16719561477195805,0.9130647204737944,3183,GPD,tail,21.39793168391183,0.090625,Puntarenas_OTROS_Hidrometereológico
-0.16719561477195805,0.9130647204737944,3184,GPD,tail,21.39793168391183,0.090625,Puntarenas_OTROS_Hidrometereológico
-0.16719561477195805,0.9130647204737944,3185,GPD,tail,21.39793168391183,0.090625,Puntarenas_OTROS_Hidrometereológico
-0.16719561477195805,0.9130647204737944,3186,GPD,tail,21.39793168391183,0.090625,Puntarenas_OTROS_Hidrometereológico
-0.09792671815575872,0.9496356821831766,3187,GPD,tail,21.39793168391183,0.090625,Puntarenas_OTROS_Hidrometereológico
-0.09792671815575872,0.9496356821831766,3188,GPD,tail,21.39793168391183,0.090625,Puntarenas_OTROS_Hidrometereológico
-0.09792671815575872,0.9496356821831766,3189,GPD,tail,21.39793168391183,0.090625,Puntarenas_OTROS_Hidrometereológico
-0.09792671815575872,0.9496356821831766,3190,GPD,tail,21.39793168391183,0.090625,Puntarenas_OTROS_Hidrometereológico
-0.09792671815575872,0.9496356821831766,3191,GPD,tail,21.39793168391183,0.090625,Puntarenas_OTROS_Hidrometereológico
-0.09792671815575872,0.9496356821831766,3192,GPD,tail,21.39793168391183,0.090625,Puntarenas_OTROS_Hidrometereológico
-0.09792671815575872,0.9496356821831766,3193,GPD,tail,21.39793168391183,0.090625,Puntarenas_OTROS_Hidrometereológico
-0.09792671815575872,0.9496356821831766,3194,GPD,tail,21.39793168391183,0.090625,Puntarenas_OTROS_Hidrometereológico
-0.09792671815575872,0.9496356821831766,3195,GPD,tail,21.39793168391183,0.090625,Puntarenas_OTROS_Hidrometereológico
-0.09792671815575872,0.9496356821831766,3196,GPD,tail,21.39793168391183,0.090625,Puntarenas_OTROS_Hidrometereológico
-0.09792671815575872,0.9496356821831766,3197,GPD,tail,21.39793168391183,0.090625,Puntarenas_OTROS_Hidrometereológico
-0.13931597868202406,0.8684239498476792,3198,GPD,tail,21.39793168391183,0.090625,Puntarenas_OTROS_Hidrometereológico
-0.13931597868202406,0.8684239498476792,3199,GPD,tail,21.39793168391183,0.090625,Puntarenas_OTROS_Hidrometereológico
-0.13931597868202406,0.8684239498476792,3200,GPD,tail,21.39793168391183,0.090625,Puntarenas_OTROS_Hidrometereológico
-0.13931597868202406,0.8684239498476792,3201,GPD,tail,21.39793168391183,0.090625,Puntarenas_OTROS_Hidrometereológico
-0.13931597868202406,0.8684239498476792,3202,GPD,tail,21.39793168391183,0.090625,Puntarenas_OTROS_Hidrometereológico
-0.13931597868202406,0.8684239498476792,3203,GPD,tail,21.39793168391183,0.090625,Puntarenas_OTROS_Hidrometereológico
-0.13931597868202406,0.8684239498476792,3204,GPD,tail,21.39793168391183,0.090625,Puntarenas_OTROS_Hidrometereológico
-0.13931597868202406,0.8684239498476792,3205,GPD,tail,21.39793168391183,0.090625,Puntarenas_OTROS_Hidrometereológico
-0.13931597868202406,0.8684239498476792,3206,GPD,tail,21.39793168391183,0.090625,Puntarenas_OTROS_Hidrometereológico
-0.13931597868202406,0.8684239498476792,3207,GPD,tail,21.39793168391183,0.090625,Puntarenas_OTROS_Hidrometereológico
-0.13931597868202406,0.8684239498476792,3208,GPD,tail,21.39793168391183,0.090625,Puntarenas_OTROS_Hidrometereológico
-0.13931597868202406,0.8684239498476792,3209,GPD,tail,21.39793168391183,0.090625,Puntarenas_OTROS_Hidrometereológico
-0.13931597868202406,0.8684239498476792,3210,GPD,tail,21.39793168391183,0.090625,Puntarenas_OTROS_Hidrometereológico
-0.13931597868202406,0.8684239498476792,3211,GPD,tail,21.39793168391183,0.090625,Puntarenas_OTROS_Hidrometereológico
-0.13931597868202406,0.8684239498476792,3212,GPD,tail,21.39793168391183,0.090625,Puntarenas_OTROS_Hidrometereológico
-0.13931597868202406,0.8684239498476792,3213,GPD,tail,21.39793168391183,0.090625,Puntarenas_OTROS_Hidrometereológico
-0.13931597868202406,0.8684239498476792,3214,GPD,tail,21.39793168391183,0.090625,Puntarenas_OTROS_Hidrometereológico
-0.13931597868202406,0.8684239498476792,3215,GPD,tail,21.39793168391183,0.090625,Puntarenas_OTROS_Hidrometereológico
-0.13931597868202406,0.8684239498476792,3216,GPD,tail,21.39793168391183,0.090625,Puntarenas_OTROS_Hidrometereológico
-0.13931597868202406,0.8684239498476792,3217,GPD,tail,21.39793168391183,0.090625,Puntarenas_OTROS_Hidrometereológico
-0.13931597868202406,0.8684239498476792,3218,GPD,tail,21.39793168391183,0.090625,Puntarenas_OTROS_Hidrometereológico
-0.13931597868202406,0.8684239498476792,3219,GPD,tail,21.39793168391183,0.090625,Puntarenas_OTROS_Hidrometereológico
-0.13931597868202406,0.8684239498476792,3220,GPD,tail,21.39793168391183,0.090625,Puntarenas_OTROS_Hidrometereológico
-0.13931597868202406,0.8684239498476792,3221,GPD,tail,21.39793168391183,0.090625,Puntarenas_OTROS_Hidrometereológico
-0.13931597868202406,0.8684239498476792,3222,GPD,tail,21.39793168391183,0.090625,Puntarenas_OTROS_Hidrometereológico
-0.13931597868202406,0.8684239498476792,3223,GPD,tail,21.39793168391183,0.090625,Puntarenas_OTROS_Hidrometereológico
-0.13931597868202406,0.8684239498476792,3224,GPD,tail,21.39793168391183,0.090625,Puntarenas_OTROS_Hidrometereológico
-0.13931597868202406,0.8684239498476792,3225,GPD,tail,21.39793168391183,0.090625,Puntarenas_OTROS_Hidrometereológico
-0.13931597868202406,0.8684239498476792,3226,GPD,tail,21.39793168391183,0.090625,Puntarenas_OTROS_Hidrometereológico
-0.13931597868202406,0.8684239498476792,3227,GPD,tail,21.39793168391183,0.090625,Puntarenas_OTROS_Hidrometereológico
-0.13931597868202406,0.8684239498476792,3228,GPD,tail,21.39793168391183,0.090625,Puntarenas_OTROS_Hidrometereológico
-0.13931597868202406,0.8684239498476792,3229,GPD,tail,21.39793168391183,0.090625,Puntarenas_OTROS_Hidrometereológico
-0.13931597868202406,0.8684239498476792,3230,GPD,tail,21.39793168391183,0.090625,Puntarenas_OTROS_Hidrometereológico
-0.13931597868202406,0.8684239498476792,3231,GPD,tail,21.39793168391183,0.090625,Puntarenas_OTROS_Hidrometereológico
-0.13931597868202406,0.8684239498476792,3232,GPD,tail,21.39793168391183,0.090625,Puntarenas_OTROS_Hidrometereológico
-0.13931597868202406,0.8684239498476792,3233,GPD,tail,21.39793168391183,0.090625,Puntarenas_OTROS_Hidrometereológico
-0.13931597868202406,0.8684239498476792,3234,GPD,tail,21.39793168391183,0.090625,Puntarenas_OTROS_Hidrometereológico
-0.13931597868202406,0.8684239498476792,3235,GPD,tail,21.39793168391183,0.090625,Puntarenas_OTROS_Hidrometereológico
-0.13931597868202406,0.8684239498476792,3236,GPD,tail,21.39793168391183,0.090625,Puntarenas_OTROS_Hidrometereológico
-0.13931597868202406,0.8684239498476792,3237,GPD,tail,21.39793168391183,0.090625,Puntarenas_OTROS_Hidrometereológico
-0.13931597868202406,0.8684239498476792,3238,GPD,tail,21.39793168391183,0.090625,Puntarenas_OTROS_Hidrometereológico
-0.13931597868202406,0.8684239498476792,3239,GPD,tail,21.39793168391183,0.090625,Puntarenas_OTROS_Hidrometereológico
-0.13931597868202406,0.8684239498476792,3240,GPD,tail,21.39793168391183,0.090625,Puntarenas_OTROS_Hidrometereológico
-0.13931597868202406,0.8684239498476792,3241,GPD,tail,21.39793168391183,0.090625,Puntarenas_OTROS_Hidrometereológico
-0.13931597868202406,0.8684239498476792,3242,GPD,tail,21.39793168391183,0.090625,Puntarenas_OTROS_Hidrometereológico
-0.13931597868202406,0.8684239498476792,3243,GPD,tail,21.39793168391183,0.090625,Puntarenas_OTROS_Hidrometereológico
0.0216437701943058,0.8589636523619455,3244,GPD,tail,21.39793168391183,0.090625,Puntarenas_OTROS_Hidrometereológico
0.0216437701943058,0.8589636523619455,3245,GPD,tail,21.39793168391183,0.090625,Puntarenas_OTROS_Hidrometereológico
0.0216437701943058,0.8589636523619455,3246,GPD,tail,21.39793168391183,0.090625,Puntarenas_OTROS_Hidrometereológico
0.0216437701943058,0.8589636523619455,3247,GPD,tail,21.39793168391183,0.090625,Puntarenas_OTROS_Hidrometereológico
0.02594687717810954,0.8464474852519611,3248,GPD,tail,21.39793168391183,0.090625,Puntarenas_OTROS_Hidrometereológico
0.02594687717810954,0.8464474852519611,3249,GPD,tail,21.39793168391183,0.090625,Puntarenas_OTROS_Hidrometereológico
0.02594687717810954,0.8464474852519611,3250,GPD,tail,21.39793168391183,0.090625,Puntarenas_OTROS_Hidrometereológico
0.02594687717810954,0.8464474852519611,3251,GPD,tail,21.39793168391183,0.090625,Puntarenas_OTROS_Hidrometereológico
0.02594687717810954,0.8464474852519611,3252,GPD,tail,21.39793168391183,0.090625,Puntarenas_OTROS_Hidrometereológico
0.02594687717810954,0.8464474852519611,3253,GPD,tail,21.39793168391183,0.090625,Puntarenas_OTROS_Hidrometereológico
0.02594687717810954,0.8464474852519611,3254,GPD,tail,21.39793168391183,0.090625,Puntarenas_OTROS_Hidrometereológico
0.02594687717810954,0.8464474852519611,3255,GPD,tail,21.39793168391183,0.090625,Puntarenas_OTROS_Hidrometereológico
0.02594687717810954,0.8464474852519611,3256,GPD,tail,21.39793168391183,0.090625,Puntarenas_OTROS_Hidrometereológico
0.02594687717810954,0.8464474852519611,3257,GPD,tail,21.39793168391183,0.090625,Puntarenas_OTROS_Hidrometereológico
0.02594687717810954,0.8464474852519611,3258,GPD,tail,21.39793168391183,0.090625,Puntarenas_OTROS_Hidrometereológico
0.02594687717810954,0.8464474852519611,3259,GPD,tail,21.39793168391183,0.090625,Puntarenas_OTROS_Hidrometereológico
-0.13342192313568924,0.916588177280842,3260,GPD,tail,21.39793168391183,0.090625,Puntarenas_OTROS_Hidrometereológico
-0.13342192313568924,0.916588177280842,3261,GPD,tail,21.39793168391183,0.090625,Puntarenas_OTROS_Hidrometereológico
-0.13342192313568924,0.916588177280842,3262,GPD,tail,21.39793168391183,0.090625,Puntarenas_OTROS_Hidrometereológico
-0.13342192313568924,0.916588177280842,3263,GPD,tail,21.39793168391183,0.090625,Puntarenas_OTROS_Hidrometereológico
-0.13342192313568924,0.916588177280842,3264,GPD,tail,21.39793168391183,0.090625,Puntarenas_OTROS_Hidrometereológico
-0.13342192313568924,0.916588177280842,3265,GPD,tail,21.39793168391183,0.090625,Puntarenas_OTROS_Hidrometereológico
-0.12960811978540784,0.9858020713699893,3266,GPD,tail,21.39793168391183,0.090625,Puntarenas_OTROS_Hidrometereológico
-0.12960811978540784,0.9858020713699893,3267,GPD,tail,21.39793168391183,0.090625,Puntarenas_OTROS_Hidrometereológico
-0.12960811978540784,0.9858020713699893,3268,GPD,tail,21.39793168391183,0.090625,Puntarenas_OTROS_Hidrometereológico
-0.12960811978540784,0.9858020713699893,3269,GPD,tail,21.39793168391183,0.090625,Puntarenas_OTROS_Hidrometereológico
-0.12960811978540784,0.9858020713699893,3270,GPD,tail,21.39793168391183,0.090625,Puntarenas_OTROS_Hidrometereológico
-0.12960811978540784,0.9858020713699893,3271,GPD,tail,21.39793168391183,0.090625,Puntarenas_OTROS_Hidrometereológico
-0.12960811978540784,0.9858020713699893,3272,GPD,tail,21.39793168391183,0.090625,Puntarenas_OTROS_Hidrometereológico
-0.12960811978540784,0.9858020713699893,3273,GPD,tail,21.39793168391183,0.090625,Puntarenas_OTROS_Hidrometereológico
-0.12960811978540784,0.9858020713699893,3274,GPD,tail,21.39793168391183,0.090625,Puntarenas_OTROS_Hidrometereológico
-0.12960811978540784,0.9858020713699893,3275,GPD,tail,21.39793168391183,0.090625,Puntarenas_OTROS_Hidrometereológico
-0.12960811978540784,0.9858020713699893,3276,GPD,tail,21.39793168391183,0.090625,Puntarenas_OTROS_Hidrometereológico
-0.12960811978540784,0.9858020713699893,3277,GPD,tail,21.39793168391183,0.090625,Puntarenas_OTROS_Hidrometereológico
-0.12960811978540784,0.9858020713699893,3278,GPD,tail,21.39793168391183,0.090625,Puntarenas_OTROS_Hidrometereológico
-0.12960811978540784,0.9858020713699893,3279,GPD,tail,21.39793168391183,0.090625,Puntarenas_OTROS_Hidrometereológico
-0.12960811978540784,0.9858020713699893,3280,GPD,tail,21.39793168391183,0.090625,Puntarenas_OTROS_Hidrometereológico
-0.12960811978540784,0.9858020713699893,3281,GPD,tail,21.39793168391183,0.090625,Puntarenas_OTROS_Hidrometereológico
-0.12960811978540784,0.9858020713699893,3282,GPD,tail,21.39793168391183,0.090625,Puntarenas_OTROS_Hidrometereológico
-0.12960811978540784,0.9858020713699893,3283,GPD,tail,21.39793168391183,0.090625,Puntarenas_OTROS_Hidrometereológico
-0.12960811978540784,0.9858020713699893,3284,GPD,tail,21.39793168391183,0.090625,Puntarenas_OTROS_Hidrometereológico
-0.12960811978540784,0.9858020713699893,3285,GPD,tail,21.39793168391183,0.090625,Puntarenas_OTROS_Hidrometereológico
-0.12960811978540784,0.9858020713699893,3286,GPD,tail,21.39793168391183,0.090625,Puntarenas_OTROS_Hidrometereológico
-0.09845105211621158,0.936508767805727,3287,GPD,tail,21.39793168391183,0.090625,Puntarenas_OTROS_Hidrometereológico
-0.03191161356018021,0.8451438153967445,3288,GPD,tail,21.39793168391183,0.090625,Puntarenas_OTROS_Hidrometereológico
-0.03191161356018021,0.8451438153967445,3289,GPD,tail,21.39793168391183,0.090625,Puntarenas_OTROS_Hidrometereológico
-0.03191161356018021,0.8451438153967445,3290,GPD,tail,21.39793168391183,0.090625,Puntarenas_OTROS_Hidrometereológico
-0.03191161356018021,0.8451438153967445,3291,GPD,tail,21.39793168391183,0.090625,Puntarenas_OTROS_Hidrometereológico
-0.03191161356018021,0.8451438153967445,3292,GPD,tail,21.39793168391183,0.090625,Puntarenas_OTROS_Hidrometereológico
-0.03191161356018021,0.8451438153967445,3293,GPD,tail,21.39793168391183,0.090625,Puntarenas_OTROS_Hidrometereológico
-0.03191161356018021,0.8451438153967445,3294,GPD,tail,21.39793168391183,0.090625,Puntarenas_OTROS_Hidrometereológico
-0.03191161356018021,0.8451438153967445,3295,GPD,tail,21.39793168391183,0.090625,Puntarenas_OTROS_Hidrometereológico
-0.03191161356018021,0.8451438153967445,3296,GPD,tail,21.39793168391183,0.090625,Puntarenas_OTROS_Hidrometereológico
-0.03191161356018021,0.8451438153967445,3297,GPD,tail,21.39793168391183,0.090625,Puntarenas_OTROS_Hidrometereológico
-0.03191161356018021,0.8451438153967445,3298,GPD,tail,21.39793168391183,0.090625,Puntarenas_OTROS_Hidrometereológico
-0.03191161356018021,0.8451438153967445,3299,GPD,tail,21.39793168391183,0.090625,Puntarenas_OTROS_Hidrometereológico
-0.03191161356018021,0.8451438153967445,3300,GPD,tail,21.39793168391183,0.090625,Puntarenas_OTROS_Hidrometereológico
-0.03191161356018021,0.8451438153967445,3301,GPD,tail,21.39793168391183,0.090625,Puntarenas_OTROS_Hidrometereológico
-0.03191161356018021,0.8451438153967445,3302,GPD,tail,21.39793168391183,0.090625,Puntarenas_OTROS_Hidrometereológico
-0.03191161356018021,0.8451438153967445,3303,GPD,tail,21.39793168391183,0.090625,Puntarenas_OTROS_Hidrometereológico
-0.05385426449591174,0.7554550129117685,3304,GPD,tail,21.39793168391183,0.090625,Puntarenas_OTROS_Hidrometereológico
-0.008906602356093384,0.8028313892207869,3305,GPD,tail,21.39793168391183,0.090625,Puntarenas_OTROS_Hidrometereológico
-0.008906602356093384,0.8028313892207869,3306,GPD,tail,21.39793168391183,0.090625,Puntarenas_OTROS_Hidrometereológico
-0.008906602356093384,0.8028313892207869,3307,GPD,tail,21.39793168391183,0.090625,Puntarenas_OTROS_Hidrometereológico
-0.008906602356093384,0.8028313892207869,3308,GPD,tail,21.39793168391183,0.090625,Puntarenas_OTROS_Hidrometereológico
-0.008906602356093384,0.8028313892207869,3309,GPD,tail,21.39793168391183,0.090625,Puntarenas_OTROS_Hidrometereológico
-0.008906602356093384,0.8028313892207869,3310,GPD,tail,21.39793168391183,0.090625,Puntarenas_OTROS_Hidrometereológico
-0.10540162831218686,0.8337783093761477,3311,GPD,tail,21.39793168391183,0.090625,Puntarenas_OTROS_Hidrometereológico
-0.10540162831218686,0.8337783093761477,3312,GPD,tail,21.39793168391183,0.090625,Puntarenas_OTROS_Hidrometereológico
-0.10540162831218686,0.8337783093761477,3313,GPD,tail,21.39793168391183,0.090625,Puntarenas_OTROS_Hidrometereológico
-0.10540162831218686,0.8337783093761477,3314,GPD,tail,21.39793168391183,0.090625,Puntarenas_OTROS_Hidrometereológico
-0.10540162831218686,0.8337783093761477,3315,GPD,tail,21.39793168391183,0.090625,Puntarenas_OTROS_Hidrometereológico
-0.10540162831218686,0.8337783093761477,3316,GPD,tail,21.39793168391183,0.090625,Puntarenas_OTROS_Hidrometereológico
-0.10540162831218686,0.8337783093761477,3317,GPD,tail,21.39793168391183,0.090625,Puntarenas_OTROS_Hidrometereológico
-0.10540162831218686,0.8337783093761477,3318,GPD,tail,21.39793168391183,0.090625,Puntarenas_OTROS_Hidrometereológico
-0.10540162831218686,0.8337783093761477,3319,GPD,tail,21.39793168391183,0.090625,Puntarenas_OTROS_Hidrometereológico
-0.10540162831218686,0.8337783093761477,3320,GPD,tail,21.39793168391183,0.090625,Puntarenas_OTROS_Hidrometereológico
-0.10540162831218686,0.8337783093761477,3321,GPD,tail,21.39793168391183,0.090625,Puntarenas_OTROS_Hidrometereológico
-0.10540162831218686,0.8337783093761477,3322,GPD,tail,21.39793168391183,0.090625,Puntarenas_OTROS_Hidrometereológico
-0.10540162831218686,0.8337783093761477,3323,GPD,tail,21.39793168391183,0.090625,Puntarenas_OTROS_Hidrometereológico
-0.10540162831218686,0.8337783093761477,3324,GPD,tail,21.39793168391183,0.090625,Puntarenas_OTROS_Hidrometereológico
-0.10540162831218686,0.8337783093761477,3325,GPD,tail,21.39793168391183,0.090625,Puntarenas_OTROS_Hidrometereológico
-0.10540162831218686,0.8337783093761477,3326,GPD,tail,21.39793168391183,0.090625,Puntarenas_OTROS_Hidrometereológico
-0.13116957970827173,0.8912392809290646,3327,GPD,tail,21.39793168391183,0.090625,Puntarenas_OTROS_Hidrometereológico
-0.13116957970827173,0.8912392809290646,3328,GPD,tail,21.39793168391183,0.090625,Puntarenas_OTROS_Hidrometereológico
-0.13116957970827173,0.8912392809290646,3329,GPD,tail,21.39793168391183,0.090625,Puntarenas_OTROS_Hidrometereológico
-0.13116957970827173,0.8912392809290646,3330,GPD,tail,21.39793168391183,0.090625,Puntarenas_OTROS_Hidrometereológico
-0.13116957970827173,0.8912392809290646,3331,GPD,tail,21.39793168391183,0.090625,Puntarenas_OTROS_Hidrometereológico
-0.13116957970827173,0.8912392809290646,3332,GPD,tail,21.39793168391183,0.090625,Puntarenas_OTROS_Hidrometereológico
-0.13116957970827173,0.8912392809290646,3333,GPD,tail,21.39793168391183,0.090625,Puntarenas_OTROS_Hidrometereológico
-0.13116957970827173,0.8912392809290646,3334,GPD,tail,21.39793168391183,0.090625,Puntarenas_OTROS_Hidrometereológico
-0.13116957970827173,0.8912392809290646,3335,GPD,tail,21.39793168391183,0.090625,Puntarenas_OTROS_Hidrometereológico
-0.13116957970827173,0.8912392809290646,3336,GPD,tail,21.39793168391183,0.090625,Puntarenas_OTROS_Hidrometereológico
-0.13116957970827173,0.8912392809290646,3337,GPD,tail,21.39793168391183,0.090625,Puntarenas_OTROS_Hidrometereológico
-0.13116957970827173,0.8912392809290646,3338,GPD,tail,21.39793168391183,0.090625,Puntarenas_OTROS_Hidrometereológico
-0.13116957970827173,0.8912392809290646,3339,GPD,tail,21.39793168391183,0.090625,Puntarenas_OTROS_Hidrometereológico
-0.13116957970827173,0.8912392809290646,3340,GPD,tail,21.39793168391183,0.090625,Puntarenas_OTROS_Hidrometereológico
-0.13116957970827173,0.8912392809290646,3341,GPD,tail,21.39793168391183,0.090625,Puntarenas_OTROS_Hidrometereológico
-0.13116957970827173,0.8912392809290646,3342,GPD,tail,21.39793168391183,0.090625,Puntarenas_OTROS_Hidrometereológico
-0.13116957970827173,0.8912392809290646,3343,GPD,tail,21.39793168391183,0.090625,Puntarenas_OTROS_Hidrometereológico
-0.13116957970827173,0.8912392809290646,3344,GPD,tail,21.39793168391183,0.090625,Puntarenas_OTROS_Hidrometereológico
-0.13116957970827173,0.8912392809290646,3345,GPD,tail,21.39793168391183,0.090625,Puntarenas_OTROS_Hidrometereológico
-0.13116957970827173,0.8912392809290646,3346,GPD,tail,21.39793168391183,0.090625,Puntarenas_OTROS_Hidrometereológico
-0.13116957970827173,0.8912392809290646,3347,GPD,tail,21.39793168391183,0.090625,Puntarenas_OTROS_Hidrometereológico
-0.13116957970827173,0.8912392809290646,3348,GPD,tail,21.39793168391183,0.090625,Puntarenas_OTROS_Hidrometereológico
-0.13116957970827173,0.8912392809290646,3349,GPD,tail,21.39793168391183,0.090625,Puntarenas_OTROS_Hidrometereológico
-0.13116957970827173,0.8912392809290646,3350,GPD,tail,21.39793168391183,0.090625,Puntarenas_OTROS_Hidrometereológico
-0.13116957970827173,0.8912392809290646,3351,GPD,tail,21.39793168391183,0.090625,Puntarenas_OTROS_Hidrometereológico
-0.13116957970827173,0.8912392809290646,3352,GPD,tail,21.39793168391183,0.090625,Puntarenas_OTROS_Hidrometereológico
-0.04367342947153764,0.8550777154868336,3353,GPD,tail,21.39793168391183,0.090625,Puntarenas_OTROS_Hidrometereológico
-0.04367342947153764,0.8550777154868336,3354,GPD,tail,21.39793168391183,0.090625,Puntarenas_OTROS_Hidrometereológico
-0.04367342947153764,0.8550777154868336,3355,GPD,tail,21.39793168391183,0.090625,Puntarenas_OTROS_Hidrometereológico
-0.04367342947153764,0.8550777154868336,3356,GPD,tail,21.39793168391183,0.090625,Puntarenas_OTROS_Hidrometereológico
-0.04367342947153764,0.8550777154868336,3357,GPD,tail,21.39793168391183,0.090625,Puntarenas_OTROS_Hidrometereológico
-0.04367342947153764,0.8550777154868336,3358,GPD,tail,21.39793168391183,0.090625,Puntarenas_OTROS_Hidrometereológico
-0.04367342947153764,0.8550777154868336,3359,GPD,tail,21.39793168391183,0.090625,Puntarenas_OTROS_Hidrometereológico
-0.04367342947153764,0.8550777154868336,3360,GPD,tail,21.39793168391183,0.090625,Puntarenas_OTROS_Hidrometereológico
-0.04367342947153764,0.8550777154868336,3361,GPD,tail,21.39793168391183,0.090625,Puntarenas_OTROS_Hidrometereológico
-0.04367342947153764,0.8550777154868336,3362,GPD,tail,21.39793168391183,0.090625,Puntarenas_OTROS_Hidrometereológico
-0.04367342947153764,0.8550777154868336,3363,GPD,tail,21.39793168391183,0.090625,Puntarenas_OTROS_Hidrometereológico
-0.04367342947153764,0.8550777154868336,3364,GPD,tail,21.39793168391183,0.090625,Puntarenas_OTROS_Hidrometereológico
-0.04367342947153764,0.8550777154868336,3365,GPD,tail,21.39793168391183,0.090625,Puntarenas_OTROS_Hidrometereológico
-0.04367342947153764,0.8550777154868336,3366,GPD,tail,21.39793168391183,0.090625,Puntarenas_OTROS_Hidrometereológico
-0.04367342947153764,0.8550777154868336,3367,GPD,tail,21.39793168391183,0.090625,Puntarenas_OTROS_Hidrometereológico
-0.04367342947153764,0.8550777154868336,3368,GPD,tail,21.39793168391183,0.090625,Puntarenas_OTROS_Hidrometereológico
-0.04367342947153764,0.8550777154868336,3369,GPD,tail,21.39793168391183,0.090625,Puntarenas_OTROS_Hidrometereológico
-0.04367342947153764,0.8550777154868336,3370,GPD,tail,21.39793168391183,0.090625,Puntarenas_OTROS_Hidrometereológico
-0.04367342947153764,0.8550777154868336,3371,GPD,tail,21.39793168391183,0.090625,Puntarenas_OTROS_Hidrometereológico
-0.04367342947153764,0.8550777154868336,3372,GPD,tail,21.39793168391183,0.090625,Puntarenas_OTROS_Hidrometereológico
-0.04367342947153764,0.8550777154868336,3373,GPD,tail,21.39793168391183,0.090625,Puntarenas_OTROS_Hidrometereológico
-0.04367342947153764,0.8550777154868336,3374,GPD,tail,21.39793168391183,0.090625,Puntarenas_OTROS_Hidrometereológico
-0.04367342947153764,0.8550777154868336,3375,GPD,tail,21.39793168391183,0.090625,Puntarenas_OTROS_Hidrometereológico
-0.04367342947153764,0.8550777154868336,3376,GPD,tail,21.39793168391183,0.090625,Puntarenas_OTROS_Hidrometereológico
-0.04367342947153764,0.8550777154868336,3377,GPD,tail,21.39793168391183,0.090625,Puntarenas_OTROS_Hidrometereológico
-0.04367342947153764,0.8550777154868336,3378,GPD,tail,21.39793168391183,0.090625,Puntarenas_OTROS_Hidrometereológico
-0.04367342947153764,0.8550777154868336,3379,GPD,tail,21.39793168391183,0.090625,Puntarenas_OTROS_Hidrometereológico
-0.04367342947153764,0.8550777154868336,3380,GPD,tail,21.39793168391183,0.090625,Puntarenas_OTROS_Hidrometereológico
0.0001702383878548,0.7337625837826914,3381,GPD,tail,21.39793168391183,0.090625,Puntarenas_OTROS_Hidrometereológico
0.0001702383878548,0.7337625837826914,3382,GPD,tail,21.39793168391183,0.090625,Puntarenas_OTROS_Hidrometereológico
0.0001702383878548,0.7337625837826914,3383,GPD,tail,21.39793168391183,0.090625,Puntarenas_OTROS_Hidrometereológico
0.0001702383878548,0.7337625837826914,3384,GPD,tail,21.39793168391183,0.090625,Puntarenas_OTROS_Hidrometereológico
0.0001702383878548,0.7337625837826914,3385,GPD,tail,21.39793168391183,0.090625,Puntarenas_OTROS_Hidrometereológico
0.0001702383878548,0.7337625837826914,3386,GPD,tail,21.39793168391183,0.090625,Puntarenas_OTROS_Hidrometereológico
0.0001702383878548,0.7337625837826914,3387,GPD,tail,21.39793168391183,0.090625,Puntarenas_OTROS_Hidrometereológico
0.0001702383878548,0.7337625837826914,3388,GPD,tail,21.39793168391183,0.090625,Puntarenas_OTROS_Hidrometereológico
0.0001702383878548,0.7337625837826914,3389,GPD,tail,21.39793168391183,0.090625,Puntarenas_OTROS_Hidrometereológico
-0.02206587733559641,0.7676824694926624,3390,GPD,tail,21.39793168391183,0.090625,Puntarenas_OTROS_Hidrometereológico
-0.02206587733559641,0.7676824694926624,3391,GPD,tail,21.39793168391183,0.090625,Puntarenas_OTROS_Hidrometereológico
-0.02206587733559641,0.7676824694926624,3392,GPD,tail,21.39793168391183,0.090625,Puntarenas_OTROS_Hidrometereológico
-0.02206587733559641,0.7676824694926624,3393,GPD,tail,21.39793168391183,0.090625,Puntarenas_OTROS_Hidrometereológico
-0.02206587733559641,0.7676824694926624,3394,GPD,tail,21.39793168391183,0.090625,Puntarenas_OTROS_Hidrometereológico
-0.02206587733559641,0.7676824694926624,3395,GPD,tail,21.39793168391183,0.090625,Puntarenas_OTROS_Hidrometereológico
-0.02206587733559641,0.7676824694926624,3396,GPD,tail,21.39793168391183,0.090625,Puntarenas_OTROS_Hidrometereológico
-0.02206587733559641,0.7676824694926624,3397,GPD,tail,21.39793168391183,0.090625,Puntarenas_OTROS_Hidrometereológico
-0.02206587733559641,0.7676824694926624,3398,GPD,tail,21.39793168391183,0.090625,Puntarenas_OTROS_Hidrometereológico
-0.02206587733559641,0.7676824694926624,3399,GPD,tail,21.39793168391183,0.090625,Puntarenas_OTROS_Hidrometereológico
-0.02206587733559641,0.7676824694926624,3400,GPD,tail,21.39793168391183,0.090625,Puntarenas_OTROS_Hidrometereológico
-0.02206587733559641,0.7676824694926624,3401,GPD,tail,21.39793168391183,0.090625,Puntarenas_OTROS_Hidrometereológico
-0.02206587733559641,0.7676824694926624,3402,GPD,tail,21.39793168391183,0.090625,Puntarenas_OTROS_Hidrometereológico
-0.02206587733559641,0.7676824694926624,3403,GPD,tail,21.39793168391183,0.090625,Puntarenas_OTROS_Hidrometereológico
-0.02206587733559641,0.7676824694926624,3404,GPD,tail,21.39793168391183,0.090625,Puntarenas_OTROS_Hidrometereológico
-0.02206587733559641,0.7676824694926624,3405,GPD,tail,21.39793168391183,0.090625,Puntarenas_OTROS_Hidrometereológico
-0.02206587733559641,0.7676824694926624,3406,GPD,tail,21.39793168391183,0.090625,Puntarenas_OTROS_Hidrometereológico
-0.02206587733559641,0.7676824694926624,3407,GPD,tail,21.39793168391183,0.090625,Puntarenas_OTROS_Hidrometereológico
-0.02206587733559641,0.7676824694926624,3408,GPD,tail,21.39793168391183,0.090625,Puntarenas_OTROS_Hidrometereológico
-0.02206587733559641,0.7676824694926624,3409,GPD,tail,21.39793168391183,0.090625,Puntarenas_OTROS_Hidrometereológico
-0.02206587733559641,0.7676824694926624,3410,GPD,tail,21.39793168391183,0.090625,Puntarenas_OTROS_Hidrometereológico
-0.02206587733559641,0.7676824694926624,3411,GPD,tail,21.39793168391183,0.090625,Puntarenas_OTROS_Hidrometereológico
-0.02206587733559641,0.7676824694926624,3412,GPD,tail,21.39793168391183,0.090625,Puntarenas_OTROS_Hidrometereológico
-0.02206587733559641,0.7676824694926624,3413,GPD,tail,21.39793168391183,0.090625,Puntarenas_OTROS_Hidrometereológico
-0.02206587733559641,0.7676824694926624,3414,GPD,tail,21.39793168391183,0.090625,Puntarenas_OTROS_Hidrometereológico
-0.02206587733559641,0.7676824694926624,3415,GPD,tail,21.39793168391183,0.090625,Puntarenas_OTROS_Hidrometereológico
-0.013729066017523127,0.9061663781485287,3416,GPD,tail,21.39793168391183,0.090625,Puntarenas_OTROS_Hidrometereológico
-0.013729066017523127,0.9061663781485287,3417,GPD,tail,21.39793168391183,0.090625,Puntarenas_OTROS_Hidrometereológico
-0.013729066017523127,0.9061663781485287,3418,GPD,tail,21.39793168391183,0.090625,Puntarenas_OTROS_Hidrometereológico
-0.013729066017523127,0.9061663781485287,3419,GPD,tail,21.39793168391183,0.090625,Puntarenas_OTROS_Hidrometereológico
-0.013729066017523127,0.9061663781485287,3420,GPD,tail,21.39793168391183,0.090625,Puntarenas_OTROS_Hidrometereológico
-0.013729066017523127,0.9061663781485287,3421,GPD,tail,21.39793168391183,0.090625,Puntarenas_OTROS_Hidrometereológico
-0.013729066017523127,0.9061663781485287,3422,GPD,tail,21.39793168391183,0.090625,Puntarenas_OTROS_Hidrometereológico
-0.013729066017523127,0.9061663781485287,3423,GPD,tail,21.39793168391183,0.090625,Puntarenas_OTROS_Hidrometereológico
-0.013729066017523127,0.9061663781485287,3424,GPD,tail,21.39793168391183,0.090625,Puntarenas_OTROS_Hidrometereológico
-0.013729066017523127,0.9061663781485287,3425,GPD,tail,21.39793168391183,0.090625,Puntarenas_OTROS_Hidrometereológico
-0.013729066017523127,0.9061663781485287,3426,GPD,tail,21.39793168391183,0.090625,Puntarenas_OTROS_Hidrometereológico
-0.013729066017523127,0.9061663781485287,3427,GPD,tail,21.39793168391183,0.090625,Puntarenas_OTROS_Hidrometereológico
-0.08554424867594007,1.0671437600612583,3428,GPD,tail,21.39793168391183,0.090625,Puntarenas_OTROS_Hidrometereológico
-0.08554424867594007,1.0671437600612583,3429,GPD,tail,21.39793168391183,0.090625,Puntarenas_OTROS_Hidrometereológico
0.04429867757743097,0.9203526923855657,3430,GPD,tail,21.39793168391183,0.090625,Puntarenas_OTROS_Hidrometereológico
0.04429867757743097,0.9203526923855657,3431,GPD,tail,21.39793168391183,0.090625,Puntarenas_OTROS_Hidrometereológico
0.04429867757743097,0.9203526923855657,3432,GPD,tail,21.39793168391183,0.090625,Puntarenas_OTROS_Hidrometereológico
0.04429867757743097,0.9203526923855657,3433,GPD,tail,21.39793168391183,0.090625,Puntarenas_OTROS_Hidrometereológico
0.04429867757743097,0.9203526923855657,3434,GPD,tail,21.39793168391183,0.090625,Puntarenas_OTROS_Hidrometereológico
0.028458122528858616,0.6608992270795552,3435,GPD,tail,21.39793168391183,0.090625,Puntarenas_OTROS_Hidrometereológico
0.028458122528858616,0.6608992270795552,3436,GPD,tail,21.39793168391183,0.090625,Puntarenas_OTROS_Hidrometereológico
0.028458122528858616,0.6608992270795552,3437,GPD,tail,21.39793168391183,0.090625,Puntarenas_OTROS_Hidrometereológico
-0.02788907773411779,0.688370797874177,3438,GPD,tail,21.39793168391183,0.090625,Puntarenas_OTROS_Hidrometereológico
-0.02788907773411779,0.688370797874177,3439,GPD,tail,21.39793168391183,0.090625,Puntarenas_OTROS_Hidrometereológico
-0.02788907773411779,0.688370797874177,3440,GPD,tail,21.39793168391183,0.090625,Puntarenas_OTROS_Hidrometereológico
-0.02788907773411779,0.688370797874177,3441,GPD,tail,21.39793168391183,0.090625,Puntarenas_OTROS_Hidrometereológico
-0.07125496706267635,0.8093819209524078,3442,GPD,tail,21.39793168391183,0.090625,Puntarenas_OTROS_Hidrometereológico
-0.07125496706267635,0.8093819209524078,3443,GPD,tail,21.39793168391183,0.090625,Puntarenas_OTROS_Hidrometereológico
-0.07125496706267635,0.8093819209524078,3444,GPD,tail,21.39793168391183,0.090625,Puntarenas_OTROS_Hidrometereológico
-0.07125496706267635,0.8093819209524078,3445,GPD,tail,21.39793168391183,0.090625,Puntarenas_OTROS_Hidrometereológico
-0.07125496706267635,0.8093819209524078,3446,GPD,tail,21.39793168391183,0.090625,Puntarenas_OTROS_Hidrometereológico
-0.07125496706267635,0.8093819209524078,3447,GPD,tail,21.39793168391183,0.090625,Puntarenas_OTROS_Hidrometereológico
-0.07125496706267635,0.8093819209524078,3448,GPD,tail,21.39793168391183,0.090625,Puntarenas_OTROS_Hidrometereológico
-0.07125496706267635,0.8093819209524078,3449,GPD,tail,21.39793168391183,0.090625,Puntarenas_OTROS_Hidrometereológico
-0.07125496706267635,0.8093819209524078,3450,GPD,tail,21.39793168391183,0.090625,Puntarenas_OTROS_Hidrometereológico
-0.07125496706267635,0.8093819209524078,3451,GPD,tail,21.39793168391183,0.090625,Puntarenas_OTROS_Hidrometereológico
-0.07125496706267635,0.8093819209524078,3452,GPD,tail,21.39793168391183,0.090625,Puntarenas_OTROS_Hidrometereológico
-0.07125496706267635,0.8093819209524078,3453,GPD,tail,21.39793168391183,0.090625,Puntarenas_OTROS_Hidrometereológico
-0.07125496706267635,0.8093819209524078,3454,GPD,tail,21.39793168391183,0.090625,Puntarenas_OTROS_Hidrometereológico
-0.07125496706267635,0.8093819209524078,3455,GPD,tail,21.39793168391183,0.090625,Puntarenas_OTROS_Hidrometereológico
-0.07125496706267635,0.8093819209524078,3456,GPD,tail,21.39793168391183,0.090625,Puntarenas_OTROS_Hidrometereológico
-0.07125496706267635,0.8093819209524078,3457,GPD,tail,21.39793168391183,0.090625,Puntarenas_OTROS_Hidrometereológico
-0.07125496706267635,0.8093819209524078,3458,GPD,tail,21.39793168391183,0.090625,Puntarenas_OTROS_Hidrometereológico
-0.07125496706267635,0.8093819209524078,3459,GPD,tail,21.39793168391183,0.090625,Puntarenas_OTROS_Hidrometereológico
-0.07125496706267635,0.8093819209524078,3460,GPD,tail,21.39793168391183,0.090625,Puntarenas_OTROS_Hidrometereológico
-0.07125496706267635,0.8093819209524078,3461,GPD,tail,21.39793168391183,0.090625,Puntarenas_OTROS_Hidrometereológico
-0.07125496706267635,0.8093819209524078,3462,GPD,tail,21.39793168391183,0.090625,Puntarenas_OTROS_Hidrometereológico
-0.07125496706267635,0.8093819209524078,3463,GPD,tail,21.39793168391183,0.090625,Puntarenas_OTROS_Hidrometereológico
-0.04526411552497118,0.7247459485554254,3464,GPD,tail,21.39793168391183,0.090625,Puntarenas_OTROS_Hidrometereológico
-0.04526411552497118,0.7247459485554254,3465,GPD,tail,21.39793168391183,0.090625,Puntarenas_OTROS_Hidrometereológico
-0.04526411552497118,0.7247459485554254,3466,GPD,tail,21.39793168391183,0.090625,Puntarenas_OTROS_Hidrometereológico
-0.04526411552497118,0.7247459485554254,3467,GPD,tail,21.39793168391183,0.090625,Puntarenas_OTROS_Hidrometereológico
-0.04526411552497118,0.7247459485554254,3468,GPD,tail,21.39793168391183,0.090625,Puntarenas_OTROS_Hidrometereológico
-0.04526411552497118,0.7247459485554254,3469,GPD,tail,21.39793168391183,0.090625,Puntarenas_OTROS_Hidrometereológico
-0.04526411552497118,0.7247459485554254,3470,GPD,tail,21.39793168391183,0.090625,Puntarenas_OTROS_Hidrometereológico
-0.04526411552497118,0.7247459485554254,3471,GPD,tail,21.39793168391183,0.090625,Puntarenas_OTROS_Hidrometereológico
-0.04526411552497118,0.7247459485554254,3472,GPD,tail,21.39793168391183,0.090625,Puntarenas_OTROS_Hidrometereológico
-0.04526411552497118,0.7247459485554254,3473,GPD,tail,21.39793168391183,0.090625,Puntarenas_OTROS_Hidrometereológico
-0.04526411552497118,0.7247459485554254,3474,GPD,tail,21.39793168391183,0.090625,Puntarenas_OTROS_Hidrometereológico
-0.04526411552497118,0.7247459485554254,3475,GPD,tail,21.39793168391183,0.090625,Puntarenas_OTROS_Hidrometereológico
-0.060881261141392924,0.7603998210127878,3476,GPD,tail,21.39793168391183,0.090625,Puntarenas_OTROS_Hidrometereológico
-0.060881261141392924,0.7603998210127878,3477,GPD,tail,21.39793168391183,0.090625,Puntarenas_OTROS_Hidrometereológico
-0.060881261141392924,0.7603998210127878,3478,GPD,tail,21.39793168391183,0.090625,Puntarenas_OTROS_Hidrometereológico
-0.060881261141392924,0.7603998210127878,3479,GPD,tail,21.39793168391183,0.090625,Puntarenas_OTROS_Hidrometereológico
-0.060881261141392924,0.7603998210127878,3480,GPD,tail,21.39793168391183,0.090625,Puntarenas_OTROS_Hidrometereológico
-0.060881261141392924,0.7603998210127878,3481,GPD,tail,21.39793168391183,0.090625,Puntarenas_OTROS_Hidrometereológico
-0.11079885834698244,0.8404670027697092,3482,GPD,tail,21.39793168391183,0.090625,Puntarenas_OTROS_Hidrometereológico
-0.11079885834698244,0.8404670027697092,3483,GPD,tail,21.39793168391183,0.090625,Puntarenas_OTROS_Hidrometereológico
-0.11079885834698244,0.8404670027697092,3484,GPD,tail,21.39793168391183,0.090625,Puntarenas_OTROS_Hidrometereológico
-0.11079885834698244,0.8404670027697092,3485,GPD,tail,21.39793168391183,0.090625,Puntarenas_OTROS_Hidrometereológico
-0.11079885834698244,0.8404670027697092,3486,GPD,tail,21.39793168391183,0.090625,Puntarenas_OTROS_Hidrometereológico
-0.11079885834698244,0.8404670027697092,3487,GPD,tail,21.39793168391183,0.090625,Puntarenas_OTROS_Hidrometereológico
-0.11079885834698244,0.8404670027697092,3488,GPD,tail,21.39793168391183,0.090625,Puntarenas_OTROS_Hidrometereológico
-0.11079885834698244,0.8404670027697092,3489,GPD,tail,21.39793168391183,0.090625,Puntarenas_OTROS_Hidrometereológico
-0.11079885834698244,0.8404670027697092,3490,GPD,tail,21.39793168391183,0.090625,Puntarenas_OTROS_Hidrometereológico
-0.11079885834698244,0.8404670027697092,3491,GPD,tail,21.39793168391183,0.090625,Puntarenas_OTROS_Hidrometereológico
-0.11079885834698244,0.8404670027697092,3492,GPD,tail,21.39793168391183,0.090625,Puntarenas_OTROS_Hidrometereológico
-0.11079885834698244,0.8404670027697092,3493,GPD,tail,21.39793168391183,0.090625,Puntarenas_OTROS_Hidrometereológico
-0.11079885834698244,0.8404670027697092,3494,GPD,tail,21.39793168391183,0.090625,Puntarenas_OTROS_Hidrometereológico
-0.11079885834698244,0.8404670027697092,3495,GPD,tail,21.39793168391183,0.090625,Puntarenas_OTROS_Hidrometereológico
-0.11079885834698244,0.8404670027697092,3496,GPD,tail,21.39793168391183,0.090625,Puntarenas_OTROS_Hidrometereológico
-0.11079885834698244,0.8404670027697092,3497,GPD,tail,21.39793168391183,0.090625,Puntarenas_OTROS_Hidrometereológico
-0.11079885834698244,0.8404670027697092,3498,GPD,tail,21.39793168391183,0.090625,Puntarenas_OTROS_Hidrometereológico
-0.11079885834698244,0.8404670027697092,3499,GPD,tail,21.39793168391183,0.090625,Puntarenas_OTROS_Hidrometereológico
-0.11079885834698244,0.8404670027697092,3500,GPD,tail,21.39793168391183,0.090625,Puntarenas_OTROS_Hidrometereológico
-0.11079885834698244,0.8404670027697092,3501,GPD,tail,21.39793168391183,0.090625,Puntarenas_OTROS_Hidrometereológico
-0.11079885834698244,0.8404670027697092,3502,GPD,tail,21.39793168391183,0.090625,Puntarenas_OTROS_Hidrometereológico
-0.11079885834698244,0.8404670027697092,3503,GPD,tail,21.39793168391183,0.090625,Puntarenas_OTROS_Hidrometereológico
-0.04695435611703089,0.8508429240566843,3504,GPD,tail,21.39793168391183,0.090625,Puntarenas_OTROS_Hidrometereológico
-0.04695435611703089,0.8508429240566843,3505,GPD,tail,21.39793168391183,0.090625,Puntarenas_OTROS_Hidrometereológico
-0.04695435611703089,0.8508429240566843,3506,GPD,tail,21.39793168391183,0.090625,Puntarenas_OTROS_Hidrometereológico
-0.04695435611703089,0.8508429240566843,3507,GPD,tail,21.39793168391183,0.090625,Puntarenas_OTROS_Hidrometereológico
-0.04695435611703089,0.8508429240566843,3508,GPD,tail,21.39793168391183,0.090625,Puntarenas_OTROS_Hidrometereológico
-0.04695435611703089,0.8508429240566843,3509,GPD,tail,21.39793168391183,0.090625,Puntarenas_OTROS_Hidrometereológico
-0.04695435611703089,0.8508429240566843,3510,GPD,tail,21.39793168391183,0.090625,Puntarenas_OTROS_Hidrometereológico
-0.04695435611703089,0.8508429240566843,3511,GPD,tail,21.39793168391183,0.090625,Puntarenas_OTROS_Hidrometereológico
-0.04695435611703089,0.8508429240566843,3512,GPD,tail,21.39793168391183,0.090625,Puntarenas_OTROS_Hidrometereológico
-0.04695435611703089,0.8508429240566843,3513,GPD,tail,21.39793168391183,0.090625,Puntarenas_OTROS_Hidrometereológico
-0.04695435611703089,0.8508429240566843,3514,GPD,tail,21.39793168391183,0.090625,Puntarenas_OTROS_Hidrometereológico
-0.04695435611703089,0.8508429240566843,3515,GPD,tail,21.39793168391183,0.090625,Puntarenas_OTROS_Hidrometereológico
-0.04695435611703089,0.8508429240566843,3516,GPD,tail,21.39793168391183,0.090625,Puntarenas_OTROS_Hidrometereológico
-0.04695435611703089,0.8508429240566843,3517,GPD,tail,21.39793168391183,0.090625,Puntarenas_OTROS_Hidrometereológico
-0.04695435611703089,0.8508429240566843,3518,GPD,tail,21.39793168391183,0.090625,Puntarenas_OTROS_Hidrometereológico
-0.04695435611703089,0.8508429240566843,3519,GPD,tail,21.39793168391183,0.090625,Puntarenas_OTROS_Hidrometereológico
-0.04695435611703089,0.8508429240566843,3520,GPD,tail,21.39793168391183,0.090625,Puntarenas_OTROS_Hidrometereológico
-0.018749080281645514,0.8342954882331621,3521,GPD,tail,21.39793168391183,0.090625,Puntarenas_OTROS_Hidrometereológico
-0.018749080281645514,0.8342954882331621,3522,GPD,tail,21.39793168391183,0.090625,Puntarenas_OTROS_Hidrometereológico
-0.018749080281645514,0.8342954882331621,3523,GPD,tail,21.39793168391183,0.090625,Puntarenas_OTROS_Hidrometereológico
-0.018749080281645514,0.8342954882331621,3524,GPD,tail,21.39793168391183,0.090625,Puntarenas_OTROS_Hidrometereológico
-0.018749080281645514,0.8342954882331621,3525,GPD,tail,21.39793168391183,0.090625,Puntarenas_OTROS_Hidrometereológico
-0.018749080281645514,0.8342954882331621,3526,GPD,tail,21.39793168391183,0.090625,Puntarenas_OTROS_Hidrometereológico
-0.018749080281645514,0.8342954882331621,3527,GPD,tail,21.39793168391183,0.090625,Puntarenas_OTROS_Hidrometereológico
-0.018749080281645514,0.8342954882331621,3528,GPD,tail,21.39793168391183,0.090625,Puntarenas_OTROS_Hidrometereológico
-0.018749080281645514,0.8342954882331621,3529,GPD,tail,21.39793168391183,0.090625,Puntarenas_OTROS_Hidrometereológico
-0.018749080281645514,0.8342954882331621,3530,GPD,tail,21.39793168391183,0.090625,Puntarenas_OTROS_Hidrometereológico
-0.018749080281645514,0.8342954882331621,3531,GPD,tail,21.39793168391183,0.090625,Puntarenas_OTROS_Hidrometereológico
-0.018749080281645514,0.8342954882331621,3532,GPD,tail,21.39793168391183,0.090625,Puntarenas_OTROS_Hidrometereológico
-0.018749080281645514,0.8342954882331621,3533,GPD,tail,21.39793168391183,0.090625,Puntarenas_OTROS_Hidrometereológico
-0.018749080281645514,0.8342954882331621,3534,GPD,tail,21.39793168391183,0.090625,Puntarenas_OTROS_Hidrometereológico
-0.018749080281645514,0.8342954882331621,3535,GPD,tail,21.39793168391183,0.090625,Puntarenas_OTROS_Hidrometereológico
-0.018749080281645514,0.8342954882331621,3536,GPD,tail,21.39793168391183,0.090625,Puntarenas_OTROS_Hidrometereológico
-0.018749080281645514,0.8342954882331621,3537,GPD,tail,21.39793168391183,0.090625,Puntarenas_OTROS_Hidrometereológico
-0.018749080281645514,0.8342954882331621,3538,GPD,tail,21.39793168391183,0.090625,Puntarenas_OTROS_Hidrometereológico
-0.018749080281645514,0.8342954882331621,3539,GPD,tail,21.39793168391183,0.090625,Puntarenas_OTROS_Hidrometereológico
-0.018749080281645514,0.8342954882331621,3540,GPD,tail,21.39793168391183,0.090625,Puntarenas_OTROS_Hidrometereológico
-0.018749080281645514,0.8342954882331621,3541,GPD,tail,21.39793168391183,0.090625,Puntarenas_OTROS_Hidrometereológico
-0.018749080281645514,0.8342954882331621,3542,GPD,tail,21.39793168391183,0.090625,Puntarenas_OTROS_Hidrometereológico
-0.018749080281645514,0.8342954882331621,3543,GPD,tail,21.39793168391183,0.090625,Puntarenas_OTROS_Hidrometereológico
-0.018749080281645514,0.8342954882331621,3544,GPD,tail,21.39793168391183,0.090625,Puntarenas_OTROS_Hidrometereológico
-0.04458921841422647,0.8344419244710536,3545,GPD,tail,21.39793168391183,0.090625,Puntarenas_OTROS_Hidrometereológico
-0.04458921841422647,0.8344419244710536,3546,GPD,tail,21.39793168391183,0.090625,Puntarenas_OTROS_Hidrometereológico
-0.06391471403948824,0.8257418567494835,3547,GPD,tail,21.39793168391183,0.090625,Puntarenas_OTROS_Hidrometereológico
-0.06391471403948824,0.8257418567494835,3548,GPD,tail,21.39793168391183,0.090625,Puntarenas_OTROS_Hidrometereológico
-0.06391471403948824,0.8257418567494835,3549,GPD,tail,21.39793168391183,0.090625,Puntarenas_OTROS_Hidrometereológico
-0.06391471403948824,0.8257418567494835,3550,GPD,tail,21.39793168391183,0.090625,Puntarenas_OTROS_Hidrometereológico
-0.06391471403948824,0.8257418567494835,3551,GPD,tail,21.39793168391183,0.090625,Puntarenas_OTROS_Hidrometereológico
-0.06391471403948824,0.8257418567494835,3552,GPD,tail,21.39793168391183,0.090625,Puntarenas_OTROS_Hidrometereológico
-0.06391471403948824,0.8257418567494835,3553,GPD,tail,21.39793168391183,0.090625,Puntarenas_OTROS_Hidrometereológico
-0.06391471403948824,0.8257418567494835,3554,GPD,tail,21.39793168391183,0.090625,Puntarenas_OTROS_Hidrometereológico
-0.06391471403948824,0.8257418567494835,3555,GPD,tail,21.39793168391183,0.090625,Puntarenas_OTROS_Hidrometereológico
-0.06391471403948824,0.8257418567494835,3556,GPD,tail,21.39793168391183,0.090625,Puntarenas_OTROS_Hidrometereológico
-0.06391471403948824,0.8257418567494835,3557,GPD,tail,21.39793168391183,0.090625,Puntarenas_OTROS_Hidrometereológico
-0.06391471403948824,0.8257418567494835,3558,GPD,tail,21.39793168391183,0.090625,Puntarenas_OTROS_Hidrometereológico
-0.06391471403948824,0.8257418567494835,3559,GPD,tail,21.39793168391183,0.090625,Puntarenas_OTROS_Hidrometereológico
-0.015312122955916989,0.9185473998701947,3560,GPD,tail,21.39793168391183,0.090625,Puntarenas_OTROS_Hidrometereológico
-0.015312122955916989,0.9185473998701947,3561,GPD,tail,21.39793168391183,0.090625,Puntarenas_OTROS_Hidrometereológico
-0.015312122955916989,0.9185473998701947,3562,GPD,tail,21.39793168391183,0.090625,Puntarenas_OTROS_Hidrometereológico
-0.015312122955916989,0.9185473998701947,3563,GPD,tail,21.39793168391183,0.090625,Puntarenas_OTROS_Hidrometereológico
-0.015312122955916989,0.9185473998701947,3564,GPD,tail,21.39793168391183,0.090625,Puntarenas_OTROS_Hidrometereológico
-0.008352307477528272,0.7553809326748594,3565,GPD,tail,21.39793168391183,0.090625,Puntarenas_OTROS_Hidrometereológico
-0.008352307477528272,0.7553809326748594,3566,GPD,tail,21.39793168391183,0.090625,Puntarenas_OTROS_Hidrometereológico
-0.008352307477528272,0.7553809326748594,3567,GPD,tail,21.39793168391183,0.090625,Puntarenas_OTROS_Hidrometereológico
-0.008352307477528272,0.7553809326748594,3568,GPD,tail,21.39793168391183,0.090625,Puntarenas_OTROS_Hidrometereológico
-0.008352307477528272,0.7553809326748594,3569,GPD,tail,21.39793168391183,0.090625,Puntarenas_OTROS_Hidrometereológico
-0.008352307477528272,0.7553809326748594,3570,GPD,tail,21.39793168391183,0.090625,Puntarenas_OTROS_Hidrometereológico
-0.008352307477528272,0.7553809326748594,3571,GPD,tail,21.39793168391183,0.090625,Puntarenas_OTROS_Hidrometereológico
-0.008352307477528272,0.7553809326748594,3572,GPD,tail,21.39793168391183,0.090625,Puntarenas_OTROS_Hidrometereológico
-0.008352307477528272,0.7553809326748594,3573,GPD,tail,21.39793168391183,0.090625,Puntarenas_OTROS_Hidrometereológico
-0.008352307477528272,0.7553809326748594,3574,GPD,tail,21.39793168391183,0.090625,Puntarenas_OTROS_Hidrometereológico
-0.008352307477528272,0.7553809326748594,3575,GPD,tail,21.39793168391183,0.090625,Puntarenas_OTROS_Hidrometereológico
-0.008352307477528272,0.7553809326748594,3576,GPD,tail,21.39793168391183,0.090625,Puntarenas_OTROS_Hidrometereológico
-0.008352307477528272,0.7553809326748594,3577,GPD,tail,21.39793168391183,0.090625,Puntarenas_OTROS_Hidrometereológico
-0.008352307477528272,0.7553809326748594,3578,GPD,tail,21.39793168391183,0.090625,Puntarenas_OTROS_Hidrometereológico
-0.008352307477528272,0.7553809326748594,3579,GPD,tail,21.39793168391183,0.090625,Puntarenas_OTROS_Hidrometereológico
-0.008352307477528272,0.7553809326748594,3580,GPD,tail,21.39793168391183,0.090625,Puntarenas_OTROS_Hidrometereológico
-0.008352307477528272,0.7553809326748594,3581,GPD,tail,21.39793168391183,0.090625,Puntarenas_OTROS_Hidrometereológico
0.0021975976042219094,0.805717188469829,3582,GPD,tail,21.39793168391183,0.090625,Puntarenas_OTROS_Hidrometereológico
-0.01858428446046745,0.7734102422152053,3583,GPD,tail,21.39793168391183,0.090625,Puntarenas_OTROS_Hidrometereológico
-0.01858428446046745,0.7734102422152053,3584,GPD,tail,21.39793168391183,0.090625,Puntarenas_OTROS_Hidrometereológico
-0.01858428446046745,0.7734102422152053,3585,GPD,tail,21.39793168391183,0.090625,Puntarenas_OTROS_Hidrometereológico
-0.01858428446046745,0.7734102422152053,3586,GPD,tail,21.39793168391183,0.090625,Puntarenas_OTROS_Hidrometereológico
-0.01858428446046745,0.7734102422152053,3587,GPD,tail,21.39793168391183,0.090625,Puntarenas_OTROS_Hidrometereológico
-0.01858428446046745,0.7734102422152053,3588,GPD,tail,21.39793168391183,0.090625,Puntarenas_OTROS_Hidrometereológico
-0.01858428446046745,0.7734102422152053,3589,GPD,tail,21.39793168391183,0.090625,Puntarenas_OTROS_Hidrometereológico
-0.01858428446046745,0.7734102422152053,3590,GPD,tail,21.39793168391183,0.090625,Puntarenas_OTROS_Hidrometereológico
-0.01858428446046745,0.7734102422152053,3591,GPD,tail,21.39793168391183,0.090625,Puntarenas_OTROS_Hidrometereológico
-0.01858428446046745,0.7734102422152053,3592,GPD,tail,21.39793168391183,0.090625,Puntarenas_OTROS_Hidrometereológico
-0.01858428446046745,0.7734102422152053,3593,GPD,tail,21.39793168391183,0.090625,Puntarenas_OTROS_Hidrometereológico
-0.01858428446046745,0.7734102422152053,3594,GPD,tail,21.39793168391183,0.090625,Puntarenas_OTROS_Hidrometereológico
-0.01858428446046745,0.7734102422152053,3595,GPD,tail,21.39793168391183,0.090625,Puntarenas_OTROS_Hidrometereológico
-0.01858428446046745,0.7734102422152053,3596,GPD,tail,21.39793168391183,0.090625,Puntarenas_OTROS_Hidrometereológico
-0.01858428446046745,0.7734102422152053,3597,GPD,tail,21.39793168391183,0.090625,Puntarenas_OTROS_Hidrometereológico
-0.01858428446046745,0.7734102422152053,3598,GPD,tail,21.39793168391183,0.090625,Puntarenas_OTROS_Hidrometereológico
-0.01858428446046745,0.7734102422152053,3599,GPD,tail,21.39793168391183,0.090625,Puntarenas_OTROS_Hidrometereológico
-0.01858428446046745,0.7734102422152053,3600,GPD,tail,21.39793168391183,0.090625,Puntarenas_OTROS_Hidrometereológico
-0.01858428446046745,0.7734102422152053,3601,GPD,tail,21.39793168391183,0.090625,Puntarenas_OTROS_Hidrometereológico
-0.01858428446046745,0.7734102422152053,3602,GPD,tail,21.39793168391183,0.090625,Puntarenas_OTROS_Hidrometereológico
-0.01858428446046745,0.7734102422152053,3603,GPD,tail,21.39793168391183,0.090625,Puntarenas_OTROS_Hidrometereológico
-0.01858428446046745,0.7734102422152053,3604,GPD,tail,21.39793168391183,0.090625,Puntarenas_OTROS_Hidrometereológico
-0.01858428446046745,0.7734102422152053,3605,GPD,tail,21.39793168391183,0.090625,Puntarenas_OTROS_Hidrometereológico
-0.01858428446046745,0.7734102422152053,3606,GPD,tail,21.39793168391183,0.090625,Puntarenas_OTROS_Hidrometereológico
-0.01858428446046745,0.7734102422152053,3607,GPD,tail,21.39793168391183,0.090625,Puntarenas_OTROS_Hidrometereológico
-0.01858428446046745,0.7734102422152053,3608,GPD,tail,21.39793168391183,0.090625,Puntarenas_OTROS_Hidrometereológico
-0.01858428446046745,0.7734102422152053,3609,GPD,tail,21.39793168391183,0.090625,Puntarenas_OTROS_Hidrometereológico
-0.01858428446046745,0.7734102422152053,3610,GPD,tail,21.39793168391183,0.090625,Puntarenas_OTROS_Hidrometereológico
-0.01858428446046745,0.7734102422152053,3611,GPD,tail,21.39793168391183,0.090625,Puntarenas_OTROS_Hidrometereológico
-0.01858428446046745,0.7734102422152053,3612,GPD,tail,21.39793168391183,0.090625,Puntarenas_OTROS_Hidrometereológico
-0.01858428446046745,0.7734102422152053,3613,GPD,tail,21.39793168391183,0.090625,Puntarenas_OTROS_Hidrometereológico
-0.01858428446046745,0.7734102422152053,3614,GPD,tail,21.39793168391183,0.090625,Puntarenas_OTROS_Hidrometereológico
-0.01858428446046745,0.7734102422152053,3615,GPD,tail,21.39793168391183,0.090625,Puntarenas_OTROS_Hidrometereológico
-0.01858428446046745,0.7734102422152053,3616,GPD,tail,21.39793168391183,0.090625,Puntarenas_OTROS_Hidrometereológico
-0.01858428446046745,0.7734102422152053,3617,GPD,tail,21.39793168391183,0.090625,Puntarenas_OTROS_Hidrometereológico
-0.01858428446046745,0.7734102422152053,3618,GPD,tail,21.39793168391183,0.090625,Puntarenas_OTROS_Hidrometereológico
-0.01858428446046745,0.7734102422152053,3619,GPD,tail,21.39793168391183,0.090625,Puntarenas_OTROS_Hidrometereológico
-0.01858428446046745,0.7734102422152053,3620,GPD,tail,21.39793168391183,0.090625,Puntarenas_OTROS_Hidrometereológico
-0.01858428446046745,0.7734102422152053,3621,GPD,tail,21.39793168391183,0.090625,Puntarenas_OTROS_Hidrometereológico
-0.01858428446046745,0.7734102422152053,3622,GPD,tail,21.39793168391183,0.090625,Puntarenas_OTROS_Hidrometereológico
-0.01858428446046745,0.7734102422152053,3623,GPD,tail,21.39793168391183,0.090625,Puntarenas_OTROS_Hidrometereológico
-0.01858428446046745,0.7734102422152053,3624,GPD,tail,21.39793168391183,0.090625,Puntarenas_OTROS_Hidrometereológico
-0.01858428446046745,0.7734102422152053,3625,GPD,tail,21.39793168391183,0.090625,Puntarenas_OTROS_Hidrometereológico
-0.01858428446046745,0.7734102422152053,3626,GPD,tail,21.39793168391183,0.090625,Puntarenas_OTROS_Hidrometereológico
-0.01858428446046745,0.7734102422152053,3627,GPD,tail,21.39793168391183,0.090625,Puntarenas_OTROS_Hidrometereológico
-0.01858428446046745,0.7734102422152053,3628,GPD,tail,21.39793168391183,0.090625,Puntarenas_OTROS_Hidrometereológico
-0.01858428446046745,0.7734102422152053,3629,GPD,tail,21.39793168391183,0.090625,Puntarenas_OTROS_Hidrometereológico
-0.01858428446046745,0.7734102422152053,3630,GPD,tail,21.39793168391183,0.090625,Puntarenas_OTROS_Hidrometereológico
-0.01858428446046745,0.7734102422152053,3631,GPD,tail,21.39793168391183,0.090625,Puntarenas_OTROS_Hidrometereológico
-0.01858428446046745,0.7734102422152053,3632,GPD,tail,21.39793168391183,0.090625,Puntarenas_OTROS_Hidrometereológico
-0.01858428446046745,0.7734102422152053,3633,GPD,tail,21.39793168391183,0.090625,Puntarenas_OTROS_Hidrometereológico
-0.01858428446046745,0.7734102422152053,3634,GPD,tail,21.39793168391183,0.090625,Puntarenas_OTROS_Hidrometereológico
-0.01858428446046745,0.7734102422152053,3635,GPD,tail,21.39793168391183,0.090625,Puntarenas_OTROS_Hidrometereológico
-0.01858428446046745,0.7734102422152053,3636,GPD,tail,21.39793168391183,0.090625,Puntarenas_OTROS_Hidrometereológico
-0.01858428446046745,0.7734102422152053,3637,GPD,tail,21.39793168391183,0.090625,Puntarenas_OTROS_Hidrometereológico
-0.01858428446046745,0.7734102422152053,3638,GPD,tail,21.39793168391183,0.090625,Puntarenas_OTROS_Hidrometereológico
-0.01858428446046745,0.7734102422152053,3639,GPD,tail,21.39793168391183,0.090625,Puntarenas_OTROS_Hidrometereológico
-0.01858428446046745,0.7734102422152053,3640,GPD,tail,21.39793168391183,0.090625,Puntarenas_OTROS_Hidrometereológico
-0.01858428446046745,0.7734102422152053,3641,GPD,tail,21.39793168391183,0.090625,Puntarenas_OTROS_Hidrometereológico
-0.01858428446046745,0.7734102422152053,3642,GPD,tail,21.39793168391183,0.090625,Puntarenas_OTROS_Hidrometereológico
-0.01858428446046745,0.7734102422152053,3643,GPD,tail,21.39793168391183,0.090625,Puntarenas_OTROS_Hidrometereológico
-0.01858428446046745,0.7734102422152053,3644,GPD,tail,21.39793168391183,0.090625,Puntarenas_OTROS_Hidrometereológico
-0.01858428446046745,0.7734102422152053,3645,GPD,tail,21.39793168391183,0.090625,Puntarenas_OTROS_Hidrometereológico
-0.01858428446046745,0.7734102422152053,3646,GPD,tail,21.39793168391183,0.090625,Puntarenas_OTROS_Hidrometereológico
-0.01858428446046745,0.7734102422152053,3647,GPD,tail,21.39793168391183,0.090625,Puntarenas_OTROS_Hidrometereológico
-0.01858428446046745,0.7734102422152053,3648,GPD,tail,21.39793168391183,0.090625,Puntarenas_OTROS_Hidrometereológico
-0.01858428446046745,0.7734102422152053,3649,GPD,tail,21.39793168391183,0.090625,Puntarenas_OTROS_Hidrometereológico
-0.01858428446046745,0.7734102422152053,3650,GPD,tail,21.39793168391183,0.090625,Puntarenas_OTROS_Hidrometereológico
-0.01858428446046745,0.7734102422152053,3651,GPD,tail,21.39793168391183,0.090625,Puntarenas_OTROS_Hidrometereológico
-0.01858428446046745,0.7734102422152053,3652,GPD,tail,21.39793168391183,0.090625,Puntarenas_OTROS_Hidrometereológico
-0.01858428446046745,0.7734102422152053,3653,GPD,tail,21.39793168391183,0.090625,Puntarenas_OTROS_Hidrometereológico
-0.01858428446046745,0.7734102422152053,3654,GPD,tail,21.39793168391183,0.090625,Puntarenas_OTROS_Hidrometereológico
-0.01858428446046745,0.7734102422152053,3655,GPD,tail,21.39793168391183,0.090625,Puntarenas_OTROS_Hidrometereológico
-0.01858428446046745,0.7734102422152053,3656,GPD,tail,21.39793168391183,0.090625,Puntarenas_OTROS_Hidrometereológico
-0.01858428446046745,0.7734102422152053,3657,GPD,tail,21.39793168391183,0.090625,Puntarenas_OTROS_Hidrometereológico
-0.01858428446046745,0.7734102422152053,3658,GPD,tail,21.39793168391183,0.090625,Puntarenas_OTROS_Hidrometereológico
-0.01858428446046745,0.7734102422152053,3659,GPD,tail,21.39793168391183,0.090625,Puntarenas_OTROS_Hidrometereológico
-0.01858428446046745,0.7734102422152053,3660,GPD,tail,21.39793168391183,0.090625,Puntarenas_OTROS_Hidrometereológico
-0.01858428446046745,0.7734102422152053,3661,GPD,tail,21.39793168391183,0.090625,Puntarenas_OTROS_Hidrometereológico
-0.08380769958399757,0.8475810687572056,3662,GPD,tail,21.39793168391183,0.090625,Puntarenas_OTROS_Hidrometereológico
-0.08380769958399757,0.8475810687572056,3663,GPD,tail,21.39793168391183,0.090625,Puntarenas_OTROS_Hidrometereológico
-0.08380769958399757,0.8475810687572056,3664,GPD,tail,21.39793168391183,0.090625,Puntarenas_OTROS_Hidrometereológico
-0.06104874566271674,0.7871310506451485,3665,GPD,tail,21.39793168391183,0.090625,Puntarenas_OTROS_Hidrometereológico
-0.06104874566271674,0.7871310506451485,3666,GPD,tail,21.39793168391183,0.090625,Puntarenas_OTROS_Hidrometereológico
-0.06104874566271674,0.7871310506451485,3667,GPD,tail,21.39793168391183,0.090625,Puntarenas_OTROS_Hidrometereológico
-0.06104874566271674,0.7871310506451485,3668,GPD,tail,21.39793168391183,0.090625,Puntarenas_OTROS_Hidrometereológico
-0.06104874566271674,0.7871310506451485,3669,GPD,tail,21.39793168391183,0.090625,Puntarenas_OTROS_Hidrometereológico
-0.06104874566271674,0.7871310506451485,3670,GPD,tail,21.39793168391183,0.090625,Puntarenas_OTROS_Hidrometereológico
-0.06104874566271674,0.7871310506451485,3671,GPD,tail,21.39793168391183,0.090625,Puntarenas_OTROS_Hidrometereológico
-0.06104874566271674,0.7871310506451485,3672,GPD,tail,21.39793168391183,0.090625,Puntarenas_OTROS_Hidrometereológico
-0.06104874566271674,0.7871310506451485,3673,GPD,tail,21.39793168391183,0.090625,Puntarenas_OTROS_Hidrometereológico
-0.06104874566271674,0.7871310506451485,3674,GPD,tail,21.39793168391183,0.090625,Puntarenas_OTROS_Hidrometereológico
-0.06104874566271674,0.7871310506451485,3675,GPD,tail,21.39793168391183,0.090625,Puntarenas_OTROS_Hidrometereológico
-0.06104874566271674,0.7871310506451485,3676,GPD,tail,21.39793168391183,0.090625,Puntarenas_OTROS_Hidrometereológico
-0.06104874566271674,0.7871310506451485,3677,GPD,tail,21.39793168391183,0.090625,Puntarenas_OTROS_Hidrometereológico
-0.06104874566271674,0.7871310506451485,3678,GPD,tail,21.39793168391183,0.090625,Puntarenas_OTROS_Hidrometereológico
-0.06104874566271674,0.7871310506451485,3679,GPD,tail,21.39793168391183,0.090625,Puntarenas_OTROS_Hidrometereológico
-0.06104874566271674,0.7871310506451485,3680,GPD,tail,21.39793168391183,0.090625,Puntarenas_OTROS_Hidrometereológico
-0.06104874566271674,0.7871310506451485,3681,GPD,tail,21.39793168391183,0.090625,Puntarenas_OTROS_Hidrometereológico
-0.06104874566271674,0.7871310506451485,3682,GPD,tail,21.39793168391183,0.090625,Puntarenas_OTROS_Hidrometereológico
-0.06104874566271674,0.7871310506451485,3683,GPD,tail,21.39793168391183,0.090625,Puntarenas_OTROS_Hidrometereológico
-0.06104874566271674,0.7871310506451485,3684,GPD,tail,21.39793168391183,0.090625,Puntarenas_OTROS_Hidrometereológico
-0.06104874566271674,0.7871310506451485,3685,GPD,tail,21.39793168391183,0.090625,Puntarenas_OTROS_Hidrometereológico
-0.06104874566271674,0.7871310506451485,3686,GPD,tail,21.39793168391183,0.090625,Puntarenas_OTROS_Hidrometereológico
-0.06104874566271674,0.7871310506451485,3687,GPD,tail,21.39793168391183,0.090625,Puntarenas_OTROS_Hidrometereológico
-0.06104874566271674,0.7871310506451485,3688,GPD,tail,21.39793168391183,0.090625,Puntarenas_OTROS_Hidrometereológico
-0.06104874566271674,0.7871310506451485,3689,GPD,tail,21.39793168391183,0.090625,Puntarenas_OTROS_Hidrometereológico
-0.06104874566271674,0.7871310506451485,3690,GPD,tail,21.39793168391183,0.090625,Puntarenas_OTROS_Hidrometereológico
-0.06104874566271674,0.7871310506451485,3691,GPD,tail,21.39793168391183,0.090625,Puntarenas_OTROS_Hidrometereológico
-0.06104874566271674,0.7871310506451485,3692,GPD,tail,21.39793168391183,0.090625,Puntarenas_OTROS_Hidrometereológico
-0.06104874566271674,0.7871310506451485,3693,GPD,tail,21.39793168391183,0.090625,Puntarenas_OTROS_Hidrometereológico
-0.06104874566271674,0.7871310506451485,3694,GPD,tail,21.39793168391183,0.090625,Puntarenas_OTROS_Hidrometereológico
-0.14466326949257788,1.0642897735195551,3695,GPD,tail,21.39793168391183,0.090625,Puntarenas_OTROS_Hidrometereológico
-0.1393290977528874,1.0779033707627508,3696,GPD,tail,21.39793168391183,0.090625,Puntarenas_OTROS_Hidrometereológico
-0.1393290977528874,1.0779033707627508,3697,GPD,tail,21.39793168391183,0.090625,Puntarenas_OTROS_Hidrometereológico
-0.1393290977528874,1.0779033707627508,3698,GPD,tail,21.39793168391183,0.090625,Puntarenas_OTROS_Hidrometereológico
-0.1393290977528874,1.0779033707627508,3699,GPD,tail,21.39793168391183,0.090625,Puntarenas_OTROS_Hidrometereológico
-0.1393290977528874,1.0779033707627508,3700,GPD,tail,21.39793168391183,0.090625,Puntarenas_OTROS_Hidrometereológico
-0.1393290977528874,1.0779033707627508,3701,GPD,tail,21.39793168391183,0.090625,Puntarenas_OTROS_Hidrometereológico
-0.1393290977528874,1.0779033707627508,3702,GPD,tail,21.39793168391183,0.090625,Puntarenas_OTROS_Hidrometereológico
0.01790518733502547,0.7305657315475509,3703,GPD,tail,21.39793168391183,0.090625,Puntarenas_OTROS_Hidrometereológico
0.01790518733502547,0.7305657315475509,3704,GPD,tail,21.39793168391183,0.090625,Puntarenas_OTROS_Hidrometereológico
0.01790518733502547,0.7305657315475509,3705,GPD,tail,21.39793168391183,0.090625,Puntarenas_OTROS_Hidrometereológico
-0.12376107093000643,0.8819811850468449,3706,GPD,tail,21.39793168391183,0.090625,Puntarenas_OTROS_Hidrometereológico
-0.12376107093000643,0.8819811850468449,3707,GPD,tail,21.39793168391183,0.090625,Puntarenas_OTROS_Hidrometereológico
-0.12376107093000643,0.8819811850468449,3708,GPD,tail,21.39793168391183,0.090625,Puntarenas_OTROS_Hidrometereológico
-0.12376107093000643,0.8819811850468449,3709,GPD,tail,21.39793168391183,0.090625,Puntarenas_OTROS_Hidrometereológico
-0.12376107093000643,0.8819811850468449,3710,GPD,tail,21.39793168391183,0.090625,Puntarenas_OTROS_Hidrometereológico
-0.12376107093000643,0.8819811850468449,3711,GPD,tail,21.39793168391183,0.090625,Puntarenas_OTROS_Hidrometereológico
-0.12376107093000643,0.8819811850468449,3712,GPD,tail,21.39793168391183,0.090625,Puntarenas_OTROS_Hidrometereológico
-0.12376107093000643,0.8819811850468449,3713,GPD,tail,21.39793168391183,0.090625,Puntarenas_OTROS_Hidrometereológico
-0.12376107093000643,0.8819811850468449,3714,GPD,tail,21.39793168391183,0.090625,Puntarenas_OTROS_Hidrometereológico
-0.12376107093000643,0.8819811850468449,3715,GPD,tail,21.39793168391183,0.090625,Puntarenas_OTROS_Hidrometereológico
-0.12376107093000643,0.8819811850468449,3716,GPD,tail,21.39793168391183,0.090625,Puntarenas_OTROS_Hidrometereológico
-0.12376107093000643,0.8819811850468449,3717,GPD,tail,21.39793168391183,0.090625,Puntarenas_OTROS_Hidrometereológico
-0.12376107093000643,0.8819811850468449,3718,GPD,tail,21.39793168391183,0.090625,Puntarenas_OTROS_Hidrometereológico
-0.12376107093000643,0.8819811850468449,3719,GPD,tail,21.39793168391183,0.090625,Puntarenas_OTROS_Hidrometereológico
-0.12376107093000643,0.8819811850468449,3720,GPD,tail,21.39793168391183,0.090625,Puntarenas_OTROS_Hidrometereológico
-0.12376107093000643,0.8819811850468449,3721,GPD,tail,21.39793168391183,0.090625,Puntarenas_OTROS_Hidrometereológico
-0.12376107093000643,0.8819811850468449,3722,GPD,tail,21.39793168391183,0.090625,Puntarenas_OTROS_Hidrometereológico
-0.12376107093000643,0.8819811850468449,3723,GPD,tail,21.39793168391183,0.090625,Puntarenas_OTROS_Hidrometereológico
-0.12376107093000643,0.8819811850468449,3724,GPD,tail,21.39793168391183,0.090625,Puntarenas_OTROS_Hidrometereológico
-0.12376107093000643,0.8819811850468449,3725,GPD,tail,21.39793168391183,0.090625,Puntarenas_OTROS_Hidrometereológico
-0.12376107093000643,0.8819811850468449,3726,GPD,tail,21.39793168391183,0.090625,Puntarenas_OTROS_Hidrometereológico
-0.12376107093000643,0.8819811850468449,3727,GPD,tail,21.39793168391183,0.090625,Puntarenas_OTROS_Hidrometereológico
-0.12376107093000643,0.8819811850468449,3728,GPD,tail,21.39793168391183,0.090625,Puntarenas_OTROS_Hidrometereológico
-0.12376107093000643,0.8819811850468449,3729,GPD,tail,21.39793168391183,0.090625,Puntarenas_OTROS_Hidrometereológico
-0.12376107093000643,0.8819811850468449,3730,GPD,tail,21.39793168391183,0.090625,Puntarenas_OTROS_Hidrometereológico
-0.12376107093000643,0.8819811850468449,3731,GPD,tail,21.39793168391183,0.090625,Puntarenas_OTROS_Hidrometereológico
-0.12376107093000643,0.8819811850468449,3732,GPD,tail,21.39793168391183,0.090625,Puntarenas_OTROS_Hidrometereológico
-0.12376107093000643,0.8819811850468449,3733,GPD,tail,21.39793168391183,0.090625,Puntarenas_OTROS_Hidrometereológico
-0.12376107093000643,0.8819811850468449,3734,GPD,tail,21.39793168391183,0.090625,Puntarenas_OTROS_Hidrometereológico
-0.12376107093000643,0.8819811850468449,3735,GPD,tail,21.39793168391183,0.090625,Puntarenas_OTROS_Hidrometereológico
-0.12376107093000643,0.8819811850468449,3736,GPD,tail,21.39793168391183,0.090625,Puntarenas_OTROS_Hidrometereológico
-0.12376107093000643,0.8819811850468449,3737,GPD,tail,21.39793168391183,0.090625,Puntarenas_OTROS_Hidrometereológico
-0.12376107093000643,0.8819811850468449,3738,GPD,tail,21.39793168391183,0.090625,Puntarenas_OTROS_Hidrometereológico
-0.023903435838034268,0.8160478232444467,3739,GPD,tail,21.39793168391183,0.090625,Puntarenas_OTROS_Hidrometereológico
-0.023903435838034268,0.8160478232444467,3740,GPD,tail,21.39793168391183,0.090625,Puntarenas_OTROS_Hidrometereológico
-0.023903435838034268,0.8160478232444467,3741,GPD,tail,21.39793168391183,0.090625,Puntarenas_OTROS_Hidrometereológico
-0.023903435838034268,0.8160478232444467,3742,GPD,tail,21.39793168391183,0.090625,Puntarenas_OTROS_Hidrometereológico
-0.023903435838034268,0.8160478232444467,3743,GPD,tail,21.39793168391183,0.090625,Puntarenas_OTROS_Hidrometereológico
-0.023903435838034268,0.8160478232444467,3744,GPD,tail,21.39793168391183,0.090625,Puntarenas_OTROS_Hidrometereológico
-0.023903435838034268,0.8160478232444467,3745,GPD,tail,21.39793168391183,0.090625,Puntarenas_OTROS_Hidrometereológico
-0.023903435838034268,0.8160478232444467,3746,GPD,tail,21.39793168391183,0.090625,Puntarenas_OTROS_Hidrometereológico
-0.023903435838034268,0.8160478232444467,3747,GPD,tail,21.39793168391183,0.090625,Puntarenas_OTROS_Hidrometereológico
-0.023903435838034268,0.8160478232444467,3748,GPD,tail,21.39793168391183,0.090625,Puntarenas_OTROS_Hidrometereológico
-0.023903435838034268,0.8160478232444467,3749,GPD,tail,21.39793168391183,0.090625,Puntarenas_OTROS_Hidrometereológico
-0.023903435838034268,0.8160478232444467,3750,GPD,tail,21.39793168391183,0.090625,Puntarenas_OTROS_Hidrometereológico
-0.023903435838034268,0.8160478232444467,3751,GPD,tail,21.39793168391183,0.090625,Puntarenas_OTROS_Hidrometereológico
-0.023903435838034268,0.8160478232444467,3752,GPD,tail,21.39793168391183,0.090625,Puntarenas_OTROS_Hidrometereológico
-0.023903435838034268,0.8160478232444467,3753,GPD,tail,21.39793168391183,0.090625,Puntarenas_OTROS_Hidrometereológico
-0.023903435838034268,0.8160478232444467,3754,GPD,tail,21.39793168391183,0.090625,Puntarenas_OTROS_Hidrometereológico
-0.023903435838034268,0.8160478232444467,3755,GPD,tail,21.39793168391183,0.090625,Puntarenas_OTROS_Hidrometereológico
-0.023903435838034268,0.8160478232444467,3756,GPD,tail,21.39793168391183,0.090625,Puntarenas_OTROS_Hidrometereológico
-0.023903435838034268,0.8160478232444467,3757,GPD,tail,21.39793168391183,0.090625,Puntarenas_OTROS_Hidrometereológico
-0.023903435838034268,0.8160478232444467,3758,GPD,tail,21.39793168391183,0.090625,Puntarenas_OTROS_Hidrometereológico
-0.023903435838034268,0.8160478232444467,3759,GPD,tail,21.39793168391183,0.090625,Puntarenas_OTROS_Hidrometereológico
-0.023903435838034268,0.8160478232444467,3760,GPD,tail,21.39793168391183,0.090625,Puntarenas_OTROS_Hidrometereológico
-0.023903435838034268,0.8160478232444467,3761,GPD,tail,21.39793168391183,0.090625,Puntarenas_OTROS_Hidrometereológico
-0.023903435838034268,0.8160478232444467,3762,GPD,tail,21.39793168391183,0.090625,Puntarenas_OTROS_Hidrometereológico
-0.023903435838034268,0.8160478232444467,3763,GPD,tail,21.39793168391183,0.090625,Puntarenas_OTROS_Hidrometereológico
-0.050827206131572225,0.7584303400272536,3764,GPD,tail,21.39793168391183,0.090625,Puntarenas_OTROS_Hidrometereológico
-0.050827206131572225,0.7584303400272536,3765,GPD,tail,21.39793168391183,0.090625,Puntarenas_OTROS_Hidrometereológico
-0.050827206131572225,0.7584303400272536,3766,GPD,tail,21.39793168391183,0.090625,Puntarenas_OTROS_Hidrometereológico
-0.050827206131572225,0.7584303400272536,3767,GPD,tail,21.39793168391183,0.090625,Puntarenas_OTROS_Hidrometereológico
-0.050827206131572225,0.7584303400272536,3768,GPD,tail,21.39793168391183,0.090625,Puntarenas_OTROS_Hidrometereológico
-0.050827206131572225,0.7584303400272536,3769,GPD,tail,21.39793168391183,0.090625,Puntarenas_OTROS_Hidrometereológico
-0.050827206131572225,0.7584303400272536,3770,GPD,tail,21.39793168391183,0.090625,Puntarenas_OTROS_Hidrometereológico
-0.050827206131572225,0.7584303400272536,3771,GPD,tail,21.39793168391183,0.090625,Puntarenas_OTROS_Hidrometereológico
-0.050827206131572225,0.7584303400272536,3772,GPD,tail,21.39793168391183,0.090625,Puntarenas_OTROS_Hidrometereológico
-0.050827206131572225,0.7584303400272536,3773,GPD,tail,21.39793168391183,0.090625,Puntarenas_OTROS_Hidrometereológico
-0.050827206131572225,0.7584303400272536,3774,GPD,tail,21.39793168391183,0.090625,Puntarenas_OTROS_Hidrometereológico
-0.050827206131572225,0.7584303400272536,3775,GPD,tail,21.39793168391183,0.090625,Puntarenas_OTROS_Hidrometereológico
-0.050827206131572225,0.7584303400272536,3776,GPD,tail,21.39793168391183,0.090625,Puntarenas_OTROS_Hidrometereológico
-0.050827206131572225,0.7584303400272536,3777,GPD,tail,21.39793168391183,0.090625,Puntarenas_OTROS_Hidrometereológico
-0.050827206131572225,0.7584303400272536,3778,GPD,tail,21.39793168391183,0.090625,Puntarenas_OTROS_Hidrometereológico
-0.15504706782878347,1.0230197354178021,3779,GPD,tail,21.39793168391183,0.090625,Puntarenas_OTROS_Hidrometereológico
-0.15504706782878347,1.0230197354178021,3780,GPD,tail,21.39793168391183,0.090625,Puntarenas_OTROS_Hidrometereológico
-0.15504706782878347,1.0230197354178021,3781,GPD,tail,21.39793168391183,0.090625,Puntarenas_OTROS_Hidrometereológico
-0.15504706782878347,1.0230197354178021,3782,GPD,tail,21.39793168391183,0.090625,Puntarenas_OTROS_Hidrometereológico
-0.15504706782878347,1.0230197354178021,3783,GPD,tail,21.39793168391183,0.090625,Puntarenas_OTROS_Hidrometereológico
-0.15504706782878347,1.0230197354178021,3784,GPD,tail,21.39793168391183,0.090625,Puntarenas_OTROS_Hidrometereológico
-0.15504706782878347,1.0230197354178021,3785,GPD,tail,21.39793168391183,0.090625,Puntarenas_OTROS_Hidrometereológico
-0.13788208501255894,0.974214235619278,3786,GPD,tail,21.39793168391183,0.090625,Puntarenas_OTROS_Hidrometereológico
-0.07360008068987813,0.7845341476943843,3787,GPD,tail,21.39793168391183,0.090625,Puntarenas_OTROS_Hidrometereológico
-0.07360008068987813,0.7845341476943843,3788,GPD,tail,21.39793168391183,0.090625,Puntarenas_OTROS_Hidrometereológico
-0.07360008068987813,0.7845341476943843,3789,GPD,tail,21.39793168391183,0.090625,Puntarenas_OTROS_Hidrometereológico
-0.07360008068987813,0.7845341476943843,3790,GPD,tail,21.39793168391183,0.090625,Puntarenas_OTROS_Hidrometereológico
-0.07360008068987813,0.7845341476943843,3791,GPD,tail,21.39793168391183,0.090625,Puntarenas_OTROS_Hidrometereológico
-0.07360008068987813,0.7845341476943843,3792,GPD,tail,21.39793168391183,0.090625,Puntarenas_OTROS_Hidrometereológico
-0.07360008068987813,0.7845341476943843,3793,GPD,tail,21.39793168391183,0.090625,Puntarenas_OTROS_Hidrometereológico
-0.07360008068987813,0.7845341476943843,3794,GPD,tail,21.39793168391183,0.090625,Puntarenas_OTROS_Hidrometereológico
-0.08937586080342966,0.8743145724045345,3795,GPD,tail,21.39793168391183,0.090625,Puntarenas_OTROS_Hidrometereológico
-0.08937586080342966,0.8743145724045345,3796,GPD,tail,21.39793168391183,0.090625,Puntarenas_OTROS_Hidrometereológico
-0.08937586080342966,0.8743145724045345,3797,GPD,tail,21.39793168391183,0.090625,Puntarenas_OTROS_Hidrometereológico
-0.08937586080342966,0.8743145724045345,3798,GPD,tail,21.39793168391183,0.090625,Puntarenas_OTROS_Hidrometereológico
-0.08937586080342966,0.8743145724045345,3799,GPD,tail,21.39793168391183,0.090625,Puntarenas_OTROS_Hidrometereológico
-0.08937586080342966,0.8743145724045345,3800,GPD,tail,21.39793168391183,0.090625,Puntarenas_OTROS_Hidrometereológico
-0.08937586080342966,0.8743145724045345,3801,GPD,tail,21.39793168391183,0.090625,Puntarenas_OTROS_Hidrometereológico
-0.08937586080342966,0.8743145724045345,3802,GPD,tail,21.39793168391183,0.090625,Puntarenas_OTROS_Hidrometereológico
-0.08937586080342966,0.8743145724045345,3803,GPD,tail,21.39793168391183,0.090625,Puntarenas_OTROS_Hidrometereológico
-0.08937586080342966,0.8743145724045345,3804,GPD,tail,21.39793168391183,0.090625,Puntarenas_OTROS_Hidrometereológico
-0.08937586080342966,0.8743145724045345,3805,GPD,tail,21.39793168391183,0.090625,Puntarenas_OTROS_Hidrometereológico
-0.08937586080342966,0.8743145724045345,3806,GPD,tail,21.39793168391183,0.090625,Puntarenas_OTROS_Hidrometereológico
-0.08937586080342966,0.8743145724045345,3807,GPD,tail,21.39793168391183,0.090625,Puntarenas_OTROS_Hidrometereológico
-0.08937586080342966,0.8743145724045345,3808,GPD,tail,21.39793168391183,0.090625,Puntarenas_OTROS_Hidrometereológico
-0.08937586080342966,0.8743145724045345,3809,GPD,tail,21.39793168391183,0.090625,Puntarenas_OTROS_Hidrometereológico
-0.08937586080342966,0.8743145724045345,3810,GPD,tail,21.39793168391183,0.090625,Puntarenas_OTROS_Hidrometereológico
-0.08937586080342966,0.8743145724045345,3811,GPD,tail,21.39793168391183,0.090625,Puntarenas_OTROS_Hidrometereológico
-0.08937586080342966,0.8743145724045345,3812,GPD,tail,21.39793168391183,0.090625,Puntarenas_OTROS_Hidrometereológico
-0.08937586080342966,0.8743145724045345,3813,GPD,tail,21.39793168391183,0.090625,Puntarenas_OTROS_Hidrometereológico
-0.08937586080342966,0.8743145724045345,3814,GPD,tail,21.39793168391183,0.090625,Puntarenas_OTROS_Hidrometereológico
-0.08812150918274074,0.9440860472767745,3815,GPD,tail,21.39793168391183,0.090625,Puntarenas_OTROS_Hidrometereológico
-0.08812150918274074,0.9440860472767745,3816,GPD,tail,21.39793168391183,0.090625,Puntarenas_OTROS_Hidrometereológico
-0.08812150918274074,0.9440860472767745,3817,GPD,tail,21.39793168391183,0.090625,Puntarenas_OTROS_Hidrometereológico
-0.08812150918274074,0.9440860472767745,3818,GPD,tail,21.39793168391183,0.090625,Puntarenas_OTROS_Hidrometereológico
-0.08812150918274074,0.9440860472767745,3819,GPD,tail,21.39793168391183,0.090625,Puntarenas_OTROS_Hidrometereológico
-0.08812150918274074,0.9440860472767745,3820,GPD,tail,21.39793168391183,0.090625,Puntarenas_OTROS_Hidrometereológico
-0.08812150918274074,0.9440860472767745,3821,GPD,tail,21.39793168391183,0.090625,Puntarenas_OTROS_Hidrometereológico
-0.08812150918274074,0.9440860472767745,3822,GPD,tail,21.39793168391183,0.090625,Puntarenas_OTROS_Hidrometereológico
-0.08812150918274074,0.9440860472767745,3823,GPD,tail,21.39793168391183,0.090625,Puntarenas_OTROS_Hidrometereológico
-0.08812150918274074,0.9440860472767745,3824,GPD,tail,21.39793168391183,0.090625,Puntarenas_OTROS_Hidrometereológico
-0.08812150918274074,0.9440860472767745,3825,GPD,tail,21.39793168391183,0.090625,Puntarenas_OTROS_Hidrometereológico
-0.08812150918274074,0.9440860472767745,3826,GPD,tail,21.39793168391183,0.090625,Puntarenas_OTROS_Hidrometereológico
-0.08812150918274074,0.9440860472767745,3827,GPD,tail,21.39793168391183,0.090625,Puntarenas_OTROS_Hidrometereológico
-0.08812150918274074,0.9440860472767745,3828,GPD,tail,21.39793168391183,0.090625,Puntarenas_OTROS_Hidrometereológico
-0.08812150918274074,0.9440860472767745,3829,GPD,tail,21.39793168391183,0.090625,Puntarenas_OTROS_Hidrometereológico
-0.08812150918274074,0.9440860472767745,3830,GPD,tail,21.39793168391183,0.090625,Puntarenas_OTROS_Hidrometereológico
-0.08812150918274074,0.9440860472767745,3831,GPD,tail,21.39793168391183,0.090625,Puntarenas_OTROS_Hidrometereológico
-0.08812150918274074,0.9440860472767745,3832,GPD,tail,21.39793168391183,0.090625,Puntarenas_OTROS_Hidrometereológico
-0.012051146168495674,0.8379872478006137,3833,GPD,tail,21.39793168391183,0.090625,Puntarenas_OTROS_Hidrometereológico
-0.03881337332289951,0.8392576738502637,3834,GPD,tail,21.39793168391183,0.090625,Puntarenas_OTROS_Hidrometereológico
-0.03881337332289951,0.8392576738502637,3835,GPD,tail,21.39793168391183,0.090625,Puntarenas_OTROS_Hidrometereológico
-0.03881337332289951,0.8392576738502637,3836,GPD,tail,21.39793168391183,0.090625,Puntarenas_OTROS_Hidrometereológico
-0.03881337332289951,0.8392576738502637,3837,GPD,tail,21.39793168391183,0.090625,Puntarenas_OTROS_Hidrometereológico
-0.03881337332289951,0.8392576738502637,3838,GPD,tail,21.39793168391183,0.090625,Puntarenas_OTROS_Hidrometereológico
-0.015757249919988676,0.7621277763331518,3839,GPD,tail,21.39793168391183,0.090625,Puntarenas_OTROS_Hidrometereológico
-0.015757249919988676,0.7621277763331518,3840,GPD,tail,21.39793168391183,0.090625,Puntarenas_OTROS_Hidrometereológico
-0.015757249919988676,0.7621277763331518,3841,GPD,tail,21.39793168391183,0.090625,Puntarenas_OTROS_Hidrometereológico
-0.015757249919988676,0.7621277763331518,3842,GPD,tail,21.39793168391183,0.090625,Puntarenas_OTROS_Hidrometereológico
-0.015757249919988676,0.7621277763331518,3843,GPD,tail,21.39793168391183,0.090625,Puntarenas_OTROS_Hidrometereológico
-0.015757249919988676,0.7621277763331518,3844,GPD,tail,21.39793168391183,0.090625,Puntarenas_OTROS_Hidrometereológico
-0.10155692879126993,0.9174401578009308,3845,GPD,tail,21.39793168391183,0.090625,Puntarenas_OTROS_Hidrometereológico
-0.10155692879126993,0.9174401578009308,3846,GPD,tail,21.39793168391183,0.090625,Puntarenas_OTROS_Hidrometereológico
-0.10155692879126993,0.9174401578009308,3847,GPD,tail,21.39793168391183,0.090625,Puntarenas_OTROS_Hidrometereológico
-0.10155692879126993,0.9174401578009308,3848,GPD,tail,21.39793168391183,0.090625,Puntarenas_OTROS_Hidrometereológico
-0.10155692879126993,0.9174401578009308,3849,GPD,tail,21.39793168391183,0.090625,Puntarenas_OTROS_Hidrometereológico
-0.10155692879126993,0.9174401578009308,3850,GPD,tail,21.39793168391183,0.090625,Puntarenas_OTROS_Hidrometereológico
-0.10155692879126993,0.9174401578009308,3851,GPD,tail,21.39793168391183,0.090625,Puntarenas_OTROS_Hidrometereológico
-0.10155692879126993,0.9174401578009308,3852,GPD,tail,21.39793168391183,0.090625,Puntarenas_OTROS_Hidrometereológico
-0.10155692879126993,0.9174401578009308,3853,GPD,tail,21.39793168391183,0.090625,Puntarenas_OTROS_Hidrometereológico
-0.10155692879126993,0.9174401578009308,3854,GPD,tail,21.39793168391183,0.090625,Puntarenas_OTROS_Hidrometereológico
-0.10155692879126993,0.9174401578009308,3855,GPD,tail,21.39793168391183,0.090625,Puntarenas_OTROS_Hidrometereológico
-0.10155692879126993,0.9174401578009308,3856,GPD,tail,21.39793168391183,0.090625,Puntarenas_OTROS_Hidrometereológico
-0.10155692879126993,0.9174401578009308,3857,GPD,tail,21.39793168391183,0.090625,Puntarenas_OTROS_Hidrometereológico
0.04857443201383499,0.7132876682547897,3858,GPD,tail,21.39793168391183,0.090625,Puntarenas_OTROS_Hidrometereológico
0.04857443201383499,0.7132876682547897,3859,GPD,tail,21.39793168391183,0.090625,Puntarenas_OTROS_Hidrometereológico
0.0363443456086577,0.7895289198067289,3860,GPD,tail,21.39793168391183,0.090625,Puntarenas_OTROS_Hidrometereológico
0.0363443456086577,0.7895289198067289,3861,GPD,tail,21.39793168391183,0.090625,Puntarenas_OTROS_Hidrometereológico
0.0363443456086577,0.7895289198067289,3862,GPD,tail,21.39793168391183,0.090625,Puntarenas_OTROS_Hidrometereológico
0.0363443456086577,0.7895289198067289,3863,GPD,tail,21.39793168391183,0.090625,Puntarenas_OTROS_Hidrometereológico
0.0363443456086577,0.7895289198067289,3864,GPD,tail,21.39793168391183,0.090625,Puntarenas_OTROS_Hidrometereológico
0.0363443456086577,0.7895289198067289,3865,GPD,tail,21.39793168391183,0.090625,Puntarenas_OTROS_Hidrometereológico
0.0363443456086577,0.7895289198067289,3866,GPD,tail,21.39793168391183,0.090625,Puntarenas_OTROS_Hidrometereológico
0.025897803968990354,0.79397854267082,3867,GPD,tail,21.39793168391183,0.090625,Puntarenas_OTROS_Hidrometereológico
0.025897803968990354,0.79397854267082,3868,GPD,tail,21.39793168391183,0.090625,Puntarenas_OTROS_Hidrometereológico
0.03088703051881543,1.024056240996959,3869,GPD,tail,21.39793168391183,0.090625,Puntarenas_OTROS_Hidrometereológico
0.03088703051881543,1.024056240996959,3870,GPD,tail,21.39793168391183,0.090625,Puntarenas_OTROS_Hidrometereológico
0.03088703051881543,1.024056240996959,3871,GPD,tail,21.39793168391183,0.090625,Puntarenas_OTROS_Hidrometereológico
0.03088703051881543,1.024056240996959,3872,GPD,tail,21.39793168391183,0.090625,Puntarenas_OTROS_Hidrometereológico
0.03088703051881543,1.024056240996959,3873,GPD,tail,21.39793168391183,0.090625,Puntarenas_OTROS_Hidrometereológico
0.03088703051881543,1.024056240996959,3874,GPD,tail,21.39793168391183,0.090625,Puntarenas_OTROS_Hidrometereológico
0.03088703051881543,1.024056240996959,3875,GPD,tail,21.39793168391183,0.090625,Puntarenas_OTROS_Hidrometereológico
0.03088703051881543,1.024056240996959,3876,GPD,tail,21.39793168391183,0.090625,Puntarenas_OTROS_Hidrometereológico
0.03088703051881543,1.024056240996959,3877,GPD,tail,21.39793168391183,0.090625,Puntarenas_OTROS_Hidrometereológico
-0.09702392533863417,1.045575528325044,3878,GPD,tail,21.39793168391183,0.090625,Puntarenas_OTROS_Hidrometereológico
0.20140029575174406,0.7222491791454292,3879,GPD,tail,21.39793168391183,0.090625,Puntarenas_OTROS_Hidrometereológico
0.20140029575174406,0.7222491791454292,3880,GPD,tail,21.39793168391183,0.090625,Puntarenas_OTROS_Hidrometereológico
0.20140029575174406,0.7222491791454292,3881,GPD,tail,21.39793168391183,0.090625,Puntarenas_OTROS_Hidrometereológico
0.20140029575174406,0.7222491791454292,3882,GPD,tail,21.39793168391183,0.090625,Puntarenas_OTROS_Hidrometereológico
0.20140029575174406,0.7222491791454292,3883,GPD,tail,21.39793168391183,0.090625,Puntarenas_OTROS_Hidrometereológico
0.20140029575174406,0.7222491791454292,3884,GPD,tail,21.39793168391183,0.090625,Puntarenas_OTROS_Hidrometereológico
0.20140029575174406,0.7222491791454292,3885,GPD,tail,21.39793168391183,0.090625,Puntarenas_OTROS_Hidrometereológico
0.20140029575174406,0.7222491791454292,3886,GPD,tail,21.39793168391183,0.090625,Puntarenas_OTROS_Hidrometereológico
0.15958557295904,0.7595693668533333,3887,GPD,tail,21.39793168391183,0.090625,Puntarenas_OTROS_Hidrometereológico
0.15958557295904,0.7595693668533333,3888,GPD,tail,21.39793168391183,0.090625,Puntarenas_OTROS_Hidrometereológico
0.15958557295904,0.7595693668533333,3889,GPD,tail,21.39793168391183,0.090625,Puntarenas_OTROS_Hidrometereológico
0.15958557295904,0.7595693668533333,3890,GPD,tail,21.39793168391183,0.090625,Puntarenas_OTROS_Hidrometereológico
0.15958557295904,0.7595693668533333,3891,GPD,tail,21.39793168391183,0.090625,Puntarenas_OTROS_Hidrometereológico
0.15958557295904,0.7595693668533333,3892,GPD,tail,21.39793168391183,0.090625,Puntarenas_OTROS_Hidrometereológico
0.15958557295904,0.7595693668533333,3893,GPD,tail,21.39793168391183,0.090625,Puntarenas_OTROS_Hidrometereológico
0.15958557295904,0.7595693668533333,3894,GPD,tail,21.39793168391183,0.090625,Puntarenas_OTROS_Hidrometereológico
0.15958557295904,0.7595693668533333,3895,GPD,tail,21.39793168391183,0.090625,Puntarenas_OTROS_Hidrometereológico
0.15958557295904,0.7595693668533333,3896,GPD,tail,21.39793168391183,0.090625,Puntarenas_OTROS_Hidrometereológico
0.15958557295904,0.7595693668533333,3897,GPD,tail,21.39793168391183,0.090625,Puntarenas_OTROS_Hidrometereológico
0.15958557295904,0.7595693668533333,3898,GPD,tail,21.39793168391183,0.090625,Puntarenas_OTROS_Hidrometereológico
0.15958557295904,0.7595693668533333,3899,GPD,tail,21.39793168391183,0.090625,Puntarenas_OTROS_Hidrometereológico
0.15958557295904,0.7595693668533333,3900,GPD,tail,21.39793168391183,0.090625,Puntarenas_OTROS_Hidrometereológico
0.15958557295904,0.7595693668533333,3901,GPD,tail,21.39793168391183,0.090625,Puntarenas_OTROS_Hidrometereológico
0.15958557295904,0.7595693668533333,3902,GPD,tail,21.39793168391183,0.090625,Puntarenas_OTROS_Hidrometereológico
0.15958557295904,0.7595693668533333,3903,GPD,tail,21.39793168391183,0.090625,Puntarenas_OTROS_Hidrometereológico
0.15958557295904,0.7595693668533333,3904,GPD,tail,21.39793168391183,0.090625,Puntarenas_OTROS_Hidrometereológico
0.15958557295904,0.7595693668533333,3905,GPD,tail,21.39793168391183,0.090625,Puntarenas_OTROS_Hidrometereológico
0.15958557295904,0.7595693668533333,3906,GPD,tail,21.39793168391183,0.090625,Puntarenas_OTROS_Hidrometereológico
0.15958557295904,0.7595693668533333,3907,GPD,tail,21.39793168391183,0.090625,Puntarenas_OTROS_Hidrometereológico
0.15958557295904,0.7595693668533333,3908,GPD,tail,21.39793168391183,0.090625,Puntarenas_OTROS_Hidrometereológico
0.15958557295904,0.7595693668533333,3909,GPD,tail,21.39793168391183,0.090625,Puntarenas_OTROS_Hidrometereológico
0.15958557295904,0.7595693668533333,3910,GPD,tail,21.39793168391183,0.090625,Puntarenas_OTROS_Hidrometereológico
0.15958557295904,0.7595693668533333,3911,GPD,tail,21.39793168391183,0.090625,Puntarenas_OTROS_Hidrometereológico
0.15958557295904,0.7595693668533333,3912,GPD,tail,21.39793168391183,0.090625,Puntarenas_OTROS_Hidrometereológico
0.15958557295904,0.7595693668533333,3913,GPD,tail,21.39793168391183,0.090625,Puntarenas_OTROS_Hidrometereológico
0.07050271429971033,0.6898585723321328,3914,GPD,tail,21.39793168391183,0.090625,Puntarenas_OTROS_Hidrometereológico
0.07050271429971033,0.6898585723321328,3915,GPD,tail,21.39793168391183,0.090625,Puntarenas_OTROS_Hidrometereológico
0.07050271429971033,0.6898585723321328,3916,GPD,tail,21.39793168391183,0.090625,Puntarenas_OTROS_Hidrometereológico
0.07050271429971033,0.6898585723321328,3917,GPD,tail,21.39793168391183,0.090625,Puntarenas_OTROS_Hidrometereológico
0.07050271429971033,0.6898585723321328,3918,GPD,tail,21.39793168391183,0.090625,Puntarenas_OTROS_Hidrometereológico
-0.007259163385364864,0.9125774986795826,3919,GPD,tail,21.39793168391183,0.090625,Puntarenas_OTROS_Hidrometereológico
-0.007259163385364864,0.9125774986795826,3920,GPD,tail,21.39793168391183,0.090625,Puntarenas_OTROS_Hidrometereológico
-0.007259163385364864,0.9125774986795826,3921,GPD,tail,21.39793168391183,0.090625,Puntarenas_OTROS_Hidrometereológico
-0.007259163385364864,0.9125774986795826,3922,GPD,tail,21.39793168391183,0.090625,Puntarenas_OTROS_Hidrometereológico
-0.007259163385364864,0.9125774986795826,3923,GPD,tail,21.39793168391183,0.090625,Puntarenas_OTROS_Hidrometereológico
-0.007259163385364864,0.9125774986795826,3924,GPD,tail,21.39793168391183,0.090625,Puntarenas_OTROS_Hidrometereológico
-0.007259163385364864,0.9125774986795826,3925,GPD,tail,21.39793168391183,0.090625,Puntarenas_OTROS_Hidrometereológico
-0.06516090890466278,0.8592852343809345,3926,GPD,tail,21.39793168391183,0.090625,Puntarenas_OTROS_Hidrometereológico
-0.06516090890466278,0.8592852343809345,3927,GPD,tail,21.39793168391183,0.090625,Puntarenas_OTROS_Hidrometereológico
-0.06516090890466278,0.8592852343809345,3928,GPD,tail,21.39793168391183,0.090625,Puntarenas_OTROS_Hidrometereológico
-0.06516090890466278,0.8592852343809345,3929,GPD,tail,21.39793168391183,0.090625,Puntarenas_OTROS_Hidrometereológico
-0.06516090890466278,0.8592852343809345,3930,GPD,tail,21.39793168391183,0.090625,Puntarenas_OTROS_Hidrometereológico
-0.06516090890466278,0.8592852343809345,3931,GPD,tail,21.39793168391183,0.090625,Puntarenas_OTROS_Hidrometereológico
-0.06516090890466278,0.8592852343809345,3932,GPD,tail,21.39793168391183,0.090625,Puntarenas_OTROS_Hidrometereológico
-0.06516090890466278,0.8592852343809345,3933,GPD,tail,21.39793168391183,0.090625,Puntarenas_OTROS_Hidrometereológico
-0.06516090890466278,0.8592852343809345,3934,GPD,tail,21.39793168391183,0.090625,Puntarenas_OTROS_Hidrometereológico
-0.06516090890466278,0.8592852343809345,3935,GPD,tail,21.39793168391183,0.090625,Puntarenas_OTROS_Hidrometereológico
-0.10169075413502487,0.7704222573108326,3936,GPD,tail,21.39793168391183,0.090625,Puntarenas_OTROS_Hidrometereológico
-0.10169075413502487,0.7704222573108326,3937,GPD,tail,21.39793168391183,0.090625,Puntarenas_OTROS_Hidrometereológico
-0.14028754464196397,0.8930829272843138,3938,GPD,tail,21.39793168391183,0.090625,Puntarenas_OTROS_Hidrometereológico
-0.14028754464196397,0.8930829272843138,3939,GPD,tail,21.39793168391183,0.090625,Puntarenas_OTROS_Hidrometereológico
-0.14028754464196397,0.8930829272843138,3940,GPD,tail,21.39793168391183,0.090625,Puntarenas_OTROS_Hidrometereológico
-0.14028754464196397,0.8930829272843138,3941,GPD,tail,21.39793168391183,0.090625,Puntarenas_OTROS_Hidrometereológico
-0.14028754464196397,0.8930829272843138,3942,GPD,tail,21.39793168391183,0.090625,Puntarenas_OTROS_Hidrometereológico
-0.14028754464196397,0.8930829272843138,3943,GPD,tail,21.39793168391183,0.090625,Puntarenas_OTROS_Hidrometereológico
-0.14028754464196397,0.8930829272843138,3944,GPD,tail,21.39793168391183,0.090625,Puntarenas_OTROS_Hidrometereológico
-0.14028754464196397,0.8930829272843138,3945,GPD,tail,21.39793168391183,0.090625,Puntarenas_OTROS_Hidrometereológico
-0.07069841268235186,0.8074193173612176,3946,GPD,tail,21.39793168391183,0.090625,Puntarenas_OTROS_Hidrometereológico
-0.07069841268235186,0.8074193173612176,3947,GPD,tail,21.39793168391183,0.090625,Puntarenas_OTROS_Hidrometereológico
-0.07069841268235186,0.8074193173612176,3948,GPD,tail,21.39793168391183,0.090625,Puntarenas_OTROS_Hidrometereológico
-0.07069841268235186,0.8074193173612176,3949,GPD,tail,21.39793168391183,0.090625,Puntarenas_OTROS_Hidrometereológico
-0.16084767318836848,0.8791638539903995,3950,GPD,tail,21.39793168391183,0.090625,Puntarenas_OTROS_Hidrometereológico
-0.16084767318836848,0.8791638539903995,3951,GPD,tail,21.39793168391183,0.090625,Puntarenas_OTROS_Hidrometereológico
-0.16084767318836848,0.8791638539903995,3952,GPD,tail,21.39793168391183,0.090625,Puntarenas_OTROS_Hidrometereológico
-0.16084767318836848,0.8791638539903995,3953,GPD,tail,21.39793168391183,0.090625,Puntarenas_OTROS_Hidrometereológico
-0.16084767318836848,0.8791638539903995,3954,GPD,tail,21.39793168391183,0.090625,Puntarenas_OTROS_Hidrometereológico
-0.16084767318836848,0.8791638539903995,3955,GPD,tail,21.39793168391183,0.090625,Puntarenas_OTROS_Hidrometereológico
-0.16084767318836848,0.8791638539903995,3956,GPD,tail,21.39793168391183,0.090625,Puntarenas_OTROS_Hidrometereológico
-0.0370402100506228,0.7522476278991675,3957,GPD,tail,21.39793168391183,0.090625,Puntarenas_OTROS_Hidrometereológico
0.03756906438196646,0.8560179346563953,3958,GPD,tail,21.39793168391183,0.090625,Puntarenas_OTROS_Hidrometereológico
0.03756906438196646,0.8560179346563953,3959,GPD,tail,21.39793168391183,0.090625,Puntarenas_OTROS_Hidrometereológico
0.03756906438196646,0.8560179346563953,3960,GPD,tail,21.39793168391183,0.090625,Puntarenas_OTROS_Hidrometereológico
0.03756906438196646,0.8560179346563953,3961,GPD,tail,21.39793168391183,0.090625,Puntarenas_OTROS_Hidrometereológico
0.03756906438196646,0.8560179346563953,3962,GPD,tail,21.39793168391183,0.090625,Puntarenas_OTROS_Hidrometereológico
0.03756906438196646,0.8560179346563953,3963,GPD,tail,21.39793168391183,0.090625,Puntarenas_OTROS_Hidrometereológico
0.03756906438196646,0.8560179346563953,3964,GPD,tail,21.39793168391183,0.090625,Puntarenas_OTROS_Hidrometereológico
0.03756906438196646,0.8560179346563953,3965,GPD,tail,21.39793168391183,0.090625,Puntarenas_OTROS_Hidrometereológico
0.03756906438196646,0.8560179346563953,3966,GPD,tail,21.39793168391183,0.090625,Puntarenas_OTROS_Hidrometereológico
0.03756906438196646,0.8560179346563953,3967,GPD,tail,21.39793168391183,0.090625,Puntarenas_OTROS_Hidrometereológico
0.03756906438196646,0.8560179346563953,3968,GPD,tail,21.39793168391183,0.090625,Puntarenas_OTROS_Hidrometereológico
0.03756906438196646,0.8560179346563953,3969,GPD,tail,21.39793168391183,0.090625,Puntarenas_OTROS_Hidrometereológico
-0.05598922623368327,0.751745239152953,3970,GPD,tail,21.39793168391183,0.090625,Puntarenas_OTROS_Hidrometereológico
-0.12495903828782153,0.9682423768584703,3971,GPD,tail,21.39793168391183,0.090625,Puntarenas_OTROS_Hidrometereológico
-0.12495903828782153,0.9682423768584703,3972,GPD,tail,21.39793168391183,0.090625,Puntarenas_OTROS_Hidrometereológico
-0.12495903828782153,0.9682423768584703,3973,GPD,tail,21.39793168391183,0.090625,Puntarenas_OTROS_Hidrometereológico
-0.12495903828782153,0.9682423768584703,3974,GPD,tail,21.39793168391183,0.090625,Puntarenas_OTROS_Hidrometereológico
-0.12495903828782153,0.9682423768584703,3975,GPD,tail,21.39793168391183,0.090625,Puntarenas_OTROS_Hidrometereológico
-0.12495903828782153,0.9682423768584703,3976,GPD,tail,21.39793168391183,0.090625,Puntarenas_OTROS_Hidrometereológico
-0.12495903828782153,0.9682423768584703,3977,GPD,tail,21.39793168391183,0.090625,Puntarenas_OTROS_Hidrometereológico
-0.12495903828782153,0.9682423768584703,3978,GPD,tail,21.39793168391183,0.090625,Puntarenas_OTROS_Hidrometereológico
-0.12495903828782153,0.9682423768584703,3979,GPD,tail,21.39793168391183,0.090625,Puntarenas_OTROS_Hidrometereológico
-0.12495903828782153,0.9682423768584703,3980,GPD,tail,21.39793168391183,0.090625,Puntarenas_OTROS_Hidrometereológico
-0.12495903828782153,0.9682423768584703,3981,GPD,tail,21.39793168391183,0.090625,Puntarenas_OTROS_Hidrometereológico
-0.12495903828782153,0.9682423768584703,3982,GPD,tail,21.39793168391183,0.090625,Puntarenas_OTROS_Hidrometereológico
-0.12495903828782153,0.9682423768584703,3983,GPD,tail,21.39793168391183,0.090625,Puntarenas_OTROS_Hidrometereológico
-0.12495903828782153,0.9682423768584703,3984,GPD,tail,21.39793168391183,0.090625,Puntarenas_OTROS_Hidrometereológico
-0.12495903828782153,0.9682423768584703,3985,GPD,tail,21.39793168391183,0.090625,Puntarenas_OTROS_Hidrometereológico
-0.12495903828782153,0.9682423768584703,3986,GPD,tail,21.39793168391183,0.090625,Puntarenas_OTROS_Hidrometereológico
-0.12495903828782153,0.9682423768584703,3987,GPD,tail,21.39793168391183,0.090625,Puntarenas_OTROS_Hidrometereológico
-0.12495903828782153,0.9682423768584703,3988,GPD,tail,21.39793168391183,0.090625,Puntarenas_OTROS_Hidrometereológico
-0.12495903828782153,0.9682423768584703,3989,GPD,tail,21.39793168391183,0.090625,Puntarenas_OTROS_Hidrometereológico
-0.12495903828782153,0.9682423768584703,3990,GPD,tail,21.39793168391183,0.090625,Puntarenas_OTROS_Hidrometereológico
-0.12495903828782153,0.9682423768584703,3991,GPD,tail,21.39793168391183,0.090625,Puntarenas_OTROS_Hidrometereológico
-0.12495903828782153,0.9682423768584703,3992,GPD,tail,21.39793168391183,0.090625,Puntarenas_OTROS_Hidrometereológico
-0.12495903828782153,0.9682423768584703,3993,GPD,tail,21.39793168391183,0.090625,Puntarenas_OTROS_Hidrometereológico
-0.18405139982271113,0.9743968047879028,3994,GPD,tail,21.39793168391183,0.090625,Puntarenas_OTROS_Hidrometereológico
-0.18405139982271113,0.9743968047879028,3995,GPD,tail,21.39793168391183,0.090625,Puntarenas_OTROS_Hidrometereológico
-0.18405139982271113,0.9743968047879028,3996,GPD,tail,21.39793168391183,0.090625,Puntarenas_OTROS_Hidrometereológico
-0.18405139982271113,0.9743968047879028,3997,GPD,tail,21.39793168391183,0.090625,Puntarenas_OTROS_Hidrometereológico
-0.18405139982271113,0.9743968047879028,3998,GPD,tail,21.39793168391183,0.090625,Puntarenas_OTROS_Hidrometereológico
-0.18405139982271113,0.9743968047879028,3999,GPD,tail,21.39793168391183,0.090625,Puntarenas_OTROS_Hidrometereológico
-0.18405139982271113,0.9743968047879028,4000,GPD,tail,21.39793168391183,0.090625,Puntarenas_OTROS_Hidrometereológico
-0.18405139982271113,0.9743968047879028,4001,GPD,tail,21.39793168391183,0.090625,Puntarenas_OTROS_Hidrometereológico
-0.18405139982271113,0.9743968047879028,4002,GPD,tail,21.39793168391183,0.090625,Puntarenas_OTROS_Hidrometereológico
-0.18405139982271113,0.9743968047879028,4003,GPD,tail,21.39793168391183,0.090625,Puntarenas_OTROS_Hidrometereológico
-0.18405139982271113,0.9743968047879028,4004,GPD,tail,21.39793168391183,0.090625,Puntarenas_OTROS_Hidrometereológico
-0.1181677831184748,0.9555673891264668,4005,GPD,tail,21.39793168391183,0.090625,Puntarenas_OTROS_Hidrometereológico
-0.1181677831184748,0.9555673891264668,4006,GPD,tail,21.39793168391183,0.090625,Puntarenas_OTROS_Hidrometereológico
-0.1181677831184748,0.9555673891264668,4007,GPD,tail,21.39793168391183,0.090625,Puntarenas_OTROS_Hidrometereológico
-0.1181677831184748,0.9555673891264668,4008,GPD,tail,21.39793168391183,0.090625,Puntarenas_OTROS_Hidrometereológico
-0.1181677831184748,0.9555673891264668,4009,GPD,tail,21.39793168391183,0.090625,Puntarenas_OTROS_Hidrometereológico
-0.1181677831184748,0.9555673891264668,4010,GPD,tail,21.39793168391183,0.090625,Puntarenas_OTROS_Hidrometereológico
-0.1181677831184748,0.9555673891264668,4011,GPD,tail,21.39793168391183,0.090625,Puntarenas_OTROS_Hidrometereológico
-0.1181677831184748,0.9555673891264668,4012,GPD,tail,21.39793168391183,0.090625,Puntarenas_OTROS_Hidrometereológico
-0.1181677831184748,0.9555673891264668,4013,GPD,tail,21.39793168391183,0.090625,Puntarenas_OTROS_Hidrometereológico
-0.1181677831184748,0.9555673891264668,4014,GPD,tail,21.39793168391183,0.090625,Puntarenas_OTROS_Hidrometereológico
-0.1181677831184748,0.9555673891264668,4015,GPD,tail,21.39793168391183,0.090625,Puntarenas_OTROS_Hidrometereológico
-0.1181677831184748,0.9555673891264668,4016,GPD,tail,21.39793168391183,0.090625,Puntarenas_OTROS_Hidrometereológico
-0.1181677831184748,0.9555673891264668,4017,GPD,tail,21.39793168391183,0.090625,Puntarenas_OTROS_Hidrometereológico
-0.1181677831184748,0.9555673891264668,4018,GPD,tail,21.39793168391183,0.090625,Puntarenas_OTROS_Hidrometereológico
-0.14440781396335226,0.9803005184929374,4019,GPD,tail,21.39793168391183,0.090625,Puntarenas_OTROS_Hidrometereológico
-0.14440781396335226,0.9803005184929374,4020,GPD,tail,21.39793168391183,0.090625,Puntarenas_OTROS_Hidrometereológico
-0.14440781396335226,0.9803005184929374,4021,GPD,tail,21.39793168391183,0.090625,Puntarenas_OTROS_Hidrometereológico
-0.09535198114789464,0.8548819071742952,4022,GPD,tail,21.39793168391183,0.090625,Puntarenas_OTROS_Hidrometereológico
-0.09535198114789464,0.8548819071742952,4023,GPD,tail,21.39793168391183,0.090625,Puntarenas_OTROS_Hidrometereológico
-0.09535198114789464,0.8548819071742952,4024,GPD,tail,21.39793168391183,0.090625,Puntarenas_OTROS_Hidrometereológico
-0.09535198114789464,0.8548819071742952,4025,GPD,tail,21.39793168391183,0.090625,Puntarenas_OTROS_Hidrometereológico
-0.09535198114789464,0.8548819071742952,4026,GPD,tail,21.39793168391183,0.090625,Puntarenas_OTROS_Hidrometereológico
-0.09535198114789464,0.8548819071742952,4027,GPD,tail,21.39793168391183,0.090625,Puntarenas_OTROS_Hidrometereológico
-0.09535198114789464,0.8548819071742952,4028,GPD,tail,21.39793168391183,0.090625,Puntarenas_OTROS_Hidrometereológico
-0.09535198114789464,0.8548819071742952,4029,GPD,tail,21.39793168391183,0.090625,Puntarenas_OTROS_Hidrometereológico
-0.09535198114789464,0.8548819071742952,4030,GPD,tail,21.39793168391183,0.090625,Puntarenas_OTROS_Hidrometereológico
-0.09535198114789464,0.8548819071742952,4031,GPD,tail,21.39793168391183,0.090625,Puntarenas_OTROS_Hidrometereológico
-0.09535198114789464,0.8548819071742952,4032,GPD,tail,21.39793168391183,0.090625,Puntarenas_OTROS_Hidrometereológico
-0.09535198114789464,0.8548819071742952,4033,GPD,tail,21.39793168391183,0.090625,Puntarenas_OTROS_Hidrometereológico
-0.09535198114789464,0.8548819071742952,4034,GPD,tail,21.39793168391183,0.090625,Puntarenas_OTROS_Hidrometereológico
-0.09535198114789464,0.8548819071742952,4035,GPD,tail,21.39793168391183,0.090625,Puntarenas_OTROS_Hidrometereológico
-0.09535198114789464,0.8548819071742952,4036,GPD,tail,21.39793168391183,0.090625,Puntarenas_OTROS_Hidrometereológico
-0.09535198114789464,0.8548819071742952,4037,GPD,tail,21.39793168391183,0.090625,Puntarenas_OTROS_Hidrometereológico
-0.09535198114789464,0.8548819071742952,4038,GPD,tail,21.39793168391183,0.090625,Puntarenas_OTROS_Hidrometereológico
-0.09535198114789464,0.8548819071742952,4039,GPD,tail,21.39793168391183,0.090625,Puntarenas_OTROS_Hidrometereológico
-0.09535198114789464,0.8548819071742952,4040,GPD,tail,21.39793168391183,0.090625,Puntarenas_OTROS_Hidrometereológico
-0.09535198114789464,0.8548819071742952,4041,GPD,tail,21.39793168391183,0.090625,Puntarenas_OTROS_Hidrometereológico
-0.09535198114789464,0.8548819071742952,4042,GPD,tail,21.39793168391183,0.090625,Puntarenas_OTROS_Hidrometereológico
-0.09535198114789464,0.8548819071742952,4043,GPD,tail,21.39793168391183,0.090625,Puntarenas_OTROS_Hidrometereológico
-0.09535198114789464,0.8548819071742952,4044,GPD,tail,21.39793168391183,0.090625,Puntarenas_OTROS_Hidrometereológico
-0.09535198114789464,0.8548819071742952,4045,GPD,tail,21.39793168391183,0.090625,Puntarenas_OTROS_Hidrometereológico
-0.028627349537340738,0.9169159310939022,4046,GPD,tail,21.39793168391183,0.090625,Puntarenas_OTROS_Hidrometereológico
-0.028627349537340738,0.9169159310939022,4047,GPD,tail,21.39793168391183,0.090625,Puntarenas_OTROS_Hidrometereológico
-0.028627349537340738,0.9169159310939022,4048,GPD,tail,21.39793168391183,0.090625,Puntarenas_OTROS_Hidrometereológico
-0.028627349537340738,0.9169159310939022,4049,GPD,tail,21.39793168391183,0.090625,Puntarenas_OTROS_Hidrometereológico
-0.028627349537340738,0.9169159310939022,4050,GPD,tail,21.39793168391183,0.090625,Puntarenas_OTROS_Hidrometereológico
-0.028627349537340738,0.9169159310939022,4051,GPD,tail,21.39793168391183,0.090625,Puntarenas_OTROS_Hidrometereológico
-0.028627349537340738,0.9169159310939022,4052,GPD,tail,21.39793168391183,0.090625,Puntarenas_OTROS_Hidrometereológico
-0.028627349537340738,0.9169159310939022,4053,GPD,tail,21.39793168391183,0.090625,Puntarenas_OTROS_Hidrometereológico
-0.028627349537340738,0.9169159310939022,4054,GPD,tail,21.39793168391183,0.090625,Puntarenas_OTROS_Hidrometereológico
-0.028627349537340738,0.9169159310939022,4055,GPD,tail,21.39793168391183,0.090625,Puntarenas_OTROS_Hidrometereológico
-0.028627349537340738,0.9169159310939022,4056,GPD,tail,21.39793168391183,0.090625,Puntarenas_OTROS_Hidrometereológico
-0.028627349537340738,0.9169159310939022,4057,GPD,tail,21.39793168391183,0.090625,Puntarenas_OTROS_Hidrometereológico
-0.028627349537340738,0.9169159310939022,4058,GPD,tail,21.39793168391183,0.090625,Puntarenas_OTROS_Hidrometereológico
-0.028627349537340738,0.9169159310939022,4059,GPD,tail,21.39793168391183,0.090625,Puntarenas_OTROS_Hidrometereológico
-0.028627349537340738,0.9169159310939022,4060,GPD,tail,21.39793168391183,0.090625,Puntarenas_OTROS_Hidrometereológico
-0.028627349537340738,0.9169159310939022,4061,GPD,tail,21.39793168391183,0.090625,Puntarenas_OTROS_Hidrometereológico
-0.020648562728338923,0.9007553743857717,4062,GPD,tail,21.39793168391183,0.090625,Puntarenas_OTROS_Hidrometereológico
-0.020648562728338923,0.9007553743857717,4063,GPD,tail,21.39793168391183,0.090625,Puntarenas_OTROS_Hidrometereológico
-0.020648562728338923,0.9007553743857717,4064,GPD,tail,21.39793168391183,0.090625,Puntarenas_OTROS_Hidrometereológico
-0.020648562728338923,0.9007553743857717,4065,GPD,tail,21.39793168391183,0.090625,Puntarenas_OTROS_Hidrometereológico
-0.020648562728338923,0.9007553743857717,4066,GPD,tail,21.39793168391183,0.090625,Puntarenas_OTROS_Hidrometereológico
-0.020648562728338923,0.9007553743857717,4067,GPD,tail,21.39793168391183,0.090625,Puntarenas_OTROS_Hidrometereológico
-0.020648562728338923,0.9007553743857717,4068,GPD,tail,21.39793168391183,0.090625,Puntarenas_OTROS_Hidrometereológico
-0.020648562728338923,0.9007553743857717,4069,GPD,tail,21.39793168391183,0.090625,Puntarenas_OTROS_Hidrometereológico
-0.020648562728338923,0.9007553743857717,4070,GPD,tail,21.39793168391183,0.090625,Puntarenas_OTROS_Hidrometereológico
-0.07772891449055289,0.8423525746848023,4071,GPD,tail,21.39793168391183,0.090625,Puntarenas_OTROS_Hidrometereológico
-0.07772891449055289,0.8423525746848023,4072,GPD,tail,21.39793168391183,0.090625,Puntarenas_OTROS_Hidrometereológico
-0.07772891449055289,0.8423525746848023,4073,GPD,tail,21.39793168391183,0.090625,Puntarenas_OTROS_Hidrometereológico
-0.07772891449055289,0.8423525746848023,4074,GPD,tail,21.39793168391183,0.090625,Puntarenas_OTROS_Hidrometereológico
-0.07772891449055289,0.8423525746848023,4075,GPD,tail,21.39793168391183,0.090625,Puntarenas_OTROS_Hidrometereológico
-0.07772891449055289,0.8423525746848023,4076,GPD,tail,21.39793168391183,0.090625,Puntarenas_OTROS_Hidrometereológico
-0.07772891449055289,0.8423525746848023,4077,GPD,tail,21.39793168391183,0.090625,Puntarenas_OTROS_Hidrometereológico
-0.07772891449055289,0.8423525746848023,4078,GPD,tail,21.39793168391183,0.090625,Puntarenas_OTROS_Hidrometereológico
-0.07772891449055289,0.8423525746848023,4079,GPD,tail,21.39793168391183,0.090625,Puntarenas_OTROS_Hidrometereológico
-0.07772891449055289,0.8423525746848023,4080,GPD,tail,21.39793168391183,0.090625,Puntarenas_OTROS_Hidrometereológico
-0.07772891449055289,0.8423525746848023,4081,GPD,tail,21.39793168391183,0.090625,Puntarenas_OTROS_Hidrometereológico
-0.07772891449055289,0.8423525746848023,4082,GPD,tail,21.39793168391183,0.090625,Puntarenas_OTROS_Hidrometereológico
-0.07772891449055289,0.8423525746848023,4083,GPD,tail,21.39793168391183,0.090625,Puntarenas_OTROS_Hidrometereológico
-0.07772891449055289,0.8423525746848023,4084,GPD,tail,21.39793168391183,0.090625,Puntarenas_OTROS_Hidrometereológico
-0.07772891449055289,0.8423525746848023,4085,GPD,tail,21.39793168391183,0.090625,Puntarenas_OTROS_Hidrometereológico
-0.07772891449055289,0.8423525746848023,4086,GPD,tail,21.39793168391183,0.090625,Puntarenas_OTROS_Hidrometereológico
-0.07772891449055289,0.8423525746848023,4087,GPD,tail,21.39793168391183,0.090625,Puntarenas_OTROS_Hidrometereológico
-0.07772891449055289,0.8423525746848023,4088,GPD,tail,21.39793168391183,0.090625,Puntarenas_OTROS_Hidrometereológico
-0.07772891449055289,0.8423525746848023,4089,GPD,tail,21.39793168391183,0.090625,Puntarenas_OTROS_Hidrometereológico
-0.07772891449055289,0.8423525746848023,4090,GPD,tail,21.39793168391183,0.090625,Puntarenas_OTROS_Hidrometereológico
-0.07772891449055289,0.8423525746848023,4091,GPD,tail,21.39793168391183,0.090625,Puntarenas_OTROS_Hidrometereológico
-0.07772891449055289,0.8423525746848023,4092,GPD,tail,21.39793168391183,0.090625,Puntarenas_OTROS_Hidrometereológico
-0.07772891449055289,0.8423525746848023,4093,GPD,tail,21.39793168391183,0.090625,Puntarenas_OTROS_Hidrometereológico
-0.07772891449055289,0.8423525746848023,4094,GPD,tail,21.39793168391183,0.090625,Puntarenas_OTROS_Hidrometereológico
-0.07772891449055289,0.8423525746848023,4095,GPD,tail,21.39793168391183,0.090625,Puntarenas_OTROS_Hidrometereológico
-0.07772891449055289,0.8423525746848023,4096,GPD,tail,21.39793168391183,0.090625,Puntarenas_OTROS_Hidrometereológico
-0.07772891449055289,0.8423525746848023,4097,GPD,tail,21.39793168391183,0.090625,Puntarenas_OTROS_Hidrometereológico
-0.07772891449055289,0.8423525746848023,4098,GPD,tail,21.39793168391183,0.090625,Puntarenas_OTROS_Hidrometereológico
-0.07772891449055289,0.8423525746848023,4099,GPD,tail,21.39793168391183,0.090625,Puntarenas_OTROS_Hidrometereológico
-0.07772891449055289,0.8423525746848023,4100,GPD,tail,21.39793168391183,0.090625,Puntarenas_OTROS_Hidrometereológico
-0.07772891449055289,0.8423525746848023,4101,GPD,tail,21.39793168391183,0.090625,Puntarenas_OTROS_Hidrometereológico
-0.07772891449055289,0.8423525746848023,4102,GPD,tail,21.39793168391183,0.090625,Puntarenas_OTROS_Hidrometereológico
-0.07772891449055289,0.8423525746848023,4103,GPD,tail,21.39793168391183,0.090625,Puntarenas_OTROS_Hidrometereológico
-0.07772891449055289,0.8423525746848023,4104,GPD,tail,21.39793168391183,0.090625,Puntarenas_OTROS_Hidrometereológico
-0.07772891449055289,0.8423525746848023,4105,GPD,tail,21.39793168391183,0.090625,Puntarenas_OTROS_Hidrometereológico
-0.07772891449055289,0.8423525746848023,4106,GPD,tail,21.39793168391183,0.090625,Puntarenas_OTROS_Hidrometereológico
-0.07772891449055289,0.8423525746848023,4107,GPD,tail,21.39793168391183,0.090625,Puntarenas_OTROS_Hidrometereológico
-0.07772891449055289,0.8423525746848023,4108,GPD,tail,21.39793168391183,0.090625,Puntarenas_OTROS_Hidrometereológico
-0.07772891449055289,0.8423525746848023,4109,GPD,tail,21.39793168391183,0.090625,Puntarenas_OTROS_Hidrometereológico
-0.07772891449055289,0.8423525746848023,4110,GPD,tail,21.39793168391183,0.090625,Puntarenas_OTROS_Hidrometereológico
-0.07772891449055289,0.8423525746848023,4111,GPD,tail,21.39793168391183,0.090625,Puntarenas_OTROS_Hidrometereológico
-0.07772891449055289,0.8423525746848023,4112,GPD,tail,21.39793168391183,0.090625,Puntarenas_OTROS_Hidrometereológico
-0.07772891449055289,0.8423525746848023,4113,GPD,tail,21.39793168391183,0.090625,Puntarenas_OTROS_Hidrometereológico
-0.07772891449055289,0.8423525746848023,4114,GPD,tail,21.39793168391183,0.090625,Puntarenas_OTROS_Hidrometereológico
-0.07772891449055289,0.8423525746848023,4115,GPD,tail,21.39793168391183,0.090625,Puntarenas_OTROS_Hidrometereológico
-0.07772891449055289,0.8423525746848023,4116,GPD,tail,21.39793168391183,0.090625,Puntarenas_OTROS_Hidrometereológico
-0.07772891449055289,0.8423525746848023,4117,GPD,tail,21.39793168391183,0.090625,Puntarenas_OTROS_Hidrometereológico
-0.07772891449055289,0.8423525746848023,4118,GPD,tail,21.39793168391183,0.090625,Puntarenas_OTROS_Hidrometereológico
-0.07772891449055289,0.8423525746848023,4119,GPD,tail,21.39793168391183,0.090625,Puntarenas_OTROS_Hidrometereológico
-0.07772891449055289,0.8423525746848023,4120,GPD,tail,21.39793168391183,0.090625,Puntarenas_OTROS_Hidrometereológico
-0.07772891449055289,0.8423525746848023,4121,GPD,tail,21.39793168391183,0.090625,Puntarenas_OTROS_Hidrometereológico
-0.07772891449055289,0.8423525746848023,4122,GPD,tail,21.39793168391183,0.090625,Puntarenas_OTROS_Hidrometereológico
-0.07772891449055289,0.8423525746848023,4123,GPD,tail,21.39793168391183,0.090625,Puntarenas_OTROS_Hidrometereológico
-0.07772891449055289,0.8423525746848023,4124,GPD,tail,21.39793168391183,0.090625,Puntarenas_OTROS_Hidrometereológico
-0.07772891449055289,0.8423525746848023,4125,GPD,tail,21.39793168391183,0.090625,Puntarenas_OTROS_Hidrometereológico
-0.07772891449055289,0.8423525746848023,4126,GPD,tail,21.39793168391183,0.090625,Puntarenas_OTROS_Hidrometereológico
-0.07772891449055289,0.8423525746848023,4127,GPD,tail,21.39793168391183,0.090625,Puntarenas_OTROS_Hidrometereológico
-0.07772891449055289,0.8423525746848023,4128,GPD,tail,21.39793168391183,0.090625,Puntarenas_OTROS_Hidrometereológico
-0.07772891449055289,0.8423525746848023,4129,GPD,tail,21.39793168391183,0.090625,Puntarenas_OTROS_Hidrometereológico
-0.07772891449055289,0.8423525746848023,4130,GPD,tail,21.39793168391183,0.090625,Puntarenas_OTROS_Hidrometereológico
-0.07772891449055289,0.8423525746848023,4131,GPD,tail,21.39793168391183,0.090625,Puntarenas_OTROS_Hidrometereológico
-0.07772891449055289,0.8423525746848023,4132,GPD,tail,21.39793168391183,0.090625,Puntarenas_OTROS_Hidrometereológico
-0.07772891449055289,0.8423525746848023,4133,GPD,tail,21.39793168391183,0.090625,Puntarenas_OTROS_Hidrometereológico
-0.07772891449055289,0.8423525746848023,4134,GPD,tail,21.39793168391183,0.090625,Puntarenas_OTROS_Hidrometereológico
-0.07772891449055289,0.8423525746848023,4135,GPD,tail,21.39793168391183,0.090625,Puntarenas_OTROS_Hidrometereológico
-0.07772891449055289,0.8423525746848023,4136,GPD,tail,21.39793168391183,0.090625,Puntarenas_OTROS_Hidrometereológico
-0.07772891449055289,0.8423525746848023,4137,GPD,tail,21.39793168391183,0.090625,Puntarenas_OTROS_Hidrometereológico
-0.07772891449055289,0.8423525746848023,4138,GPD,tail,21.39793168391183,0.090625,Puntarenas_OTROS_Hidrometereológico
-0.07772891449055289,0.8423525746848023,4139,GPD,tail,21.39793168391183,0.090625,Puntarenas_OTROS_Hidrometereológico
-0.07772891449055289,0.8423525746848023,4140,GPD,tail,21.39793168391183,0.090625,Puntarenas_OTROS_Hidrometereológico
-0.07772891449055289,0.8423525746848023,4141,GPD,tail,21.39793168391183,0.090625,Puntarenas_OTROS_Hidrometereológico
-0.07772891449055289,0.8423525746848023,4142,GPD,tail,21.39793168391183,0.090625,Puntarenas_OTROS_Hidrometereológico
-0.07772891449055289,0.8423525746848023,4143,GPD,tail,21.39793168391183,0.090625,Puntarenas_OTROS_Hidrometereológico
-0.07772891449055289,0.8423525746848023,4144,GPD,tail,21.39793168391183,0.090625,Puntarenas_OTROS_Hidrometereológico
-0.07772891449055289,0.8423525746848023,4145,GPD,tail,21.39793168391183,0.090625,Puntarenas_OTROS_Hidrometereológico
-0.07772891449055289,0.8423525746848023,4146,GPD,tail,21.39793168391183,0.090625,Puntarenas_OTROS_Hidrometereológico
-0.160149260001184,0.9612391158044667,4147,GPD,tail,21.39793168391183,0.090625,Puntarenas_OTROS_Hidrometereológico
-0.12509638029646142,0.9851254225043382,4148,GPD,tail,21.39793168391183,0.090625,Puntarenas_OTROS_Hidrometereológico
-0.12509638029646142,0.9851254225043382,4149,GPD,tail,21.39793168391183,0.090625,Puntarenas_OTROS_Hidrometereológico
-0.12509638029646142,0.9851254225043382,4150,GPD,tail,21.39793168391183,0.090625,Puntarenas_OTROS_Hidrometereológico
-0.09673709911557282,0.9378693947766317,4151,GPD,tail,21.39793168391183,0.090625,Puntarenas_OTROS_Hidrometereológico
-0.09673709911557282,0.9378693947766317,4152,GPD,tail,21.39793168391183,0.090625,Puntarenas_OTROS_Hidrometereológico
-0.09673709911557282,0.9378693947766317,4153,GPD,tail,21.39793168391183,0.090625,Puntarenas_OTROS_Hidrometereológico
-0.09673709911557282,0.9378693947766317,4154,GPD,tail,21.39793168391183,0.090625,Puntarenas_OTROS_Hidrometereológico
-0.09673709911557282,0.9378693947766317,4155,GPD,tail,21.39793168391183,0.090625,Puntarenas_OTROS_Hidrometereológico
-0.01834507459482916,0.8274530729343592,4156,GPD,tail,21.39793168391183,0.090625,Puntarenas_OTROS_Hidrometereológico
-0.01834507459482916,0.8274530729343592,4157,GPD,tail,21.39793168391183,0.090625,Puntarenas_OTROS_Hidrometereológico
-0.01834507459482916,0.8274530729343592,4158,GPD,tail,21.39793168391183,0.090625,Puntarenas_OTROS_Hidrometereológico
-0.01834507459482916,0.8274530729343592,4159,GPD,tail,21.39793168391183,0.090625,Puntarenas_OTROS_Hidrometereológico
-0.01834507459482916,0.8274530729343592,4160,GPD,tail,21.39793168391183,0.090625,Puntarenas_OTROS_Hidrometereológico
-0.01834507459482916,0.8274530729343592,4161,GPD,tail,21.39793168391183,0.090625,Puntarenas_OTROS_Hidrometereológico
-0.01834507459482916,0.8274530729343592,4162,GPD,tail,21.39793168391183,0.090625,Puntarenas_OTROS_Hidrometereológico
-0.01834507459482916,0.8274530729343592,4163,GPD,tail,21.39793168391183,0.090625,Puntarenas_OTROS_Hidrometereológico
-0.01834507459482916,0.8274530729343592,4164,GPD,tail,21.39793168391183,0.090625,Puntarenas_OTROS_Hidrometereológico
-0.01834507459482916,0.8274530729343592,4165,GPD,tail,21.39793168391183,0.090625,Puntarenas_OTROS_Hidrometereológico
-0.01834507459482916,0.8274530729343592,4166,GPD,tail,21.39793168391183,0.090625,Puntarenas_OTROS_Hidrometereológico
-0.01834507459482916,0.8274530729343592,4167,GPD,tail,21.39793168391183,0.090625,Puntarenas_OTROS_Hidrometereológico
-0.01834507459482916,0.8274530729343592,4168,GPD,tail,21.39793168391183,0.090625,Puntarenas_OTROS_Hidrometereológico
-0.01834507459482916,0.8274530729343592,4169,GPD,tail,21.39793168391183,0.090625,Puntarenas_OTROS_Hidrometereológico
-0.01834507459482916,0.8274530729343592,4170,GPD,tail,21.39793168391183,0.090625,Puntarenas_OTROS_Hidrometereológico
-0.01834507459482916,0.8274530729343592,4171,GPD,tail,21.39793168391183,0.090625,Puntarenas_OTROS_Hidrometereológico
-0.01834507459482916,0.8274530729343592,4172,GPD,tail,21.39793168391183,0.090625,Puntarenas_OTROS_Hidrometereológico
-0.01834507459482916,0.8274530729343592,4173,GPD,tail,21.39793168391183,0.090625,Puntarenas_OTROS_Hidrometereológico
-0.01834507459482916,0.8274530729343592,4174,GPD,tail,21.39793168391183,0.090625,Puntarenas_OTROS_Hidrometereológico
-0.01834507459482916,0.8274530729343592,4175,GPD,tail,21.39793168391183,0.090625,Puntarenas_OTROS_Hidrometereológico
0.00937319118100419,0.7192714020311691,4176,GPD,tail,21.39793168391183,0.090625,Puntarenas_OTROS_Hidrometereológico
0.00937319118100419,0.7192714020311691,4177,GPD,tail,21.39793168391183,0.090625,Puntarenas_OTROS_Hidrometereológico
0.00937319118100419,0.7192714020311691,4178,GPD,tail,21.39793168391183,0.090625,Puntarenas_OTROS_Hidrometereológico
0.02577264486123266,0.8728823123025189,4179,GPD,tail,21.39793168391183,0.090625,Puntarenas_OTROS_Hidrometereológico
0.02577264486123266,0.8728823123025189,4180,GPD,tail,21.39793168391183,0.090625,Puntarenas_OTROS_Hidrometereológico
0.02577264486123266,0.8728823123025189,4181,GPD,tail,21.39793168391183,0.090625,Puntarenas_OTROS_Hidrometereológico
0.02577264486123266,0.8728823123025189,4182,GPD,tail,21.39793168391183,0.090625,Puntarenas_OTROS_Hidrometereológico
0.02577264486123266,0.8728823123025189,4183,GPD,tail,21.39793168391183,0.090625,Puntarenas_OTROS_Hidrometereológico
0.02577264486123266,0.8728823123025189,4184,GPD,tail,21.39793168391183,0.090625,Puntarenas_OTROS_Hidrometereológico
0.02577264486123266,0.8728823123025189,4185,GPD,tail,21.39793168391183,0.090625,Puntarenas_OTROS_Hidrometereológico
0.02577264486123266,0.8728823123025189,4186,GPD,tail,21.39793168391183,0.090625,Puntarenas_OTROS_Hidrometereológico
0.02577264486123266,0.8728823123025189,4187,GPD,tail,21.39793168391183,0.090625,Puntarenas_OTROS_Hidrometereológico
0.02577264486123266,0.8728823123025189,4188,GPD,tail,21.39793168391183,0.090625,Puntarenas_OTROS_Hidrometereológico
0.02577264486123266,0.8728823123025189,4189,GPD,tail,21.39793168391183,0.090625,Puntarenas_OTROS_Hidrometereológico
0.02577264486123266,0.8728823123025189,4190,GPD,tail,21.39793168391183,0.090625,Puntarenas_OTROS_Hidrometereológico
-0.0696928712898435,0.715763750072204,4191,GPD,tail,21.39793168391183,0.090625,Puntarenas_OTROS_Hidrometereológico
-0.0696928712898435,0.715763750072204,4192,GPD,tail,21.39793168391183,0.090625,Puntarenas_OTROS_Hidrometereológico
-0.0696928712898435,0.715763750072204,4193,GPD,tail,21.39793168391183,0.090625,Puntarenas_OTROS_Hidrometereológico
-0.0696928712898435,0.715763750072204,4194,GPD,tail,21.39793168391183,0.090625,Puntarenas_OTROS_Hidrometereológico
-0.0696928712898435,0.715763750072204,4195,GPD,tail,21.39793168391183,0.090625,Puntarenas_OTROS_Hidrometereológico
-0.0696928712898435,0.715763750072204,4196,GPD,tail,21.39793168391183,0.090625,Puntarenas_OTROS_Hidrometereológico
-0.0696928712898435,0.715763750072204,4197,GPD,tail,21.39793168391183,0.090625,Puntarenas_OTROS_Hidrometereológico
-0.0696928712898435,0.715763750072204,4198,GPD,tail,21.39793168391183,0.090625,Puntarenas_OTROS_Hidrometereológico
-0.011931389082899271,0.952340514930832,4199,GPD,tail,21.39793168391183,0.090625,Puntarenas_OTROS_Hidrometereológico
-0.17590656123278253,0.9741307835005233,4200,GPD,tail,21.39793168391183,0.090625,Puntarenas_OTROS_Hidrometereológico
-0.17590656123278253,0.9741307835005233,4201,GPD,tail,21.39793168391183,0.090625,Puntarenas_OTROS_Hidrometereológico
-0.17590656123278253,0.9741307835005233,4202,GPD,tail,21.39793168391183,0.090625,Puntarenas_OTROS_Hidrometereológico
-0.17590656123278253,0.9741307835005233,4203,GPD,tail,21.39793168391183,0.090625,Puntarenas_OTROS_Hidrometereológico
-0.17590656123278253,0.9741307835005233,4204,GPD,tail,21.39793168391183,0.090625,Puntarenas_OTROS_Hidrometereológico
-0.17590656123278253,0.9741307835005233,4205,GPD,tail,21.39793168391183,0.090625,Puntarenas_OTROS_Hidrometereológico
-0.17590656123278253,0.9741307835005233,4206,GPD,tail,21.39793168391183,0.090625,Puntarenas_OTROS_Hidrometereológico
-0.17590656123278253,0.9741307835005233,4207,GPD,tail,21.39793168391183,0.090625,Puntarenas_OTROS_Hidrometereológico
-0.17590656123278253,0.9741307835005233,4208,GPD,tail,21.39793168391183,0.090625,Puntarenas_OTROS_Hidrometereológico
-0.17590656123278253,0.9741307835005233,4209,GPD,tail,21.39793168391183,0.090625,Puntarenas_OTROS_Hidrometereológico
-0.17590656123278253,0.9741307835005233,4210,GPD,tail,21.39793168391183,0.090625,Puntarenas_OTROS_Hidrometereológico
-0.17590656123278253,0.9741307835005233,4211,GPD,tail,21.39793168391183,0.090625,Puntarenas_OTROS_Hidrometereológico
-0.17590656123278253,0.9741307835005233,4212,GPD,tail,21.39793168391183,0.090625,Puntarenas_OTROS_Hidrometereológico
-0.17590656123278253,0.9741307835005233,4213,GPD,tail,21.39793168391183,0.090625,Puntarenas_OTROS_Hidrometereológico
-0.17590656123278253,0.9741307835005233,4214,GPD,tail,21.39793168391183,0.090625,Puntarenas_OTROS_Hidrometereológico
-0.17590656123278253,0.9741307835005233,4215,GPD,tail,21.39793168391183,0.090625,Puntarenas_OTROS_Hidrometereológico
-0.17590656123278253,0.9741307835005233,4216,GPD,tail,21.39793168391183,0.090625,Puntarenas_OTROS_Hidrometereológico
-0.17590656123278253,0.9741307835005233,4217,GPD,tail,21.39793168391183,0.090625,Puntarenas_OTROS_Hidrometereológico
-0.11043553509314029,0.8382693481277199,4218,GPD,tail,21.39793168391183,0.090625,Puntarenas_OTROS_Hidrometereológico
-0.11043553509314029,0.8382693481277199,4219,GPD,tail,21.39793168391183,0.090625,Puntarenas_OTROS_Hidrometereológico
-0.11043553509314029,0.8382693481277199,4220,GPD,tail,21.39793168391183,0.090625,Puntarenas_OTROS_Hidrometereológico
-0.11043553509314029,0.8382693481277199,4221,GPD,tail,21.39793168391183,0.090625,Puntarenas_OTROS_Hidrometereológico
-0.11043553509314029,0.8382693481277199,4222,GPD,tail,21.39793168391183,0.090625,Puntarenas_OTROS_Hidrometereológico
-0.11043553509314029,0.8382693481277199,4223,GPD,tail,21.39793168391183,0.090625,Puntarenas_OTROS_Hidrometereológico
-0.11043553509314029,0.8382693481277199,4224,GPD,tail,21.39793168391183,0.090625,Puntarenas_OTROS_Hidrometereológico
-0.11043553509314029,0.8382693481277199,4225,GPD,tail,21.39793168391183,0.090625,Puntarenas_OTROS_Hidrometereológico
-0.11043553509314029,0.8382693481277199,4226,GPD,tail,21.39793168391183,0.090625,Puntarenas_OTROS_Hidrometereológico
-0.11043553509314029,0.8382693481277199,4227,GPD,tail,21.39793168391183,0.090625,Puntarenas_OTROS_Hidrometereológico
-0.09398377902490211,0.8603327307207873,4228,GPD,tail,21.39793168391183,0.090625,Puntarenas_OTROS_Hidrometereológico
-0.09398377902490211,0.8603327307207873,4229,GPD,tail,21.39793168391183,0.090625,Puntarenas_OTROS_Hidrometereológico
-0.09398377902490211,0.8603327307207873,4230,GPD,tail,21.39793168391183,0.090625,Puntarenas_OTROS_Hidrometereológico
-0.04873076072825722,0.9865530413783916,4231,GPD,tail,21.39793168391183,0.090625,Puntarenas_OTROS_Hidrometereológico
-0.04873076072825722,0.9865530413783916,4232,GPD,tail,21.39793168391183,0.090625,Puntarenas_OTROS_Hidrometereológico
-0.07907731547335284,0.9846309458014175,4233,GPD,tail,21.39793168391183,0.090625,Puntarenas_OTROS_Hidrometereológico
-0.07907731547335284,0.9846309458014175,4234,GPD,tail,21.39793168391183,0.090625,Puntarenas_OTROS_Hidrometereológico
-0.07907731547335284,0.9846309458014175,4235,GPD,tail,21.39793168391183,0.090625,Puntarenas_OTROS_Hidrometereológico
-0.07907731547335284,0.9846309458014175,4236,GPD,tail,21.39793168391183,0.090625,Puntarenas_OTROS_Hidrometereológico
-0.07907731547335284,0.9846309458014175,4237,GPD,tail,21.39793168391183,0.090625,Puntarenas_OTROS_Hidrometereológico
-0.07907731547335284,0.9846309458014175,4238,GPD,tail,21.39793168391183,0.090625,Puntarenas_OTROS_Hidrometereológico
-0.07907731547335284,0.9846309458014175,4239,GPD,tail,21.39793168391183,0.090625,Puntarenas_OTROS_Hidrometereológico
-0.07907731547335284,0.9846309458014175,4240,GPD,tail,21.39793168391183,0.090625,Puntarenas_OTROS_Hidrometereológico
-0.07907731547335284,0.9846309458014175,4241,GPD,tail,21.39793168391183,0.090625,Puntarenas_OTROS_Hidrometereológico
-0.07907731547335284,0.9846309458014175,4242,GPD,tail,21.39793168391183,0.090625,Puntarenas_OTROS_Hidrometereológico
0.025598804475329612,0.8012283930673614,4243,GPD,tail,21.39793168391183,0.090625,Puntarenas_OTROS_Hidrometereológico
0.025598804475329612,0.8012283930673614,4244,GPD,tail,21.39793168391183,0.090625,Puntarenas_OTROS_Hidrometereológico
0.025598804475329612,0.8012283930673614,4245,GPD,tail,21.39793168391183,0.090625,Puntarenas_OTROS_Hidrometereológico
0.025598804475329612,0.8012283930673614,4246,GPD,tail,21.39793168391183,0.090625,Puntarenas_OTROS_Hidrometereológico
0.025598804475329612,0.8012283930673614,4247,GPD,tail,21.39793168391183,0.090625,Puntarenas_OTROS_Hidrometereológico
0.025598804475329612,0.8012283930673614,4248,GPD,tail,21.39793168391183,0.090625,Puntarenas_OTROS_Hidrometereológico
0.025598804475329612,0.8012283930673614,4249,GPD,tail,21.39793168391183,0.090625,Puntarenas_OTROS_Hidrometereológico
0.025598804475329612,0.8012283930673614,4250,GPD,tail,21.39793168391183,0.090625,Puntarenas_OTROS_Hidrometereológico
0.025598804475329612,0.8012283930673614,4251,GPD,tail,21.39793168391183,0.090625,Puntarenas_OTROS_Hidrometereológico
0.025598804475329612,0.8012283930673614,4252,GPD,tail,21.39793168391183,0.090625,Puntarenas_OTROS_Hidrometereológico
0.025598804475329612,0.8012283930673614,4253,GPD,tail,21.39793168391183,0.090625,Puntarenas_OTROS_Hidrometereológico
0.025598804475329612,0.8012283930673614,4254,GPD,tail,21.39793168391183,0.090625,Puntarenas_OTROS_Hidrometereológico
0.025598804475329612,0.8012283930673614,4255,GPD,tail,21.39793168391183,0.090625,Puntarenas_OTROS_Hidrometereológico
0.025598804475329612,0.8012283930673614,4256,GPD,tail,21.39793168391183,0.090625,Puntarenas_OTROS_Hidrometereológico
0.025598804475329612,0.8012283930673614,4257,GPD,tail,21.39793168391183,0.090625,Puntarenas_OTROS_Hidrometereológico
0.025598804475329612,0.8012283930673614,4258,GPD,tail,21.39793168391183,0.090625,Puntarenas_OTROS_Hidrometereológico
0.025598804475329612,0.8012283930673614,4259,GPD,tail,21.39793168391183,0.090625,Puntarenas_OTROS_Hidrometereológico
0.025598804475329612,0.8012283930673614,4260,GPD,tail,21.39793168391183,0.090625,Puntarenas_OTROS_Hidrometereológico
0.025598804475329612,0.8012283930673614,4261,GPD,tail,21.39793168391183,0.090625,Puntarenas_OTROS_Hidrometereológico
0.025598804475329612,0.8012283930673614,4262,GPD,tail,21.39793168391183,0.090625,Puntarenas_OTROS_Hidrometereológico
0.025598804475329612,0.8012283930673614,4263,GPD,tail,21.39793168391183,0.090625,Puntarenas_OTROS_Hidrometereológico
0.025598804475329612,0.8012283930673614,4264,GPD,tail,21.39793168391183,0.090625,Puntarenas_OTROS_Hidrometereológico
0.025598804475329612,0.8012283930673614,4265,GPD,tail,21.39793168391183,0.090625,Puntarenas_OTROS_Hidrometereológico
0.025598804475329612,0.8012283930673614,4266,GPD,tail,21.39793168391183,0.090625,Puntarenas_OTROS_Hidrometereológico
0.025598804475329612,0.8012283930673614,4267,GPD,tail,21.39793168391183,0.090625,Puntarenas_OTROS_Hidrometereológico
0.025598804475329612,0.8012283930673614,4268,GPD,tail,21.39793168391183,0.090625,Puntarenas_OTROS_Hidrometereológico
0.025598804475329612,0.8012283930673614,4269,GPD,tail,21.39793168391183,0.090625,Puntarenas_OTROS_Hidrometereológico
0.025598804475329612,0.8012283930673614,4270,GPD,tail,21.39793168391183,0.090625,Puntarenas_OTROS_Hidrometereológico
0.025598804475329612,0.8012283930673614,4271,GPD,tail,21.39793168391183,0.090625,Puntarenas_OTROS_Hidrometereológico
0.025598804475329612,0.8012283930673614,4272,GPD,tail,21.39793168391183,0.090625,Puntarenas_OTROS_Hidrometereológico
0.013736506377880186,0.8297236912614405,4273,GPD,tail,21.39793168391183,0.090625,Puntarenas_OTROS_Hidrometereológico
0.013736506377880186,0.8297236912614405,4274,GPD,tail,21.39793168391183,0.090625,Puntarenas_OTROS_Hidrometereológico
0.013736506377880186,0.8297236912614405,4275,GPD,tail,21.39793168391183,0.090625,Puntarenas_OTROS_Hidrometereológico
0.013736506377880186,0.8297236912614405,4276,GPD,tail,21.39793168391183,0.090625,Puntarenas_OTROS_Hidrometereológico
0.013736506377880186,0.8297236912614405,4277,GPD,tail,21.39793168391183,0.090625,Puntarenas_OTROS_Hidrometereológico
0.013736506377880186,0.8297236912614405,4278,GPD,tail,21.39793168391183,0.090625,Puntarenas_OTROS_Hidrometereológico
0.013736506377880186,0.8297236912614405,4279,GPD,tail,21.39793168391183,0.090625,Puntarenas_OTROS_Hidrometereológico
0.013736506377880186,0.8297236912614405,4280,GPD,tail,21.39793168391183,0.090625,Puntarenas_OTROS_Hidrometereológico
0.013736506377880186,0.8297236912614405,4281,GPD,tail,21.39793168391183,0.090625,Puntarenas_OTROS_Hidrometereológico
0.013736506377880186,0.8297236912614405,4282,GPD,tail,21.39793168391183,0.090625,Puntarenas_OTROS_Hidrometereológico
0.013736506377880186,0.8297236912614405,4283,GPD,tail,21.39793168391183,0.090625,Puntarenas_OTROS_Hidrometereológico
0.013736506377880186,0.8297236912614405,4284,GPD,tail,21.39793168391183,0.090625,Puntarenas_OTROS_Hidrometereológico
0.013736506377880186,0.8297236912614405,4285,GPD,tail,21.39793168391183,0.090625,Puntarenas_OTROS_Hidrometereológico
0.013736506377880186,0.8297236912614405,4286,GPD,tail,21.39793168391183,0.090625,Puntarenas_OTROS_Hidrometereológico
0.013736506377880186,0.8297236912614405,4287,GPD,tail,21.39793168391183,0.090625,Puntarenas_OTROS_Hidrometereológico
0.013736506377880186,0.8297236912614405,4288,GPD,tail,21.39793168391183,0.090625,Puntarenas_OTROS_Hidrometereológico
0.013736506377880186,0.8297236912614405,4289,GPD,tail,21.39793168391183,0.090625,Puntarenas_OTROS_Hidrometereológico
0.013736506377880186,0.8297236912614405,4290,GPD,tail,21.39793168391183,0.090625,Puntarenas_OTROS_Hidrometereológico
0.013736506377880186,0.8297236912614405,4291,GPD,tail,21.39793168391183,0.090625,Puntarenas_OTROS_Hidrometereológico
0.013736506377880186,0.8297236912614405,4292,GPD,tail,21.39793168391183,0.090625,Puntarenas_OTROS_Hidrometereológico
0.013736506377880186,0.8297236912614405,4293,GPD,tail,21.39793168391183,0.090625,Puntarenas_OTROS_Hidrometereológico
0.013736506377880186,0.8297236912614405,4294,GPD,tail,21.39793168391183,0.090625,Puntarenas_OTROS_Hidrometereológico
0.013736506377880186,0.8297236912614405,4295,GPD,tail,21.39793168391183,0.090625,Puntarenas_OTROS_Hidrometereológico
-0.10450457558842619,1.0016954518333758,4296,GPD,tail,21.39793168391183,0.090625,Puntarenas_OTROS_Hidrometereológico
-0.10450457558842619,1.0016954518333758,4297,GPD,tail,21.39793168391183,0.090625,Puntarenas_OTROS_Hidrometereológico
-0.10450457558842619,1.0016954518333758,4298,GPD,tail,21.39793168391183,0.090625,Puntarenas_OTROS_Hidrometereológico
-0.10450457558842619,1.0016954518333758,4299,GPD,tail,21.39793168391183,0.090625,Puntarenas_OTROS_Hidrometereológico
-0.10450457558842619,1.0016954518333758,4300,GPD,tail,21.39793168391183,0.090625,Puntarenas_OTROS_Hidrometereológico
-0.10450457558842619,1.0016954518333758,4301,GPD,tail,21.39793168391183,0.090625,Puntarenas_OTROS_Hidrometereológico
-0.10450457558842619,1.0016954518333758,4302,GPD,tail,21.39793168391183,0.090625,Puntarenas_OTROS_Hidrometereológico
-0.10450457558842619,1.0016954518333758,4303,GPD,tail,21.39793168391183,0.090625,Puntarenas_OTROS_Hidrometereológico
-0.10450457558842619,1.0016954518333758,4304,GPD,tail,21.39793168391183,0.090625,Puntarenas_OTROS_Hidrometereológico
-0.10450457558842619,1.0016954518333758,4305,GPD,tail,21.39793168391183,0.090625,Puntarenas_OTROS_Hidrometereológico
-0.10450457558842619,1.0016954518333758,4306,GPD,tail,21.39793168391183,0.090625,Puntarenas_OTROS_Hidrometereológico
-0.10450457558842619,1.0016954518333758,4307,GPD,tail,21.39793168391183,0.090625,Puntarenas_OTROS_Hidrometereológico
-0.10450457558842619,1.0016954518333758,4308,GPD,tail,21.39793168391183,0.090625,Puntarenas_OTROS_Hidrometereológico
-0.03765714721340731,0.8589367031337876,4309,GPD,tail,21.39793168391183,0.090625,Puntarenas_OTROS_Hidrometereológico
-0.03765714721340731,0.8589367031337876,4310,GPD,tail,21.39793168391183,0.090625,Puntarenas_OTROS_Hidrometereológico
-0.03765714721340731,0.8589367031337876,4311,GPD,tail,21.39793168391183,0.090625,Puntarenas_OTROS_Hidrometereológico
-0.03765714721340731,0.8589367031337876,4312,GPD,tail,21.39793168391183,0.090625,Puntarenas_OTROS_Hidrometereológico
-0.03765714721340731,0.8589367031337876,4313,GPD,tail,21.39793168391183,0.090625,Puntarenas_OTROS_Hidrometereológico
-0.03765714721340731,0.8589367031337876,4314,GPD,tail,21.39793168391183,0.090625,Puntarenas_OTROS_Hidrometereológico
-0.03765714721340731,0.8589367031337876,4315,GPD,tail,21.39793168391183,0.090625,Puntarenas_OTROS_Hidrometereológico
-0.03765714721340731,0.8589367031337876,4316,GPD,tail,21.39793168391183,0.090625,Puntarenas_OTROS_Hidrometereológico
-0.03765714721340731,0.8589367031337876,4317,GPD,tail,21.39793168391183,0.090625,Puntarenas_OTROS_Hidrometereológico
-0.03765714721340731,0.8589367031337876,4318,GPD,tail,21.39793168391183,0.090625,Puntarenas_OTROS_Hidrometereológico
-0.03765714721340731,0.8589367031337876,4319,GPD,tail,21.39793168391183,0.090625,Puntarenas_OTROS_Hidrometereológico
-0.03765714721340731,0.8589367031337876,4320,GPD,tail,21.39793168391183,0.090625,Puntarenas_OTROS_Hidrometereológico
-0.03765714721340731,0.8589367031337876,4321,GPD,tail,21.39793168391183,0.090625,Puntarenas_OTROS_Hidrometereológico
-0.1421098734214104,0.951339328727392,4322,GPD,tail,21.39793168391183,0.090625,Puntarenas_OTROS_Hidrometereológico
-0.1421098734214104,0.951339328727392,4323,GPD,tail,21.39793168391183,0.090625,Puntarenas_OTROS_Hidrometereológico
-0.08990122701445886,0.9486867045197352,4324,GPD,tail,21.39793168391183,0.090625,Puntarenas_OTROS_Hidrometereológico
-0.08990122701445886,0.9486867045197352,4325,GPD,tail,21.39793168391183,0.090625,Puntarenas_OTROS_Hidrometereológico
-0.08990122701445886,0.9486867045197352,4326,GPD,tail,21.39793168391183,0.090625,Puntarenas_OTROS_Hidrometereológico
-0.02114890339204964,0.67978035607353,4327,GPD,tail,21.39793168391183,0.090625,Puntarenas_OTROS_Hidrometereológico
-0.02114890339204964,0.67978035607353,4328,GPD,tail,21.39793168391183,0.090625,Puntarenas_OTROS_Hidrometereológico
-0.08085191789909338,0.9388433746919986,4329,GPD,tail,21.39793168391183,0.090625,Puntarenas_OTROS_Hidrometereológico
-0.08085191789909338,0.9388433746919986,4330,GPD,tail,21.39793168391183,0.090625,Puntarenas_OTROS_Hidrometereológico
-0.08085191789909338,0.9388433746919986,4331,GPD,tail,21.39793168391183,0.090625,Puntarenas_OTROS_Hidrometereológico
-0.08085191789909338,0.9388433746919986,4332,GPD,tail,21.39793168391183,0.090625,Puntarenas_OTROS_Hidrometereológico
-0.08085191789909338,0.9388433746919986,4333,GPD,tail,21.39793168391183,0.090625,Puntarenas_OTROS_Hidrometereológico
-0.08085191789909338,0.9388433746919986,4334,GPD,tail,21.39793168391183,0.090625,Puntarenas_OTROS_Hidrometereológico
-0.08085191789909338,0.9388433746919986,4335,GPD,tail,21.39793168391183,0.090625,Puntarenas_OTROS_Hidrometereológico
-0.08085191789909338,0.9388433746919986,4336,GPD,tail,21.39793168391183,0.090625,Puntarenas_OTROS_Hidrometereológico
-0.09249283476576665,0.8383052039347623,4337,GPD,tail,21.39793168391183,0.090625,Puntarenas_OTROS_Hidrometereológico
-0.09249283476576665,0.8383052039347623,4338,GPD,tail,21.39793168391183,0.090625,Puntarenas_OTROS_Hidrometereológico
-0.09249283476576665,0.8383052039347623,4339,GPD,tail,21.39793168391183,0.090625,Puntarenas_OTROS_Hidrometereológico
-0.09249283476576665,0.8383052039347623,4340,GPD,tail,21.39793168391183,0.090625,Puntarenas_OTROS_Hidrometereológico
-0.09249283476576665,0.8383052039347623,4341,GPD,tail,21.39793168391183,0.090625,Puntarenas_OTROS_Hidrometereológico
-0.09249283476576665,0.8383052039347623,4342,GPD,tail,21.39793168391183,0.090625,Puntarenas_OTROS_Hidrometereológico
-0.09249283476576665,0.8383052039347623,4343,GPD,tail,21.39793168391183,0.090625,Puntarenas_OTROS_Hidrometereológico
-0.09249283476576665,0.8383052039347623,4344,GPD,tail,21.39793168391183,0.090625,Puntarenas_OTROS_Hidrometereológico
-0.09249283476576665,0.8383052039347623,4345,GPD,tail,21.39793168391183,0.090625,Puntarenas_OTROS_Hidrometereológico
-0.09249283476576665,0.8383052039347623,4346,GPD,tail,21.39793168391183,0.090625,Puntarenas_OTROS_Hidrometereológico
-0.09249283476576665,0.8383052039347623,4347,GPD,tail,21.39793168391183,0.090625,Puntarenas_OTROS_Hidrometereológico
-0.09249283476576665,0.8383052039347623,4348,GPD,tail,21.39793168391183,0.090625,Puntarenas_OTROS_Hidrometereológico
-0.09249283476576665,0.8383052039347623,4349,GPD,tail,21.39793168391183,0.090625,Puntarenas_OTROS_Hidrometereológico
-0.09249283476576665,0.8383052039347623,4350,GPD,tail,21.39793168391183,0.090625,Puntarenas_OTROS_Hidrometereológico
-0.09249283476576665,0.8383052039347623,4351,GPD,tail,21.39793168391183,0.090625,Puntarenas_OTROS_Hidrometereológico
-0.09249283476576665,0.8383052039347623,4352,GPD,tail,21.39793168391183,0.090625,Puntarenas_OTROS_Hidrometereológico
-0.09249283476576665,0.8383052039347623,4353,GPD,tail,21.39793168391183,0.090625,Puntarenas_OTROS_Hidrometereológico
-0.09249283476576665,0.8383052039347623,4354,GPD,tail,21.39793168391183,0.090625,Puntarenas_OTROS_Hidrometereológico
-0.09249283476576665,0.8383052039347623,4355,GPD,tail,21.39793168391183,0.090625,Puntarenas_OTROS_Hidrometereológico
-0.09249283476576665,0.8383052039347623,4356,GPD,tail,21.39793168391183,0.090625,Puntarenas_OTROS_Hidrometereológico
-0.09249283476576665,0.8383052039347623,4357,GPD,tail,21.39793168391183,0.090625,Puntarenas_OTROS_Hidrometereológico
-0.1015858687627745,0.8919138107404465,4358,GPD,tail,21.39793168391183,0.090625,Puntarenas_OTROS_Hidrometereológico
-0.1015858687627745,0.8919138107404465,4359,GPD,tail,21.39793168391183,0.090625,Puntarenas_OTROS_Hidrometereológico
-0.1015858687627745,0.8919138107404465,4360,GPD,tail,21.39793168391183,0.090625,Puntarenas_OTROS_Hidrometereológico
-0.1015858687627745,0.8919138107404465,4361,GPD,tail,21.39793168391183,0.090625,Puntarenas_OTROS_Hidrometereológico
-0.1015858687627745,0.8919138107404465,4362,GPD,tail,21.39793168391183,0.090625,Puntarenas_OTROS_Hidrometereológico
-0.1015858687627745,0.8919138107404465,4363,GPD,tail,21.39793168391183,0.090625,Puntarenas_OTROS_Hidrometereológico
-0.1015858687627745,0.8919138107404465,4364,GPD,tail,21.39793168391183,0.090625,Puntarenas_OTROS_Hidrometereológico
-0.1015858687627745,0.8919138107404465,4365,GPD,tail,21.39793168391183,0.090625,Puntarenas_OTROS_Hidrometereológico
-0.1015858687627745,0.8919138107404465,4366,GPD,tail,21.39793168391183,0.090625,Puntarenas_OTROS_Hidrometereológico
-0.1015858687627745,0.8919138107404465,4367,GPD,tail,21.39793168391183,0.090625,Puntarenas_OTROS_Hidrometereológico
-0.1015858687627745,0.8919138107404465,4368,GPD,tail,21.39793168391183,0.090625,Puntarenas_OTROS_Hidrometereológico
-0.1015858687627745,0.8919138107404465,4369,GPD,tail,21.39793168391183,0.090625,Puntarenas_OTROS_Hidrometereológico
-0.1015858687627745,0.8919138107404465,4370,GPD,tail,21.39793168391183,0.090625,Puntarenas_OTROS_Hidrometereológico
-0.1015858687627745,0.8919138107404465,4371,GPD,tail,21.39793168391183,0.090625,Puntarenas_OTROS_Hidrometereológico
-0.1015858687627745,0.8919138107404465,4372,GPD,tail,21.39793168391183,0.090625,Puntarenas_OTROS_Hidrometereológico
-0.03585636818279843,0.9217679389784813,4373,GPD,tail,21.39793168391183,0.090625,Puntarenas_OTROS_Hidrometereológico
-0.03585636818279843,0.9217679389784813,4374,GPD,tail,21.39793168391183,0.090625,Puntarenas_OTROS_Hidrometereológico
-0.03585636818279843,0.9217679389784813,4375,GPD,tail,21.39793168391183,0.090625,Puntarenas_OTROS_Hidrometereológico
-0.03585636818279843,0.9217679389784813,4376,GPD,tail,21.39793168391183,0.090625,Puntarenas_OTROS_Hidrometereológico
-0.06335367482151576,0.8268664945875145,4377,GPD,tail,21.39793168391183,0.090625,Puntarenas_OTROS_Hidrometereológico
-0.06335367482151576,0.8268664945875145,4378,GPD,tail,21.39793168391183,0.090625,Puntarenas_OTROS_Hidrometereológico
-0.06335367482151576,0.8268664945875145,4379,GPD,tail,21.39793168391183,0.090625,Puntarenas_OTROS_Hidrometereológico
-0.06335367482151576,0.8268664945875145,4380,GPD,tail,21.39793168391183,0.090625,Puntarenas_OTROS_Hidrometereológico
-0.06335367482151576,0.8268664945875145,4381,GPD,tail,21.39793168391183,0.090625,Puntarenas_OTROS_Hidrometereológico
-0.06335367482151576,0.8268664945875145,4382,GPD,tail,21.39793168391183,0.090625,Puntarenas_OTROS_Hidrometereológico
-0.06335367482151576,0.8268664945875145,4383,GPD,tail,21.39793168391183,0.090625,Puntarenas_OTROS_Hidrometereológico
-0.06335367482151576,0.8268664945875145,4384,GPD,tail,21.39793168391183,0.090625,Puntarenas_OTROS_Hidrometereológico
-0.04723492940764548,0.8879487630387783,4385,GPD,tail,21.39793168391183,0.090625,Puntarenas_OTROS_Hidrometereológico
-0.04723492940764548,0.8879487630387783,4386,GPD,tail,21.39793168391183,0.090625,Puntarenas_OTROS_Hidrometereológico
-0.06796379905308002,0.9004782201972401,4387,GPD,tail,21.39793168391183,0.090625,Puntarenas_OTROS_Hidrometereológico
-0.06796379905308002,0.9004782201972401,4388,GPD,tail,21.39793168391183,0.090625,Puntarenas_OTROS_Hidrometereológico
-0.06796379905308002,0.9004782201972401,4389,GPD,tail,21.39793168391183,0.090625,Puntarenas_OTROS_Hidrometereológico
-0.06796379905308002,0.9004782201972401,4390,GPD,tail,21.39793168391183,0.090625,Puntarenas_OTROS_Hidrometereológico
-0.0717473328991475,0.9250467580981778,4391,GPD,tail,21.39793168391183,0.090625,Puntarenas_OTROS_Hidrometereológico
-0.0717473328991475,0.9250467580981778,4392,GPD,tail,21.39793168391183,0.090625,Puntarenas_OTROS_Hidrometereológico
-0.0717473328991475,0.9250467580981778,4393,GPD,tail,21.39793168391183,0.090625,Puntarenas_OTROS_Hidrometereológico
-0.10469073941269634,0.954920218662001,4394,GPD,tail,21.39793168391183,0.090625,Puntarenas_OTROS_Hidrometereológico
-0.10469073941269634,0.954920218662001,4395,GPD,tail,21.39793168391183,0.090625,Puntarenas_OTROS_Hidrometereológico
-0.10469073941269634,0.954920218662001,4396,GPD,tail,21.39793168391183,0.090625,Puntarenas_OTROS_Hidrometereológico
-0.10469073941269634,0.954920218662001,4397,GPD,tail,21.39793168391183,0.090625,Puntarenas_OTROS_Hidrometereológico
-0.10469073941269634,0.954920218662001,4398,GPD,tail,21.39793168391183,0.090625,Puntarenas_OTROS_Hidrometereológico
-0.10469073941269634,0.954920218662001,4399,GPD,tail,21.39793168391183,0.090625,Puntarenas_OTROS_Hidrometereológico
-0.10469073941269634,0.954920218662001,4400,GPD,tail,21.39793168391183,0.090625,Puntarenas_OTROS_Hidrometereológico
-0.10469073941269634,0.954920218662001,4401,GPD,tail,21.39793168391183,0.090625,Puntarenas_OTROS_Hidrometereológico
-0.10469073941269634,0.954920218662001,4402,GPD,tail,21.39793168391183,0.090625,Puntarenas_OTROS_Hidrometereológico
-0.10469073941269634,0.954920218662001,4403,GPD,tail,21.39793168391183,0.090625,Puntarenas_OTROS_Hidrometereológico
-0.10469073941269634,0.954920218662001,4404,GPD,tail,21.39793168391183,0.090625,Puntarenas_OTROS_Hidrometereológico
-0.10469073941269634,0.954920218662001,4405,GPD,tail,21.39793168391183,0.090625,Puntarenas_OTROS_Hidrometereológico
-0.10469073941269634,0.954920218662001,4406,GPD,tail,21.39793168391183,0.090625,Puntarenas_OTROS_Hidrometereológico
-0.10469073941269634,0.954920218662001,4407,GPD,tail,21.39793168391183,0.090625,Puntarenas_OTROS_Hidrometereológico
-0.10469073941269634,0.954920218662001,4408,GPD,tail,21.39793168391183,0.090625,Puntarenas_OTROS_Hidrometereológico
-0.10469073941269634,0.954920218662001,4409,GPD,tail,21.39793168391183,0.090625,Puntarenas_OTROS_Hidrometereológico
-0.10305130935978561,0.9709998369861872,4410,GPD,tail,21.39793168391183,0.090625,Puntarenas_OTROS_Hidrometereológico
-0.10305130935978561,0.9709998369861872,4411,GPD,tail,21.39793168391183,0.090625,Puntarenas_OTROS_Hidrometereológico
-0.10305130935978561,0.9709998369861872,4412,GPD,tail,21.39793168391183,0.090625,Puntarenas_OTROS_Hidrometereológico
-0.10305130935978561,0.9709998369861872,4413,GPD,tail,21.39793168391183,0.090625,Puntarenas_OTROS_Hidrometereológico
-0.10305130935978561,0.9709998369861872,4414,GPD,tail,21.39793168391183,0.090625,Puntarenas_OTROS_Hidrometereológico
-0.10305130935978561,0.9709998369861872,4415,GPD,tail,21.39793168391183,0.090625,Puntarenas_OTROS_Hidrometereológico
-0.10305130935978561,0.9709998369861872,4416,GPD,tail,21.39793168391183,0.090625,Puntarenas_OTROS_Hidrometereológico
-0.10305130935978561,0.9709998369861872,4417,GPD,tail,21.39793168391183,0.090625,Puntarenas_OTROS_Hidrometereológico
-0.10305130935978561,0.9709998369861872,4418,GPD,tail,21.39793168391183,0.090625,Puntarenas_OTROS_Hidrometereológico
-0.10305130935978561,0.9709998369861872,4419,GPD,tail,21.39793168391183,0.090625,Puntarenas_OTROS_Hidrometereológico
-0.10305130935978561,0.9709998369861872,4420,GPD,tail,21.39793168391183,0.090625,Puntarenas_OTROS_Hidrometereológico
-0.10305130935978561,0.9709998369861872,4421,GPD,tail,21.39793168391183,0.090625,Puntarenas_OTROS_Hidrometereológico
-0.10305130935978561,0.9709998369861872,4422,GPD,tail,21.39793168391183,0.090625,Puntarenas_OTROS_Hidrometereológico
-0.10305130935978561,0.9709998369861872,4423,GPD,tail,21.39793168391183,0.090625,Puntarenas_OTROS_Hidrometereológico
-0.10305130935978561,0.9709998369861872,4424,GPD,tail,21.39793168391183,0.090625,Puntarenas_OTROS_Hidrometereológico
-0.10305130935978561,0.9709998369861872,4425,GPD,tail,21.39793168391183,0.090625,Puntarenas_OTROS_Hidrometereológico
-0.10305130935978561,0.9709998369861872,4426,GPD,tail,21.39793168391183,0.090625,Puntarenas_OTROS_Hidrometereológico
-0.10305130935978561,0.9709998369861872,4427,GPD,tail,21.39793168391183,0.090625,Puntarenas_OTROS_Hidrometereológico
-0.0998827194045647,0.938325778265269,4428,GPD,tail,21.39793168391183,0.090625,Puntarenas_OTROS_Hidrometereológico
-0.0998827194045647,0.938325778265269,4429,GPD,tail,21.39793168391183,0.090625,Puntarenas_OTROS_Hidrometereológico
-0.08437252256073462,0.8731120471134457,4430,GPD,tail,21.39793168391183,0.090625,Puntarenas_OTROS_Hidrometereológico
-0.08437252256073462,0.8731120471134457,4431,GPD,tail,21.39793168391183,0.090625,Puntarenas_OTROS_Hidrometereológico
-0.03746021716932133,0.8335002808241748,4432,GPD,tail,21.39793168391183,0.090625,Puntarenas_OTROS_Hidrometereológico
-0.03746021716932133,0.8335002808241748,4433,GPD,tail,21.39793168391183,0.090625,Puntarenas_OTROS_Hidrometereológico
-0.03746021716932133,0.8335002808241748,4434,GPD,tail,21.39793168391183,0.090625,Puntarenas_OTROS_Hidrometereológico
-0.03746021716932133,0.8335002808241748,4435,GPD,tail,21.39793168391183,0.090625,Puntarenas_OTROS_Hidrometereológico
-0.03746021716932133,0.8335002808241748,4436,GPD,tail,21.39793168391183,0.090625,Puntarenas_OTROS_Hidrometereológico
-0.03746021716932133,0.8335002808241748,4437,GPD,tail,21.39793168391183,0.090625,Puntarenas_OTROS_Hidrometereológico
-0.03746021716932133,0.8335002808241748,4438,GPD,tail,21.39793168391183,0.090625,Puntarenas_OTROS_Hidrometereológico
-0.03746021716932133,0.8335002808241748,4439,GPD,tail,21.39793168391183,0.090625,Puntarenas_OTROS_Hidrometereológico
-0.03746021716932133,0.8335002808241748,4440,GPD,tail,21.39793168391183,0.090625,Puntarenas_OTROS_Hidrometereológico
-0.03746021716932133,0.8335002808241748,4441,GPD,tail,21.39793168391183,0.090625,Puntarenas_OTROS_Hidrometereológico
-0.03746021716932133,0.8335002808241748,4442,GPD,tail,21.39793168391183,0.090625,Puntarenas_OTROS_Hidrometereológico
-0.03746021716932133,0.8335002808241748,4443,GPD,tail,21.39793168391183,0.090625,Puntarenas_OTROS_Hidrometereológico
-0.03746021716932133,0.8335002808241748,4444,GPD,tail,21.39793168391183,0.090625,Puntarenas_OTROS_Hidrometereológico
-0.03746021716932133,0.8335002808241748,4445,GPD,tail,21.39793168391183,0.090625,Puntarenas_OTROS_Hidrometereológico
-0.03746021716932133,0.8335002808241748,4446,GPD,tail,21.39793168391183,0.090625,Puntarenas_OTROS_Hidrometereológico
-0.03746021716932133,0.8335002808241748,4447,GPD,tail,21.39793168391183,0.090625,Puntarenas_OTROS_Hidrometereológico
-0.03746021716932133,0.8335002808241748,4448,GPD,tail,21.39793168391183,0.090625,Puntarenas_OTROS_Hidrometereológico
-0.03746021716932133,0.8335002808241748,4449,GPD,tail,21.39793168391183,0.090625,Puntarenas_OTROS_Hidrometereológico
-0.03746021716932133,0.8335002808241748,4450,GPD,tail,21.39793168391183,0.090625,Puntarenas_OTROS_Hidrometereológico
-0.03746021716932133,0.8335002808241748,4451,GPD,tail,21.39793168391183,0.090625,Puntarenas_OTROS_Hidrometereológico
-0.03746021716932133,0.8335002808241748,4452,GPD,tail,21.39793168391183,0.090625,Puntarenas_OTROS_Hidrometereológico
-0.03746021716932133,0.8335002808241748,4453,GPD,tail,21.39793168391183,0.090625,Puntarenas_OTROS_Hidrometereológico
-0.03746021716932133,0.8335002808241748,4454,GPD,tail,21.39793168391183,0.090625,Puntarenas_OTROS_Hidrometereológico
-0.03746021716932133,0.8335002808241748,4455,GPD,tail,21.39793168391183,0.090625,Puntarenas_OTROS_Hidrometereológico
-0.03746021716932133,0.8335002808241748,4456,GPD,tail,21.39793168391183,0.090625,Puntarenas_OTROS_Hidrometereológico
-0.03746021716932133,0.8335002808241748,4457,GPD,tail,21.39793168391183,0.090625,Puntarenas_OTROS_Hidrometereológico
-0.03746021716932133,0.8335002808241748,4458,GPD,tail,21.39793168391183,0.090625,Puntarenas_OTROS_Hidrometereológico
-0.03746021716932133,0.8335002808241748,4459,GPD,tail,21.39793168391183,0.090625,Puntarenas_OTROS_Hidrometereológico
-0.03746021716932133,0.8335002808241748,4460,GPD,tail,21.39793168391183,0.090625,Puntarenas_OTROS_Hidrometereológico
-0.03746021716932133,0.8335002808241748,4461,GPD,tail,21.39793168391183,0.090625,Puntarenas_OTROS_Hidrometereológico
-0.03746021716932133,0.8335002808241748,4462,GPD,tail,21.39793168391183,0.090625,Puntarenas_OTROS_Hidrometereológico
-0.03746021716932133,0.8335002808241748,4463,GPD,tail,21.39793168391183,0.090625,Puntarenas_OTROS_Hidrometereológico
-0.03746021716932133,0.8335002808241748,4464,GPD,tail,21.39793168391183,0.090625,Puntarenas_OTROS_Hidrometereológico
-0.03746021716932133,0.8335002808241748,4465,GPD,tail,21.39793168391183,0.090625,Puntarenas_OTROS_Hidrometereológico
-0.03746021716932133,0.8335002808241748,4466,GPD,tail,21.39793168391183,0.090625,Puntarenas_OTROS_Hidrometereológico
-0.03746021716932133,0.8335002808241748,4467,GPD,tail,21.39793168391183,0.090625,Puntarenas_OTROS_Hidrometereológico
-0.03746021716932133,0.8335002808241748,4468,GPD,tail,21.39793168391183,0.090625,Puntarenas_OTROS_Hidrometereológico
-0.03746021716932133,0.8335002808241748,4469,GPD,tail,21.39793168391183,0.090625,Puntarenas_OTROS_Hidrometereológico
-0.03746021716932133,0.8335002808241748,4470,GPD,tail,21.39793168391183,0.090625,Puntarenas_OTROS_Hidrometereológico
-0.03746021716932133,0.8335002808241748,4471,GPD,tail,21.39793168391183,0.090625,Puntarenas_OTROS_Hidrometereológico
-0.03746021716932133,0.8335002808241748,4472,GPD,tail,21.39793168391183,0.090625,Puntarenas_OTROS_Hidrometereológico
-0.03746021716932133,0.8335002808241748,4473,GPD,tail,21.39793168391183,0.090625,Puntarenas_OTROS_Hidrometereológico
-0.03746021716932133,0.8335002808241748,4474,GPD,tail,21.39793168391183,0.090625,Puntarenas_OTROS_Hidrometereológico
-0.12964379352371844,0.8897126080717426,4475,GPD,tail,21.39793168391183,0.090625,Puntarenas_OTROS_Hidrometereológico
-0.12964379352371844,0.8897126080717426,4476,GPD,tail,21.39793168391183,0.090625,Puntarenas_OTROS_Hidrometereológico
-0.12964379352371844,0.8897126080717426,4477,GPD,tail,21.39793168391183,0.090625,Puntarenas_OTROS_Hidrometereológico
-0.12964379352371844,0.8897126080717426,4478,GPD,tail,21.39793168391183,0.090625,Puntarenas_OTROS_Hidrometereológico
-0.12964379352371844,0.8897126080717426,4479,GPD,tail,21.39793168391183,0.090625,Puntarenas_OTROS_Hidrometereológico
-0.14508635373375886,0.9245258815160221,4480,GPD,tail,21.39793168391183,0.090625,Puntarenas_OTROS_Hidrometereológico
-0.14508635373375886,0.9245258815160221,4481,GPD,tail,21.39793168391183,0.090625,Puntarenas_OTROS_Hidrometereológico
-0.14508635373375886,0.9245258815160221,4482,GPD,tail,21.39793168391183,0.090625,Puntarenas_OTROS_Hidrometereológico
-0.14508635373375886,0.9245258815160221,4483,GPD,tail,21.39793168391183,0.090625,Puntarenas_OTROS_Hidrometereológico
-0.14508635373375886,0.9245258815160221,4484,GPD,tail,21.39793168391183,0.090625,Puntarenas_OTROS_Hidrometereológico
-0.14508635373375886,0.9245258815160221,4485,GPD,tail,21.39793168391183,0.090625,Puntarenas_OTROS_Hidrometereológico
-0.14508635373375886,0.9245258815160221,4486,GPD,tail,21.39793168391183,0.090625,Puntarenas_OTROS_Hidrometereológico
-0.14508635373375886,0.9245258815160221,4487,GPD,tail,21.39793168391183,0.090625,Puntarenas_OTROS_Hidrometereológico
-0.14508635373375886,0.9245258815160221,4488,GPD,tail,21.39793168391183,0.090625,Puntarenas_OTROS_Hidrometereológico
-0.14508635373375886,0.9245258815160221,4489,GPD,tail,21.39793168391183,0.090625,Puntarenas_OTROS_Hidrometereológico
-0.14508635373375886,0.9245258815160221,4490,GPD,tail,21.39793168391183,0.090625,Puntarenas_OTROS_Hidrometereológico
-0.14508635373375886,0.9245258815160221,4491,GPD,tail,21.39793168391183,0.090625,Puntarenas_OTROS_Hidrometereológico
-0.14508635373375886,0.9245258815160221,4492,GPD,tail,21.39793168391183,0.090625,Puntarenas_OTROS_Hidrometereológico
-0.14508635373375886,0.9245258815160221,4493,GPD,tail,21.39793168391183,0.090625,Puntarenas_OTROS_Hidrometereológico
-0.14508635373375886,0.9245258815160221,4494,GPD,tail,21.39793168391183,0.090625,Puntarenas_OTROS_Hidrometereológico
-0.14508635373375886,0.9245258815160221,4495,GPD,tail,21.39793168391183,0.090625,Puntarenas_OTROS_Hidrometereológico
-0.14508635373375886,0.9245258815160221,4496,GPD,tail,21.39793168391183,0.090625,Puntarenas_OTROS_Hidrometereológico
-0.14508635373375886,0.9245258815160221,4497,GPD,tail,21.39793168391183,0.090625,Puntarenas_OTROS_Hidrometereológico
-0.14508635373375886,0.9245258815160221,4498,GPD,tail,21.39793168391183,0.090625,Puntarenas_OTROS_Hidrometereológico
-0.14508635373375886,0.9245258815160221,4499,GPD,tail,21.39793168391183,0.090625,Puntarenas_OTROS_Hidrometereológico
-0.14508635373375886,0.9245258815160221,4500,GPD,tail,21.39793168391183,0.090625,Puntarenas_OTROS_Hidrometereológico
-0.14508635373375886,0.9245258815160221,4501,GPD,tail,21.39793168391183,0.090625,Puntarenas_OTROS_Hidrometereológico
-0.14508635373375886,0.9245258815160221,4502,GPD,tail,21.39793168391183,0.090625,Puntarenas_OTROS_Hidrometereológico
-0.14508635373375886,0.9245258815160221,4503,GPD,tail,21.39793168391183,0.090625,Puntarenas_OTROS_Hidrometereológico
-0.14508635373375886,0.9245258815160221,4504,GPD,tail,21.39793168391183,0.090625,Puntarenas_OTROS_Hidrometereológico
-0.14508635373375886,0.9245258815160221,4505,GPD,tail,21.39793168391183,0.090625,Puntarenas_OTROS_Hidrometereológico
-0.14508635373375886,0.9245258815160221,4506,GPD,tail,21.39793168391183,0.090625,Puntarenas_OTROS_Hidrometereológico
-0.14508635373375886,0.9245258815160221,4507,GPD,tail,21.39793168391183,0.090625,Puntarenas_OTROS_Hidrometereológico
-0.14508635373375886,0.9245258815160221,4508,GPD,tail,21.39793168391183,0.090625,Puntarenas_OTROS_Hidrometereológico
-0.14508635373375886,0.9245258815160221,4509,GPD,tail,21.39793168391183,0.090625,Puntarenas_OTROS_Hidrometereológico
-0.14508635373375886,0.9245258815160221,4510,GPD,tail,21.39793168391183,0.090625,Puntarenas_OTROS_Hidrometereológico
-0.14508635373375886,0.9245258815160221,4511,GPD,tail,21.39793168391183,0.090625,Puntarenas_OTROS_Hidrometereológico
-0.14508635373375886,0.9245258815160221,4512,GPD,tail,21.39793168391183,0.090625,Puntarenas_OTROS_Hidrometereológico
-0.14508635373375886,0.9245258815160221,4513,GPD,tail,21.39793168391183,0.090625,Puntarenas_OTROS_Hidrometereológico
-0.14508635373375886,0.9245258815160221,4514,GPD,tail,21.39793168391183,0.090625,Puntarenas_OTROS_Hidrometereológico
-0.14508635373375886,0.9245258815160221,4515,GPD,tail,21.39793168391183,0.090625,Puntarenas_OTROS_Hidrometereológico
-0.14508635373375886,0.9245258815160221,4516,GPD,tail,21.39793168391183,0.090625,Puntarenas_OTROS_Hidrometereológico
-0.14508635373375886,0.9245258815160221,4517,GPD,tail,21.39793168391183,0.090625,Puntarenas_OTROS_Hidrometereológico
-0.14508635373375886,0.9245258815160221,4518,GPD,tail,21.39793168391183,0.090625,Puntarenas_OTROS_Hidrometereológico
-0.14508635373375886,0.9245258815160221,4519,GPD,tail,21.39793168391183,0.090625,Puntarenas_OTROS_Hidrometereológico
-0.14508635373375886,0.9245258815160221,4520,GPD,tail,21.39793168391183,0.090625,Puntarenas_OTROS_Hidrometereológico
-0.14508635373375886,0.9245258815160221,4521,GPD,tail,21.39793168391183,0.090625,Puntarenas_OTROS_Hidrometereológico
-0.14508635373375886,0.9245258815160221,4522,GPD,tail,21.39793168391183,0.090625,Puntarenas_OTROS_Hidrometereológico
-0.14508635373375886,0.9245258815160221,4523,GPD,tail,21.39793168391183,0.090625,Puntarenas_OTROS_Hidrometereológico
-0.14508635373375886,0.9245258815160221,4524,GPD,tail,21.39793168391183,0.090625,Puntarenas_OTROS_Hidrometereológico
-0.14508635373375886,0.9245258815160221,4525,GPD,tail,21.39793168391183,0.090625,Puntarenas_OTROS_Hidrometereológico
-0.14508635373375886,0.9245258815160221,4526,GPD,tail,21.39793168391183,0.090625,Puntarenas_OTROS_Hidrometereológico
-0.14508635373375886,0.9245258815160221,4527,GPD,tail,21.39793168391183,0.090625,Puntarenas_OTROS_Hidrometereológico
-0.14508635373375886,0.9245258815160221,4528,GPD,tail,21.39793168391183,0.090625,Puntarenas_OTROS_Hidrometereológico
-0.14508635373375886,0.9245258815160221,4529,GPD,tail,21.39793168391183,0.090625,Puntarenas_OTROS_Hidrometereológico
-0.14508635373375886,0.9245258815160221,4530,GPD,tail,21.39793168391183,0.090625,Puntarenas_OTROS_Hidrometereológico
-0.14508635373375886,0.9245258815160221,4531,GPD,tail,21.39793168391183,0.090625,Puntarenas_OTROS_Hidrometereológico
-0.14508635373375886,0.9245258815160221,4532,GPD,tail,21.39793168391183,0.090625,Puntarenas_OTROS_Hidrometereológico
-0.14508635373375886,0.9245258815160221,4533,GPD,tail,21.39793168391183,0.090625,Puntarenas_OTROS_Hidrometereológico
-0.14508635373375886,0.9245258815160221,4534,GPD,tail,21.39793168391183,0.090625,Puntarenas_OTROS_Hidrometereológico
-0.14508635373375886,0.9245258815160221,4535,GPD,tail,21.39793168391183,0.090625,Puntarenas_OTROS_Hidrometereológico
-0.14508635373375886,0.9245258815160221,4536,GPD,tail,21.39793168391183,0.090625,Puntarenas_OTROS_Hidrometereológico
-0.14508635373375886,0.9245258815160221,4537,GPD,tail,21.39793168391183,0.090625,Puntarenas_OTROS_Hidrometereológico
-0.14508635373375886,0.9245258815160221,4538,GPD,tail,21.39793168391183,0.090625,Puntarenas_OTROS_Hidrometereológico
-0.14508635373375886,0.9245258815160221,4539,GPD,tail,21.39793168391183,0.090625,Puntarenas_OTROS_Hidrometereológico
-0.14508635373375886,0.9245258815160221,4540,GPD,tail,21.39793168391183,0.090625,Puntarenas_OTROS_Hidrometereológico
-0.14508635373375886,0.9245258815160221,4541,GPD,tail,21.39793168391183,0.090625,Puntarenas_OTROS_Hidrometereológico
-0.14508635373375886,0.9245258815160221,4542,GPD,tail,21.39793168391183,0.090625,Puntarenas_OTROS_Hidrometereológico
-0.14508635373375886,0.9245258815160221,4543,GPD,tail,21.39793168391183,0.090625,Puntarenas_OTROS_Hidrometereológico
-0.14508635373375886,0.9245258815160221,4544,GPD,tail,21.39793168391183,0.090625,Puntarenas_OTROS_Hidrometereológico
-0.14508635373375886,0.9245258815160221,4545,GPD,tail,21.39793168391183,0.090625,Puntarenas_OTROS_Hidrometereológico
-0.14508635373375886,0.9245258815160221,4546,GPD,tail,21.39793168391183,0.090625,Puntarenas_OTROS_Hidrometereológico
-0.14508635373375886,0.9245258815160221,4547,GPD,tail,21.39793168391183,0.090625,Puntarenas_OTROS_Hidrometereológico
-0.03275763944982439,0.911904745627693,4548,GPD,tail,21.39793168391183,0.090625,Puntarenas_OTROS_Hidrometereológico
-0.03275763944982439,0.911904745627693,4549,GPD,tail,21.39793168391183,0.090625,Puntarenas_OTROS_Hidrometereológico
-0.03275763944982439,0.911904745627693,4550,GPD,tail,21.39793168391183,0.090625,Puntarenas_OTROS_Hidrometereológico
-0.03275763944982439,0.911904745627693,4551,GPD,tail,21.39793168391183,0.090625,Puntarenas_OTROS_Hidrometereológico
-0.03275763944982439,0.911904745627693,4552,GPD,tail,21.39793168391183,0.090625,Puntarenas_OTROS_Hidrometereológico
-0.03275763944982439,0.911904745627693,4553,GPD,tail,21.39793168391183,0.090625,Puntarenas_OTROS_Hidrometereológico
-0.03275763944982439,0.911904745627693,4554,GPD,tail,21.39793168391183,0.090625,Puntarenas_OTROS_Hidrometereológico
-0.03275763944982439,0.911904745627693,4555,GPD,tail,21.39793168391183,0.090625,Puntarenas_OTROS_Hidrometereológico
-0.03275763944982439,0.911904745627693,4556,GPD,tail,21.39793168391183,0.090625,Puntarenas_OTROS_Hidrometereológico
-0.04089750182594225,0.840535650370836,4557,GPD,tail,21.39793168391183,0.090625,Puntarenas_OTROS_Hidrometereológico
-0.023971942892783496,0.7194108060084178,4558,GPD,tail,21.39793168391183,0.090625,Puntarenas_OTROS_Hidrometereológico
-0.023971942892783496,0.7194108060084178,4559,GPD,tail,21.39793168391183,0.090625,Puntarenas_OTROS_Hidrometereológico
-0.023971942892783496,0.7194108060084178,4560,GPD,tail,21.39793168391183,0.090625,Puntarenas_OTROS_Hidrometereológico
-0.07600285809130172,0.7745901017131833,4561,GPD,tail,21.39793168391183,0.090625,Puntarenas_OTROS_Hidrometereológico
-0.07600285809130172,0.7745901017131833,4562,GPD,tail,21.39793168391183,0.090625,Puntarenas_OTROS_Hidrometereológico
-0.07600285809130172,0.7745901017131833,4563,GPD,tail,21.39793168391183,0.090625,Puntarenas_OTROS_Hidrometereológico
-0.07600285809130172,0.7745901017131833,4564,GPD,tail,21.39793168391183,0.090625,Puntarenas_OTROS_Hidrometereológico
-0.07600285809130172,0.7745901017131833,4565,GPD,tail,21.39793168391183,0.090625,Puntarenas_OTROS_Hidrometereológico
-0.07600285809130172,0.7745901017131833,4566,GPD,tail,21.39793168391183,0.090625,Puntarenas_OTROS_Hidrometereológico
-0.07600285809130172,0.7745901017131833,4567,GPD,tail,21.39793168391183,0.090625,Puntarenas_OTROS_Hidrometereológico
-0.07600285809130172,0.7745901017131833,4568,GPD,tail,21.39793168391183,0.090625,Puntarenas_OTROS_Hidrometereológico
-0.07600285809130172,0.7745901017131833,4569,GPD,tail,21.39793168391183,0.090625,Puntarenas_OTROS_Hidrometereológico
-0.07600285809130172,0.7745901017131833,4570,GPD,tail,21.39793168391183,0.090625,Puntarenas_OTROS_Hidrometereológico
-0.07600285809130172,0.7745901017131833,4571,GPD,tail,21.39793168391183,0.090625,Puntarenas_OTROS_Hidrometereológico
-0.07600285809130172,0.7745901017131833,4572,GPD,tail,21.39793168391183,0.090625,Puntarenas_OTROS_Hidrometereológico
-0.07600285809130172,0.7745901017131833,4573,GPD,tail,21.39793168391183,0.090625,Puntarenas_OTROS_Hidrometereológico
-0.07600285809130172,0.7745901017131833,4574,GPD,tail,21.39793168391183,0.090625,Puntarenas_OTROS_Hidrometereológico
-0.07600285809130172,0.7745901017131833,4575,GPD,tail,21.39793168391183,0.090625,Puntarenas_OTROS_Hidrometereológico
-0.07600285809130172,0.7745901017131833,4576,GPD,tail,21.39793168391183,0.090625,Puntarenas_OTROS_Hidrometereológico
-0.07600285809130172,0.7745901017131833,4577,GPD,tail,21.39793168391183,0.090625,Puntarenas_OTROS_Hidrometereológico
-0.07600285809130172,0.7745901017131833,4578,GPD,tail,21.39793168391183,0.090625,Puntarenas_OTROS_Hidrometereológico
-0.07600285809130172,0.7745901017131833,4579,GPD,tail,21.39793168391183,0.090625,Puntarenas_OTROS_Hidrometereológico
-0.07600285809130172,0.7745901017131833,4580,GPD,tail,21.39793168391183,0.090625,Puntarenas_OTROS_Hidrometereológico
-0.07600285809130172,0.7745901017131833,4581,GPD,tail,21.39793168391183,0.090625,Puntarenas_OTROS_Hidrometereológico
-0.07600285809130172,0.7745901017131833,4582,GPD,tail,21.39793168391183,0.090625,Puntarenas_OTROS_Hidrometereológico
-0.07600285809130172,0.7745901017131833,4583,GPD,tail,21.39793168391183,0.090625,Puntarenas_OTROS_Hidrometereológico
-0.07600285809130172,0.7745901017131833,4584,GPD,tail,21.39793168391183,0.090625,Puntarenas_OTROS_Hidrometereológico
-0.07600285809130172,0.7745901017131833,4585,GPD,tail,21.39793168391183,0.090625,Puntarenas_OTROS_Hidrometereológico
-0.07600285809130172,0.7745901017131833,4586,GPD,tail,21.39793168391183,0.090625,Puntarenas_OTROS_Hidrometereológico
-0.07600285809130172,0.7745901017131833,4587,GPD,tail,21.39793168391183,0.090625,Puntarenas_OTROS_Hidrometereológico
-0.07600285809130172,0.7745901017131833,4588,GPD,tail,21.39793168391183,0.090625,Puntarenas_OTROS_Hidrometereológico
-0.07600285809130172,0.7745901017131833,4589,GPD,tail,21.39793168391183,0.090625,Puntarenas_OTROS_Hidrometereológico
-0.07600285809130172,0.7745901017131833,4590,GPD,tail,21.39793168391183,0.090625,Puntarenas_OTROS_Hidrometereológico
-0.07600285809130172,0.7745901017131833,4591,GPD,tail,21.39793168391183,0.090625,Puntarenas_OTROS_Hidrometereológico
-0.07600285809130172,0.7745901017131833,4592,GPD,tail,21.39793168391183,0.090625,Puntarenas_OTROS_Hidrometereológico
-0.08975343572777413,0.7750349438145739,4593,GPD,tail,21.39793168391183,0.090625,Puntarenas_OTROS_Hidrometereológico
-0.08975343572777413,0.7750349438145739,4594,GPD,tail,21.39793168391183,0.090625,Puntarenas_OTROS_Hidrometereológico
-0.08975343572777413,0.7750349438145739,4595,GPD,tail,21.39793168391183,0.090625,Puntarenas_OTROS_Hidrometereológico
-0.08975343572777413,0.7750349438145739,4596,GPD,tail,21.39793168391183,0.090625,Puntarenas_OTROS_Hidrometereológico
-0.08975343572777413,0.7750349438145739,4597,GPD,tail,21.39793168391183,0.090625,Puntarenas_OTROS_Hidrometereológico
-0.08975343572777413,0.7750349438145739,4598,GPD,tail,21.39793168391183,0.090625,Puntarenas_OTROS_Hidrometereológico
-0.08975343572777413,0.7750349438145739,4599,GPD,tail,21.39793168391183,0.090625,Puntarenas_OTROS_Hidrometereológico
-0.08975343572777413,0.7750349438145739,4600,GPD,tail,21.39793168391183,0.090625,Puntarenas_OTROS_Hidrometereológico
-0.08975343572777413,0.7750349438145739,4601,GPD,tail,21.39793168391183,0.090625,Puntarenas_OTROS_Hidrometereológico
-0.08975343572777413,0.7750349438145739,4602,GPD,tail,21.39793168391183,0.090625,Puntarenas_OTROS_Hidrometereológico
-0.08975343572777413,0.7750349438145739,4603,GPD,tail,21.39793168391183,0.090625,Puntarenas_OTROS_Hidrometereológico
-0.08975343572777413,0.7750349438145739,4604,GPD,tail,21.39793168391183,0.090625,Puntarenas_OTROS_Hidrometereológico
-0.08975343572777413,0.7750349438145739,4605,GPD,tail,21.39793168391183,0.090625,Puntarenas_OTROS_Hidrometereológico
-0.08975343572777413,0.7750349438145739,4606,GPD,tail,21.39793168391183,0.090625,Puntarenas_OTROS_Hidrometereológico
-0.08975343572777413,0.7750349438145739,4607,GPD,tail,21.39793168391183,0.090625,Puntarenas_OTROS_Hidrometereológico
-0.08975343572777413,0.7750349438145739,4608,GPD,tail,21.39793168391183,0.090625,Puntarenas_OTROS_Hidrometereológico
-0.08975343572777413,0.7750349438145739,4609,GPD,tail,21.39793168391183,0.090625,Puntarenas_OTROS_Hidrometereológico
-0.08975343572777413,0.7750349438145739,4610,GPD,tail,21.39793168391183,0.090625,Puntarenas_OTROS_Hidrometereológico
-0.08975343572777413,0.7750349438145739,4611,GPD,tail,21.39793168391183,0.090625,Puntarenas_OTROS_Hidrometereológico
-0.08975343572777413,0.7750349438145739,4612,GPD,tail,21.39793168391183,0.090625,Puntarenas_OTROS_Hidrometereológico
-0.08975343572777413,0.7750349438145739,4613,GPD,tail,21.39793168391183,0.090625,Puntarenas_OTROS_Hidrometereológico
0.06948315358607916,0.8069713801379785,4614,GPD,tail,21.39793168391183,0.090625,Puntarenas_OTROS_Hidrometereológico
0.06948315358607916,0.8069713801379785,4615,GPD,tail,21.39793168391183,0.090625,Puntarenas_OTROS_Hidrometereológico
0.06948315358607916,0.8069713801379785,4616,GPD,tail,21.39793168391183,0.090625,Puntarenas_OTROS_Hidrometereológico
0.06948315358607916,0.8069713801379785,4617,GPD,tail,21.39793168391183,0.090625,Puntarenas_OTROS_Hidrometereológico
0.06948315358607916,0.8069713801379785,4618,GPD,tail,21.39793168391183,0.090625,Puntarenas_OTROS_Hidrometereológico
0.06948315358607916,0.8069713801379785,4619,GPD,tail,21.39793168391183,0.090625,Puntarenas_OTROS_Hidrometereológico
0.06948315358607916,0.8069713801379785,4620,GPD,tail,21.39793168391183,0.090625,Puntarenas_OTROS_Hidrometereológico
0.06948315358607916,0.8069713801379785,4621,GPD,tail,21.39793168391183,0.090625,Puntarenas_OTROS_Hidrometereológico
0.06948315358607916,0.8069713801379785,4622,GPD,tail,21.39793168391183,0.090625,Puntarenas_OTROS_Hidrometereológico
0.06948315358607916,0.8069713801379785,4623,GPD,tail,21.39793168391183,0.090625,Puntarenas_OTROS_Hidrometereológico
0.06948315358607916,0.8069713801379785,4624,GPD,tail,21.39793168391183,0.090625,Puntarenas_OTROS_Hidrometereológico
0.06948315358607916,0.8069713801379785,4625,GPD,tail,21.39793168391183,0.090625,Puntarenas_OTROS_Hidrometereológico
0.06948315358607916,0.8069713801379785,4626,GPD,tail,21.39793168391183,0.090625,Puntarenas_OTROS_Hidrometereológico
0.06948315358607916,0.8069713801379785,4627,GPD,tail,21.39793168391183,0.090625,Puntarenas_OTROS_Hidrometereológico
0.06948315358607916,0.8069713801379785,4628,GPD,tail,21.39793168391183,0.090625,Puntarenas_OTROS_Hidrometereológico
0.06948315358607916,0.8069713801379785,4629,GPD,tail,21.39793168391183,0.090625,Puntarenas_OTROS_Hidrometereológico
0.06948315358607916,0.8069713801379785,4630,GPD,tail,21.39793168391183,0.090625,Puntarenas_OTROS_Hidrometereológico
0.06948315358607916,0.8069713801379785,4631,GPD,tail,21.39793168391183,0.090625,Puntarenas_OTROS_Hidrometereológico
0.06948315358607916,0.8069713801379785,4632,GPD,tail,21.39793168391183,0.090625,Puntarenas_OTROS_Hidrometereológico
0.06948315358607916,0.8069713801379785,4633,GPD,tail,21.39793168391183,0.090625,Puntarenas_OTROS_Hidrometereológico
0.06948315358607916,0.8069713801379785,4634,GPD,tail,21.39793168391183,0.090625,Puntarenas_OTROS_Hidrometereológico
0.06948315358607916,0.8069713801379785,4635,GPD,tail,21.39793168391183,0.090625,Puntarenas_OTROS_Hidrometereológico
0.07078508484500241,0.7772698562114485,4636,GPD,tail,21.39793168391183,0.090625,Puntarenas_OTROS_Hidrometereológico
0.07078508484500241,0.7772698562114485,4637,GPD,tail,21.39793168391183,0.090625,Puntarenas_OTROS_Hidrometereológico
0.07078508484500241,0.7772698562114485,4638,GPD,tail,21.39793168391183,0.090625,Puntarenas_OTROS_Hidrometereológico
0.07078508484500241,0.7772698562114485,4639,GPD,tail,21.39793168391183,0.090625,Puntarenas_OTROS_Hidrometereológico
0.07078508484500241,0.7772698562114485,4640,GPD,tail,21.39793168391183,0.090625,Puntarenas_OTROS_Hidrometereológico
0.07078508484500241,0.7772698562114485,4641,GPD,tail,21.39793168391183,0.090625,Puntarenas_OTROS_Hidrometereológico
0.07078508484500241,0.7772698562114485,4642,GPD,tail,21.39793168391183,0.090625,Puntarenas_OTROS_Hidrometereológico
0.07078508484500241,0.7772698562114485,4643,GPD,tail,21.39793168391183,0.090625,Puntarenas_OTROS_Hidrometereológico
0.07078508484500241,0.7772698562114485,4644,GPD,tail,21.39793168391183,0.090625,Puntarenas_OTROS_Hidrometereológico
0.03800110756544567,0.7786388989930528,4645,GPD,tail,21.39793168391183,0.090625,Puntarenas_OTROS_Hidrometereológico
0.03800110756544567,0.7786388989930528,4646,GPD,tail,21.39793168391183,0.090625,Puntarenas_OTROS_Hidrometereológico
0.03800110756544567,0.7786388989930528,4647,GPD,tail,21.39793168391183,0.090625,Puntarenas_OTROS_Hidrometereológico
0.03800110756544567,0.7786388989930528,4648,GPD,tail,21.39793168391183,0.090625,Puntarenas_OTROS_Hidrometereológico
0.03800110756544567,0.7786388989930528,4649,GPD,tail,21.39793168391183,0.090625,Puntarenas_OTROS_Hidrometereológico
0.03800110756544567,0.7786388989930528,4650,GPD,tail,21.39793168391183,0.090625,Puntarenas_OTROS_Hidrometereológico
0.03800110756544567,0.7786388989930528,4651,GPD,tail,21.39793168391183,0.090625,Puntarenas_OTROS_Hidrometereológico
0.03800110756544567,0.7786388989930528,4652,GPD,tail,21.39793168391183,0.090625,Puntarenas_OTROS_Hidrometereológico
0.03800110756544567,0.7786388989930528,4653,GPD,tail,21.39793168391183,0.090625,Puntarenas_OTROS_Hidrometereológico
0.03800110756544567,0.7786388989930528,4654,GPD,tail,21.39793168391183,0.090625,Puntarenas_OTROS_Hidrometereológico
0.03800110756544567,0.7786388989930528,4655,GPD,tail,21.39793168391183,0.090625,Puntarenas_OTROS_Hidrometereológico
0.03800110756544567,0.7786388989930528,4656,GPD,tail,21.39793168391183,0.090625,Puntarenas_OTROS_Hidrometereológico
0.03800110756544567,0.7786388989930528,4657,GPD,tail,21.39793168391183,0.090625,Puntarenas_OTROS_Hidrometereológico
0.03800110756544567,0.7786388989930528,4658,GPD,tail,21.39793168391183,0.090625,Puntarenas_OTROS_Hidrometereológico
0.03800110756544567,0.7786388989930528,4659,GPD,tail,21.39793168391183,0.090625,Puntarenas_OTROS_Hidrometereológico
0.03800110756544567,0.7786388989930528,4660,GPD,tail,21.39793168391183,0.090625,Puntarenas_OTROS_Hidrometereológico
-0.014822702014891005,0.8579171788238592,4661,GPD,tail,21.39793168391183,0.090625,Puntarenas_OTROS_Hidrometereológico
-0.014822702014891005,0.8579171788238592,4662,GPD,tail,21.39793168391183,0.090625,Puntarenas_OTROS_Hidrometereológico
-0.014822702014891005,0.8579171788238592,4663,GPD,tail,21.39793168391183,0.090625,Puntarenas_OTROS_Hidrometereológico
-0.014822702014891005,0.8579171788238592,4664,GPD,tail,21.39793168391183,0.090625,Puntarenas_OTROS_Hidrometereológico
-0.014822702014891005,0.8579171788238592,4665,GPD,tail,21.39793168391183,0.090625,Puntarenas_OTROS_Hidrometereológico
-0.014822702014891005,0.8579171788238592,4666,GPD,tail,21.39793168391183,0.090625,Puntarenas_OTROS_Hidrometereológico
-0.014822702014891005,0.8579171788238592,4667,GPD,tail,21.39793168391183,0.090625,Puntarenas_OTROS_Hidrometereológico
-0.014822702014891005,0.8579171788238592,4668,GPD,tail,21.39793168391183,0.090625,Puntarenas_OTROS_Hidrometereológico
-0.014822702014891005,0.8579171788238592,4669,GPD,tail,21.39793168391183,0.090625,Puntarenas_OTROS_Hidrometereológico
-0.014822702014891005,0.8579171788238592,4670,GPD,tail,21.39793168391183,0.090625,Puntarenas_OTROS_Hidrometereológico
-0.014822702014891005,0.8579171788238592,4671,GPD,tail,21.39793168391183,0.090625,Puntarenas_OTROS_Hidrometereológico
-0.014822702014891005,0.8579171788238592,4672,GPD,tail,21.39793168391183,0.090625,Puntarenas_OTROS_Hidrometereológico
-0.014822702014891005,0.8579171788238592,4673,GPD,tail,21.39793168391183,0.090625,Puntarenas_OTROS_Hidrometereológico
-0.014822702014891005,0.8579171788238592,4674,GPD,tail,21.39793168391183,0.090625,Puntarenas_OTROS_Hidrometereológico
-0.014822702014891005,0.8579171788238592,4675,GPD,tail,21.39793168391183,0.090625,Puntarenas_OTROS_Hidrometereológico
-0.014822702014891005,0.8579171788238592,4676,GPD,tail,21.39793168391183,0.090625,Puntarenas_OTROS_Hidrometereológico
-0.014822702014891005,0.8579171788238592,4677,GPD,tail,21.39793168391183,0.090625,Puntarenas_OTROS_Hidrometereológico
-0.014822702014891005,0.8579171788238592,4678,GPD,tail,21.39793168391183,0.090625,Puntarenas_OTROS_Hidrometereológico
-0.014822702014891005,0.8579171788238592,4679,GPD,tail,21.39793168391183,0.090625,Puntarenas_OTROS_Hidrometereológico
-0.014822702014891005,0.8579171788238592,4680,GPD,tail,21.39793168391183,0.090625,Puntarenas_OTROS_Hidrometereológico
-0.014822702014891005,0.8579171788238592,4681,GPD,tail,21.39793168391183,0.090625,Puntarenas_OTROS_Hidrometereológico
-0.014822702014891005,0.8579171788238592,4682,GPD,tail,21.39793168391183,0.090625,Puntarenas_OTROS_Hidrometereológico
-0.014822702014891005,0.8579171788238592,4683,GPD,tail,21.39793168391183,0.090625,Puntarenas_OTROS_Hidrometereológico
-0.014822702014891005,0.8579171788238592,4684,GPD,tail,21.39793168391183,0.090625,Puntarenas_OTROS_Hidrometereológico
-0.014822702014891005,0.8579171788238592,4685,GPD,tail,21.39793168391183,0.090625,Puntarenas_OTROS_Hidrometereológico
-0.014822702014891005,0.8579171788238592,4686,GPD,tail,21.39793168391183,0.090625,Puntarenas_OTROS_Hidrometereológico
-0.014822702014891005,0.8579171788238592,4687,GPD,tail,21.39793168391183,0.090625,Puntarenas_OTROS_Hidrometereológico
-0.014822702014891005,0.8579171788238592,4688,GPD,tail,21.39793168391183,0.090625,Puntarenas_OTROS_Hidrometereológico
-0.014822702014891005,0.8579171788238592,4689,GPD,tail,21.39793168391183,0.090625,Puntarenas_OTROS_Hidrometereológico
-0.014822702014891005,0.8579171788238592,4690,GPD,tail,21.39793168391183,0.090625,Puntarenas_OTROS_Hidrometereológico
-0.014822702014891005,0.8579171788238592,4691,GPD,tail,21.39793168391183,0.090625,Puntarenas_OTROS_Hidrometereológico
-0.014822702014891005,0.8579171788238592,4692,GPD,tail,21.39793168391183,0.090625,Puntarenas_OTROS_Hidrometereológico
-0.014822702014891005,0.8579171788238592,4693,GPD,tail,21.39793168391183,0.090625,Puntarenas_OTROS_Hidrometereológico
-0.014822702014891005,0.8579171788238592,4694,GPD,tail,21.39793168391183,0.090625,Puntarenas_OTROS_Hidrometereológico
-0.014822702014891005,0.8579171788238592,4695,GPD,tail,21.39793168391183,0.090625,Puntarenas_OTROS_Hidrometereológico
-0.014822702014891005,0.8579171788238592,4696,GPD,tail,21.39793168391183,0.090625,Puntarenas_OTROS_Hidrometereológico
-0.014822702014891005,0.8579171788238592,4697,GPD,tail,21.39793168391183,0.090625,Puntarenas_OTROS_Hidrometereológico
-0.014822702014891005,0.8579171788238592,4698,GPD,tail,21.39793168391183,0.090625,Puntarenas_OTROS_Hidrometereológico
-0.014822702014891005,0.8579171788238592,4699,GPD,tail,21.39793168391183,0.090625,Puntarenas_OTROS_Hidrometereológico
-0.014822702014891005,0.8579171788238592,4700,GPD,tail,21.39793168391183,0.090625,Puntarenas_OTROS_Hidrometereológico
-0.014822702014891005,0.8579171788238592,4701,GPD,tail,21.39793168391183,0.090625,Puntarenas_OTROS_Hidrometereológico
0.027513351542351634,0.767646680947608,4702,GPD,tail,21.39793168391183,0.090625,Puntarenas_OTROS_Hidrometereológico
0.027513351542351634,0.767646680947608,4703,GPD,tail,21.39793168391183,0.090625,Puntarenas_OTROS_Hidrometereológico
0.027513351542351634,0.767646680947608,4704,GPD,tail,21.39793168391183,0.090625,Puntarenas_OTROS_Hidrometereológico
0.027513351542351634,0.767646680947608,4705,GPD,tail,21.39793168391183,0.090625,Puntarenas_OTROS_Hidrometereológico
0.027513351542351634,0.767646680947608,4706,GPD,tail,21.39793168391183,0.090625,Puntarenas_OTROS_Hidrometereológico
0.027513351542351634,0.767646680947608,4707,GPD,tail,21.39793168391183,0.090625,Puntarenas_OTROS_Hidrometereológico
0.027513351542351634,0.767646680947608,4708,GPD,tail,21.39793168391183,0.090625,Puntarenas_OTROS_Hidrometereológico
0.027513351542351634,0.767646680947608,4709,GPD,tail,21.39793168391183,0.090625,Puntarenas_OTROS_Hidrometereológico
0.027513351542351634,0.767646680947608,4710,GPD,tail,21.39793168391183,0.090625,Puntarenas_OTROS_Hidrometereológico
0.027513351542351634,0.767646680947608,4711,GPD,tail,21.39793168391183,0.090625,Puntarenas_OTROS_Hidrometereológico
0.027513351542351634,0.767646680947608,4712,GPD,tail,21.39793168391183,0.090625,Puntarenas_OTROS_Hidrometereológico
0.027513351542351634,0.767646680947608,4713,GPD,tail,21.39793168391183,0.090625,Puntarenas_OTROS_Hidrometereológico
-0.21487700486849026,1.1111103394603261,4714,GPD,tail,21.39793168391183,0.090625,Puntarenas_OTROS_Hidrometereológico
-0.21487700486849026,1.1111103394603261,4715,GPD,tail,21.39793168391183,0.090625,Puntarenas_OTROS_Hidrometereológico
-0.21487700486849026,1.1111103394603261,4716,GPD,tail,21.39793168391183,0.090625,Puntarenas_OTROS_Hidrometereológico
-0.13648791701295007,0.8147591963074924,4717,GPD,tail,21.39793168391183,0.090625,Puntarenas_OTROS_Hidrometereológico
-0.13648791701295007,0.8147591963074924,4718,GPD,tail,21.39793168391183,0.090625,Puntarenas_OTROS_Hidrometereológico
-0.13648791701295007,0.8147591963074924,4719,GPD,tail,21.39793168391183,0.090625,Puntarenas_OTROS_Hidrometereológico
-0.13648791701295007,0.8147591963074924,4720,GPD,tail,21.39793168391183,0.090625,Puntarenas_OTROS_Hidrometereológico
-0.13648791701295007,0.8147591963074924,4721,GPD,tail,21.39793168391183,0.090625,Puntarenas_OTROS_Hidrometereológico
-0.13648791701295007,0.8147591963074924,4722,GPD,tail,21.39793168391183,0.090625,Puntarenas_OTROS_Hidrometereológico
-0.13648791701295007,0.8147591963074924,4723,GPD,tail,21.39793168391183,0.090625,Puntarenas_OTROS_Hidrometereológico
-0.13648791701295007,0.8147591963074924,4724,GPD,tail,21.39793168391183,0.090625,Puntarenas_OTROS_Hidrometereológico
-0.13648791701295007,0.8147591963074924,4725,GPD,tail,21.39793168391183,0.090625,Puntarenas_OTROS_Hidrometereológico
-0.13648791701295007,0.8147591963074924,4726,GPD,tail,21.39793168391183,0.090625,Puntarenas_OTROS_Hidrometereológico
-0.13648791701295007,0.8147591963074924,4727,GPD,tail,21.39793168391183,0.090625,Puntarenas_OTROS_Hidrometereológico
-0.13648791701295007,0.8147591963074924,4728,GPD,tail,21.39793168391183,0.090625,Puntarenas_OTROS_Hidrometereológico
0.07698797772094154,0.7180567027948509,4729,GPD,tail,21.39793168391183,0.090625,Puntarenas_OTROS_Hidrometereológico
0.07698797772094154,0.7180567027948509,4730,GPD,tail,21.39793168391183,0.090625,Puntarenas_OTROS_Hidrometereológico
0.07698797772094154,0.7180567027948509,4731,GPD,tail,21.39793168391183,0.090625,Puntarenas_OTROS_Hidrometereológico
0.07698797772094154,0.7180567027948509,4732,GPD,tail,21.39793168391183,0.090625,Puntarenas_OTROS_Hidrometereológico
0.07698797772094154,0.7180567027948509,4733,GPD,tail,21.39793168391183,0.090625,Puntarenas_OTROS_Hidrometereológico
0.07698797772094154,0.7180567027948509,4734,GPD,tail,21.39793168391183,0.090625,Puntarenas_OTROS_Hidrometereológico
0.07698797772094154,0.7180567027948509,4735,GPD,tail,21.39793168391183,0.090625,Puntarenas_OTROS_Hidrometereológico
0.07698797772094154,0.7180567027948509,4736,GPD,tail,21.39793168391183,0.090625,Puntarenas_OTROS_Hidrometereológico
0.07698797772094154,0.7180567027948509,4737,GPD,tail,21.39793168391183,0.090625,Puntarenas_OTROS_Hidrometereológico
0.07698797772094154,0.7180567027948509,4738,GPD,tail,21.39793168391183,0.090625,Puntarenas_OTROS_Hidrometereológico
0.07698797772094154,0.7180567027948509,4739,GPD,tail,21.39793168391183,0.090625,Puntarenas_OTROS_Hidrometereológico
0.07698797772094154,0.7180567027948509,4740,GPD,tail,21.39793168391183,0.090625,Puntarenas_OTROS_Hidrometereológico
0.07698797772094154,0.7180567027948509,4741,GPD,tail,21.39793168391183,0.090625,Puntarenas_OTROS_Hidrometereológico
0.07698797772094154,0.7180567027948509,4742,GPD,tail,21.39793168391183,0.090625,Puntarenas_OTROS_Hidrometereológico
0.15279252765017204,0.6776435351892691,4743,GPD,tail,21.39793168391183,0.090625,Puntarenas_OTROS_Hidrometereológico
0.15279252765017204,0.6776435351892691,4744,GPD,tail,21.39793168391183,0.090625,Puntarenas_OTROS_Hidrometereológico
0.15279252765017204,0.6776435351892691,4745,GPD,tail,21.39793168391183,0.090625,Puntarenas_OTROS_Hidrometereológico
0.15279252765017204,0.6776435351892691,4746,GPD,tail,21.39793168391183,0.090625,Puntarenas_OTROS_Hidrometereológico
0.05740052913954326,0.9209387434081854,4747,GPD,tail,21.39793168391183,0.090625,Puntarenas_OTROS_Hidrometereológico
0.05740052913954326,0.9209387434081854,4748,GPD,tail,21.39793168391183,0.090625,Puntarenas_OTROS_Hidrometereológico
0.05740052913954326,0.9209387434081854,4749,GPD,tail,21.39793168391183,0.090625,Puntarenas_OTROS_Hidrometereológico
0.05740052913954326,0.9209387434081854,4750,GPD,tail,21.39793168391183,0.090625,Puntarenas_OTROS_Hidrometereológico
0.1133517571914471,0.754049838820694,4751,GPD,tail,21.39793168391183,0.090625,Puntarenas_OTROS_Hidrometereológico
0.1133517571914471,0.754049838820694,4752,GPD,tail,21.39793168391183,0.090625,Puntarenas_OTROS_Hidrometereológico
0.1133517571914471,0.754049838820694,4753,GPD,tail,21.39793168391183,0.090625,Puntarenas_OTROS_Hidrometereológico
0.1133517571914471,0.754049838820694,4754,GPD,tail,21.39793168391183,0.090625,Puntarenas_OTROS_Hidrometereológico
0.1133517571914471,0.754049838820694,4755,GPD,tail,21.39793168391183,0.090625,Puntarenas_OTROS_Hidrometereológico
0.1133517571914471,0.754049838820694,4756,GPD,tail,21.39793168391183,0.090625,Puntarenas_OTROS_Hidrometereológico
0.1133517571914471,0.754049838820694,4757,GPD,tail,21.39793168391183,0.090625,Puntarenas_OTROS_Hidrometereológico
0.1133517571914471,0.754049838820694,4758,GPD,tail,21.39793168391183,0.090625,Puntarenas_OTROS_Hidrometereológico
0.1133517571914471,0.754049838820694,4759,GPD,tail,21.39793168391183,0.090625,Puntarenas_OTROS_Hidrometereológico
0.1133517571914471,0.754049838820694,4760,GPD,tail,21.39793168391183,0.090625,Puntarenas_OTROS_Hidrometereológico
0.1133517571914471,0.754049838820694,4761,GPD,tail,21.39793168391183,0.090625,Puntarenas_OTROS_Hidrometereológico
0.07430944183103147,0.7468353074781815,4762,GPD,tail,21.39793168391183,0.090625,Puntarenas_OTROS_Hidrometereológico
0.07430944183103147,0.7468353074781815,4763,GPD,tail,21.39793168391183,0.090625,Puntarenas_OTROS_Hidrometereológico
0.07430944183103147,0.7468353074781815,4764,GPD,tail,21.39793168391183,0.090625,Puntarenas_OTROS_Hidrometereológico
0.07430944183103147,0.7468353074781815,4765,GPD,tail,21.39793168391183,0.090625,Puntarenas_OTROS_Hidrometereológico
0.07430944183103147,0.7468353074781815,4766,GPD,tail,21.39793168391183,0.090625,Puntarenas_OTROS_Hidrometereológico
0.07430944183103147,0.7468353074781815,4767,GPD,tail,21.39793168391183,0.090625,Puntarenas_OTROS_Hidrometereológico
0.05678409649172497,0.8665103850434865,4768,GPD,tail,21.39793168391183,0.090625,Puntarenas_OTROS_Hidrometereológico
0.05678409649172497,0.8665103850434865,4769,GPD,tail,21.39793168391183,0.090625,Puntarenas_OTROS_Hidrometereológico
0.05678409649172497,0.8665103850434865,4770,GPD,tail,21.39793168391183,0.090625,Puntarenas_OTROS_Hidrometereológico
0.05678409649172497,0.8665103850434865,4771,GPD,tail,21.39793168391183,0.090625,Puntarenas_OTROS_Hidrometereológico
0.05678409649172497,0.8665103850434865,4772,GPD,tail,21.39793168391183,0.090625,Puntarenas_OTROS_Hidrometereológico
0.0761428612154618,0.6841745771175841,4773,GPD,tail,21.39793168391183,0.090625,Puntarenas_OTROS_Hidrometereológico
0.13518729011032798,0.7235378124894801,4774,GPD,tail,21.39793168391183,0.090625,Puntarenas_OTROS_Hidrometereológico
0.13518729011032798,0.7235378124894801,4775,GPD,tail,21.39793168391183,0.090625,Puntarenas_OTROS_Hidrometereológico
-0.042871649820186514,0.7068983858018787,4776,GPD,tail,21.39793168391183,0.090625,Puntarenas_OTROS_Hidrometereológico
-0.042871649820186514,0.7068983858018787,4777,GPD,tail,21.39793168391183,0.090625,Puntarenas_OTROS_Hidrometereológico
-0.042871649820186514,0.7068983858018787,4778,GPD,tail,21.39793168391183,0.090625,Puntarenas_OTROS_Hidrometereológico
-0.042871649820186514,0.7068983858018787,4779,GPD,tail,21.39793168391183,0.090625,Puntarenas_OTROS_Hidrometereológico
-0.042871649820186514,0.7068983858018787,4780,GPD,tail,21.39793168391183,0.090625,Puntarenas_OTROS_Hidrometereológico
-0.042871649820186514,0.7068983858018787,4781,GPD,tail,21.39793168391183,0.090625,Puntarenas_OTROS_Hidrometereológico
-0.042871649820186514,0.7068983858018787,4782,GPD,tail,21.39793168391183,0.090625,Puntarenas_OTROS_Hidrometereológico
-0.042871649820186514,0.7068983858018787,4783,GPD,tail,21.39793168391183,0.090625,Puntarenas_OTROS_Hidrometereológico
-0.042871649820186514,0.7068983858018787,4784,GPD,tail,21.39793168391183,0.090625,Puntarenas_OTROS_Hidrometereológico
-0.042871649820186514,0.7068983858018787,4785,GPD,tail,21.39793168391183,0.090625,Puntarenas_OTROS_Hidrometereológico
-0.042871649820186514,0.7068983858018787,4786,GPD,tail,21.39793168391183,0.090625,Puntarenas_OTROS_Hidrometereológico
-0.12597941955624486,0.7920957441236725,4787,GPD,tail,21.39793168391183,0.090625,Puntarenas_OTROS_Hidrometereológico
0.03162607227249606,0.8906174176939547,4788,GPD,tail,21.39793168391183,0.090625,Puntarenas_OTROS_Hidrometereológico
0.03162607227249606,0.8906174176939547,4789,GPD,tail,21.39793168391183,0.090625,Puntarenas_OTROS_Hidrometereológico
-0.026728652896057546,0.804086815491952,4790,GPD,tail,21.39793168391183,0.090625,Puntarenas_OTROS_Hidrometereológico
-0.026728652896057546,0.804086815491952,4791,GPD,tail,21.39793168391183,0.090625,Puntarenas_OTROS_Hidrometereológico
-0.026728652896057546,0.804086815491952,4792,GPD,tail,21.39793168391183,0.090625,Puntarenas_OTROS_Hidrometereológico
-0.026728652896057546,0.804086815491952,4793,GPD,tail,21.39793168391183,0.090625,Puntarenas_OTROS_Hidrometereológico
-0.026728652896057546,0.804086815491952,4794,GPD,tail,21.39793168391183,0.090625,Puntarenas_OTROS_Hidrometereológico
-0.026728652896057546,0.804086815491952,4795,GPD,tail,21.39793168391183,0.090625,Puntarenas_OTROS_Hidrometereológico
-0.026728652896057546,0.804086815491952,4796,GPD,tail,21.39793168391183,0.090625,Puntarenas_OTROS_Hidrometereológico
-0.026728652896057546,0.804086815491952,4797,GPD,tail,21.39793168391183,0.090625,Puntarenas_OTROS_Hidrometereológico
-0.026728652896057546,0.804086815491952,4798,GPD,tail,21.39793168391183,0.090625,Puntarenas_OTROS_Hidrometereológico
-0.026728652896057546,0.804086815491952,4799,GPD,tail,21.39793168391183,0.090625,Puntarenas_OTROS_Hidrometereológico
-0.026728652896057546,0.804086815491952,4800,GPD,tail,21.39793168391183,0.090625,Puntarenas_OTROS_Hidrometereológico
-0.026728652896057546,0.804086815491952,4801,GPD,tail,21.39793168391183,0.090625,Puntarenas_OTROS_Hidrometereológico
-0.07611362373777422,0.8279393536139881,4802,GPD,tail,21.39793168391183,0.090625,Puntarenas_OTROS_Hidrometereológico
-0.07611362373777422,0.8279393536139881,4803,GPD,tail,21.39793168391183,0.090625,Puntarenas_OTROS_Hidrometereológico
-0.07611362373777422,0.8279393536139881,4804,GPD,tail,21.39793168391183,0.090625,Puntarenas_OTROS_Hidrometereológico
-0.07611362373777422,0.8279393536139881,4805,GPD,tail,21.39793168391183,0.090625,Puntarenas_OTROS_Hidrometereológico
-0.07611362373777422,0.8279393536139881,4806,GPD,tail,21.39793168391183,0.090625,Puntarenas_OTROS_Hidrometereológico
-0.07611362373777422,0.8279393536139881,4807,GPD,tail,21.39793168391183,0.090625,Puntarenas_OTROS_Hidrometereológico
-0.07611362373777422,0.8279393536139881,4808,GPD,tail,21.39793168391183,0.090625,Puntarenas_OTROS_Hidrometereológico
-0.07611362373777422,0.8279393536139881,4809,GPD,tail,21.39793168391183,0.090625,Puntarenas_OTROS_Hidrometereológico
-0.07611362373777422,0.8279393536139881,4810,GPD,tail,21.39793168391183,0.090625,Puntarenas_OTROS_Hidrometereológico
-0.07611362373777422,0.8279393536139881,4811,GPD,tail,21.39793168391183,0.090625,Puntarenas_OTROS_Hidrometereológico
-0.07611362373777422,0.8279393536139881,4812,GPD,tail,21.39793168391183,0.090625,Puntarenas_OTROS_Hidrometereológico
-0.07611362373777422,0.8279393536139881,4813,GPD,tail,21.39793168391183,0.090625,Puntarenas_OTROS_Hidrometereológico
-0.07611362373777422,0.8279393536139881,4814,GPD,tail,21.39793168391183,0.090625,Puntarenas_OTROS_Hidrometereológico
-0.07611362373777422,0.8279393536139881,4815,GPD,tail,21.39793168391183,0.090625,Puntarenas_OTROS_Hidrometereológico
-0.07611362373777422,0.8279393536139881,4816,GPD,tail,21.39793168391183,0.090625,Puntarenas_OTROS_Hidrometereológico
-0.07611362373777422,0.8279393536139881,4817,GPD,tail,21.39793168391183,0.090625,Puntarenas_OTROS_Hidrometereológico
-0.07611362373777422,0.8279393536139881,4818,GPD,tail,21.39793168391183,0.090625,Puntarenas_OTROS_Hidrometereológico
-0.07611362373777422,0.8279393536139881,4819,GPD,tail,21.39793168391183,0.090625,Puntarenas_OTROS_Hidrometereológico
-0.07611362373777422,0.8279393536139881,4820,GPD,tail,21.39793168391183,0.090625,Puntarenas_OTROS_Hidrometereológico
0.0045457934125770205,0.8056852786676716,4821,GPD,tail,21.39793168391183,0.090625,Puntarenas_OTROS_Hidrometereológico
0.0045457934125770205,0.8056852786676716,4822,GPD,tail,21.39793168391183,0.090625,Puntarenas_OTROS_Hidrometereológico
0.0045457934125770205,0.8056852786676716,4823,GPD,tail,21.39793168391183,0.090625,Puntarenas_OTROS_Hidrometereológico
0.0045457934125770205,0.8056852786676716,4824,GPD,tail,21.39793168391183,0.090625,Puntarenas_OTROS_Hidrometereológico
0.0045457934125770205,0.8056852786676716,4825,GPD,tail,21.39793168391183,0.090625,Puntarenas_OTROS_Hidrometereológico
0.0045457934125770205,0.8056852786676716,4826,GPD,tail,21.39793168391183,0.090625,Puntarenas_OTROS_Hidrometereológico
0.0045457934125770205,0.8056852786676716,4827,GPD,tail,21.39793168391183,0.090625,Puntarenas_OTROS_Hidrometereológico
0.0045457934125770205,0.8056852786676716,4828,GPD,tail,21.39793168391183,0.090625,Puntarenas_OTROS_Hidrometereológico
0.0045457934125770205,0.8056852786676716,4829,GPD,tail,21.39793168391183,0.090625,Puntarenas_OTROS_Hidrometereológico
0.0045457934125770205,0.8056852786676716,4830,GPD,tail,21.39793168391183,0.090625,Puntarenas_OTROS_Hidrometereológico
0.0045457934125770205,0.8056852786676716,4831,GPD,tail,21.39793168391183,0.090625,Puntarenas_OTROS_Hidrometereológico
0.0045457934125770205,0.8056852786676716,4832,GPD,tail,21.39793168391183,0.090625,Puntarenas_OTROS_Hidrometereológico
0.0045457934125770205,0.8056852786676716,4833,GPD,tail,21.39793168391183,0.090625,Puntarenas_OTROS_Hidrometereológico
0.0045457934125770205,0.8056852786676716,4834,GPD,tail,21.39793168391183,0.090625,Puntarenas_OTROS_Hidrometereológico
0.0045457934125770205,0.8056852786676716,4835,GPD,tail,21.39793168391183,0.090625,Puntarenas_OTROS_Hidrometereológico
0.0045457934125770205,0.8056852786676716,4836,GPD,tail,21.39793168391183,0.090625,Puntarenas_OTROS_Hidrometereológico
0.0045457934125770205,0.8056852786676716,4837,GPD,tail,21.39793168391183,0.090625,Puntarenas_OTROS_Hidrometereológico
0.0045457934125770205,0.8056852786676716,4838,GPD,tail,21.39793168391183,0.090625,Puntarenas_OTROS_Hidrometereológico
0.0045457934125770205,0.8056852786676716,4839,GPD,tail,21.39793168391183,0.090625,Puntarenas_OTROS_Hidrometereológico
0.0045457934125770205,0.8056852786676716,4840,GPD,tail,21.39793168391183,0.090625,Puntarenas_OTROS_Hidrometereológico
0.0045457934125770205,0.8056852786676716,4841,GPD,tail,21.39793168391183,0.090625,Puntarenas_OTROS_Hidrometereológico
0.0045457934125770205,0.8056852786676716,4842,GPD,tail,21.39793168391183,0.090625,Puntarenas_OTROS_Hidrometereológico
0.0045457934125770205,0.8056852786676716,4843,GPD,tail,21.39793168391183,0.090625,Puntarenas_OTROS_Hidrometereológico
0.0045457934125770205,0.8056852786676716,4844,GPD,tail,21.39793168391183,0.090625,Puntarenas_OTROS_Hidrometereológico
0.0045457934125770205,0.8056852786676716,4845,GPD,tail,21.39793168391183,0.090625,Puntarenas_OTROS_Hidrometereológico
0.0045457934125770205,0.8056852786676716,4846,GPD,tail,21.39793168391183,0.090625,Puntarenas_OTROS_Hidrometereológico
-0.11970438121178893,1.0340663994363941,4847,GPD,tail,21.39793168391183,0.090625,Puntarenas_OTROS_Hidrometereológico
-0.11970438121178893,1.0340663994363941,4848,GPD,tail,21.39793168391183,0.090625,Puntarenas_OTROS_Hidrometereológico
-0.11970438121178893,1.0340663994363941,4849,GPD,tail,21.39793168391183,0.090625,Puntarenas_OTROS_Hidrometereológico
-0.11970438121178893,1.0340663994363941,4850,GPD,tail,21.39793168391183,0.090625,Puntarenas_OTROS_Hidrometereológico
-0.11970438121178893,1.0340663994363941,4851,GPD,tail,21.39793168391183,0.090625,Puntarenas_OTROS_Hidrometereológico
-0.11970438121178893,1.0340663994363941,4852,GPD,tail,21.39793168391183,0.090625,Puntarenas_OTROS_Hidrometereológico
-0.11970438121178893,1.0340663994363941,4853,GPD,tail,21.39793168391183,0.090625,Puntarenas_OTROS_Hidrometereológico
-0.11970438121178893,1.0340663994363941,4854,GPD,tail,21.39793168391183,0.090625,Puntarenas_OTROS_Hidrometereológico
-0.11970438121178893,1.0340663994363941,4855,GPD,tail,21.39793168391183,0.090625,Puntarenas_OTROS_Hidrometereológico
-0.11970438121178893,1.0340663994363941,4856,GPD,tail,21.39793168391183,0.090625,Puntarenas_OTROS_Hidrometereológico
-0.11970438121178893,1.0340663994363941,4857,GPD,tail,21.39793168391183,0.090625,Puntarenas_OTROS_Hidrometereológico
-0.11970438121178893,1.0340663994363941,4858,GPD,tail,21.39793168391183,0.090625,Puntarenas_OTROS_Hidrometereológico
-0.11970438121178893,1.0340663994363941,4859,GPD,tail,21.39793168391183,0.090625,Puntarenas_OTROS_Hidrometereológico
-0.11970438121178893,1.0340663994363941,4860,GPD,tail,21.39793168391183,0.090625,Puntarenas_OTROS_Hidrometereológico
-0.11970438121178893,1.0340663994363941,4861,GPD,tail,21.39793168391183,0.090625,Puntarenas_OTROS_Hidrometereológico
-0.11970438121178893,1.0340663994363941,4862,GPD,tail,21.39793168391183,0.090625,Puntarenas_OTROS_Hidrometereológico
-0.11970438121178893,1.0340663994363941,4863,GPD,tail,21.39793168391183,0.090625,Puntarenas_OTROS_Hidrometereológico
-0.11970438121178893,1.0340663994363941,4864,GPD,tail,21.39793168391183,0.090625,Puntarenas_OTROS_Hidrometereológico
-0.11970438121178893,1.0340663994363941,4865,GPD,tail,21.39793168391183,0.090625,Puntarenas_OTROS_Hidrometereológico
-0.11970438121178893,1.0340663994363941,4866,GPD,tail,21.39793168391183,0.090625,Puntarenas_OTROS_Hidrometereológico
-0.11970438121178893,1.0340663994363941,4867,GPD,tail,21.39793168391183,0.090625,Puntarenas_OTROS_Hidrometereológico
-0.11970438121178893,1.0340663994363941,4868,GPD,tail,21.39793168391183,0.090625,Puntarenas_OTROS_Hidrometereológico
-0.11970438121178893,1.0340663994363941,4869,GPD,tail,21.39793168391183,0.090625,Puntarenas_OTROS_Hidrometereológico
-0.11970438121178893,1.0340663994363941,4870,GPD,tail,21.39793168391183,0.090625,Puntarenas_OTROS_Hidrometereológico
-0.11970438121178893,1.0340663994363941,4871,GPD,tail,21.39793168391183,0.090625,Puntarenas_OTROS_Hidrometereológico
-0.11970438121178893,1.0340663994363941,4872,GPD,tail,21.39793168391183,0.090625,Puntarenas_OTROS_Hidrometereológico
-0.11970438121178893,1.0340663994363941,4873,GPD,tail,21.39793168391183,0.090625,Puntarenas_OTROS_Hidrometereológico
-0.11970438121178893,1.0340663994363941,4874,GPD,tail,21.39793168391183,0.090625,Puntarenas_OTROS_Hidrometereológico
-0.11970438121178893,1.0340663994363941,4875,GPD,tail,21.39793168391183,0.090625,Puntarenas_OTROS_Hidrometereológico
-0.11970438121178893,1.0340663994363941,4876,GPD,tail,21.39793168391183,0.090625,Puntarenas_OTROS_Hidrometereológico
-0.11970438121178893,1.0340663994363941,4877,GPD,tail,21.39793168391183,0.090625,Puntarenas_OTROS_Hidrometereológico
-0.11970438121178893,1.0340663994363941,4878,GPD,tail,21.39793168391183,0.090625,Puntarenas_OTROS_Hidrometereológico
-0.11970438121178893,1.0340663994363941,4879,GPD,tail,21.39793168391183,0.090625,Puntarenas_OTROS_Hidrometereológico
-0.11970438121178893,1.0340663994363941,4880,GPD,tail,21.39793168391183,0.090625,Puntarenas_OTROS_Hidrometereológico
-0.11970438121178893,1.0340663994363941,4881,GPD,tail,21.39793168391183,0.090625,Puntarenas_OTROS_Hidrometereológico
-0.11970438121178893,1.0340663994363941,4882,GPD,tail,21.39793168391183,0.090625,Puntarenas_OTROS_Hidrometereológico
-0.0978680043021265,0.9199606380949015,4883,GPD,tail,21.39793168391183,0.090625,Puntarenas_OTROS_Hidrometereológico
-0.0978680043021265,0.9199606380949015,4884,GPD,tail,21.39793168391183,0.090625,Puntarenas_OTROS_Hidrometereológico
-0.0978680043021265,0.9199606380949015,4885,GPD,tail,21.39793168391183,0.090625,Puntarenas_OTROS_Hidrometereológico
-0.0978680043021265,0.9199606380949015,4886,GPD,tail,21.39793168391183,0.090625,Puntarenas_OTROS_Hidrometereológico
-0.0978680043021265,0.9199606380949015,4887,GPD,tail,21.39793168391183,0.090625,Puntarenas_OTROS_Hidrometereológico
-0.0978680043021265,0.9199606380949015,4888,GPD,tail,21.39793168391183,0.090625,Puntarenas_OTROS_Hidrometereológico
-0.04467435478922035,0.8636080381691738,4889,GPD,tail,21.39793168391183,0.090625,Puntarenas_OTROS_Hidrometereológico
-0.04467435478922035,0.8636080381691738,4890,GPD,tail,21.39793168391183,0.090625,Puntarenas_OTROS_Hidrometereológico
-0.04467435478922035,0.8636080381691738,4891,GPD,tail,21.39793168391183,0.090625,Puntarenas_OTROS_Hidrometereológico
-0.04467435478922035,0.8636080381691738,4892,GPD,tail,21.39793168391183,0.090625,Puntarenas_OTROS_Hidrometereológico
-0.04467435478922035,0.8636080381691738,4893,GPD,tail,21.39793168391183,0.090625,Puntarenas_OTROS_Hidrometereológico
-0.04467435478922035,0.8636080381691738,4894,GPD,tail,21.39793168391183,0.090625,Puntarenas_OTROS_Hidrometereológico
-0.04467435478922035,0.8636080381691738,4895,GPD,tail,21.39793168391183,0.090625,Puntarenas_OTROS_Hidrometereológico
-0.04467435478922035,0.8636080381691738,4896,GPD,tail,21.39793168391183,0.090625,Puntarenas_OTROS_Hidrometereológico
-0.04467435478922035,0.8636080381691738,4897,GPD,tail,21.39793168391183,0.090625,Puntarenas_OTROS_Hidrometereológico
-0.04467435478922035,0.8636080381691738,4898,GPD,tail,21.39793168391183,0.090625,Puntarenas_OTROS_Hidrometereológico
-0.04467435478922035,0.8636080381691738,4899,GPD,tail,21.39793168391183,0.090625,Puntarenas_OTROS_Hidrometereológico
-0.04467435478922035,0.8636080381691738,4900,GPD,tail,21.39793168391183,0.090625,Puntarenas_OTROS_Hidrometereológico
-0.04467435478922035,0.8636080381691738,4901,GPD,tail,21.39793168391183,0.090625,Puntarenas_OTROS_Hidrometereológico
-0.04467435478922035,0.8636080381691738,4902,GPD,tail,21.39793168391183,0.090625,Puntarenas_OTROS_Hidrometereológico
-0.04467435478922035,0.8636080381691738,4903,GPD,tail,21.39793168391183,0.090625,Puntarenas_OTROS_Hidrometereológico
-0.04467435478922035,0.8636080381691738,4904,GPD,tail,21.39793168391183,0.090625,Puntarenas_OTROS_Hidrometereológico
-0.04467435478922035,0.8636080381691738,4905,GPD,tail,21.39793168391183,0.090625,Puntarenas_OTROS_Hidrometereológico
-0.04467435478922035,0.8636080381691738,4906,GPD,tail,21.39793168391183,0.090625,Puntarenas_OTROS_Hidrometereológico
-0.04467435478922035,0.8636080381691738,4907,GPD,tail,21.39793168391183,0.090625,Puntarenas_OTROS_Hidrometereológico
-0.04467435478922035,0.8636080381691738,4908,GPD,tail,21.39793168391183,0.090625,Puntarenas_OTROS_Hidrometereológico
-0.04467435478922035,0.8636080381691738,4909,GPD,tail,21.39793168391183,0.090625,Puntarenas_OTROS_Hidrometereológico
-0.04467435478922035,0.8636080381691738,4910,GPD,tail,21.39793168391183,0.090625,Puntarenas_OTROS_Hidrometereológico
-0.04467435478922035,0.8636080381691738,4911,GPD,tail,21.39793168391183,0.090625,Puntarenas_OTROS_Hidrometereológico
-0.04467435478922035,0.8636080381691738,4912,GPD,tail,21.39793168391183,0.090625,Puntarenas_OTROS_Hidrometereológico
-0.04467435478922035,0.8636080381691738,4913,GPD,tail,21.39793168391183,0.090625,Puntarenas_OTROS_Hidrometereológico
-0.04467435478922035,0.8636080381691738,4914,GPD,tail,21.39793168391183,0.090625,Puntarenas_OTROS_Hidrometereológico
-0.04467435478922035,0.8636080381691738,4915,GPD,tail,21.39793168391183,0.090625,Puntarenas_OTROS_Hidrometereológico
-0.04467435478922035,0.8636080381691738,4916,GPD,tail,21.39793168391183,0.090625,Puntarenas_OTROS_Hidrometereológico
-0.04467435478922035,0.8636080381691738,4917,GPD,tail,21.39793168391183,0.090625,Puntarenas_OTROS_Hidrometereológico
-0.04467435478922035,0.8636080381691738,4918,GPD,tail,21.39793168391183,0.090625,Puntarenas_OTROS_Hidrometereológico
-0.04467435478922035,0.8636080381691738,4919,GPD,tail,21.39793168391183,0.090625,Puntarenas_OTROS_Hidrometereológico
-0.12882913493594272,0.9880632661661723,4920,GPD,tail,21.39793168391183,0.090625,Puntarenas_OTROS_Hidrometereológico
0.026826048286433174,0.8428709909854655,4921,GPD,tail,21.39793168391183,0.090625,Puntarenas_OTROS_Hidrometereológico
0.026826048286433174,0.8428709909854655,4922,GPD,tail,21.39793168391183,0.090625,Puntarenas_OTROS_Hidrometereológico
0.026826048286433174,0.8428709909854655,4923,GPD,tail,21.39793168391183,0.090625,Puntarenas_OTROS_Hidrometereológico
0.026826048286433174,0.8428709909854655,4924,GPD,tail,21.39793168391183,0.090625,Puntarenas_OTROS_Hidrometereológico
0.026826048286433174,0.8428709909854655,4925,GPD,tail,21.39793168391183,0.090625,Puntarenas_OTROS_Hidrometereológico
0.026826048286433174,0.8428709909854655,4926,GPD,tail,21.39793168391183,0.090625,Puntarenas_OTROS_Hidrometereológico
0.026826048286433174,0.8428709909854655,4927,GPD,tail,21.39793168391183,0.090625,Puntarenas_OTROS_Hidrometereológico
0.026826048286433174,0.8428709909854655,4928,GPD,tail,21.39793168391183,0.090625,Puntarenas_OTROS_Hidrometereológico
0.026826048286433174,0.8428709909854655,4929,GPD,tail,21.39793168391183,0.090625,Puntarenas_OTROS_Hidrometereológico
0.03370617487373027,0.768726843790506,4930,GPD,tail,21.39793168391183,0.090625,Puntarenas_OTROS_Hidrometereológico
0.03370617487373027,0.768726843790506,4931,GPD,tail,21.39793168391183,0.090625,Puntarenas_OTROS_Hidrometereológico
0.03370617487373027,0.768726843790506,4932,GPD,tail,21.39793168391183,0.090625,Puntarenas_OTROS_Hidrometereológico
0.03370617487373027,0.768726843790506,4933,GPD,tail,21.39793168391183,0.090625,Puntarenas_OTROS_Hidrometereológico
0.03370617487373027,0.768726843790506,4934,GPD,tail,21.39793168391183,0.090625,Puntarenas_OTROS_Hidrometereológico
0.03370617487373027,0.768726843790506,4935,GPD,tail,21.39793168391183,0.090625,Puntarenas_OTROS_Hidrometereológico
0.03370617487373027,0.768726843790506,4936,GPD,tail,21.39793168391183,0.090625,Puntarenas_OTROS_Hidrometereológico
0.03370617487373027,0.768726843790506,4937,GPD,tail,21.39793168391183,0.090625,Puntarenas_OTROS_Hidrometereológico
0.03370617487373027,0.768726843790506,4938,GPD,tail,21.39793168391183,0.090625,Puntarenas_OTROS_Hidrometereológico
0.03370617487373027,0.768726843790506,4939,GPD,tail,21.39793168391183,0.090625,Puntarenas_OTROS_Hidrometereológico
0.03370617487373027,0.768726843790506,4940,GPD,tail,21.39793168391183,0.090625,Puntarenas_OTROS_Hidrometereológico
0.03370617487373027,0.768726843790506,4941,GPD,tail,21.39793168391183,0.090625,Puntarenas_OTROS_Hidrometereológico
0.03370617487373027,0.768726843790506,4942,GPD,tail,21.39793168391183,0.090625,Puntarenas_OTROS_Hidrometereológico
0.03370617487373027,0.768726843790506,4943,GPD,tail,21.39793168391183,0.090625,Puntarenas_OTROS_Hidrometereológico
0.03370617487373027,0.768726843790506,4944,GPD,tail,21.39793168391183,0.090625,Puntarenas_OTROS_Hidrometereológico
0.03370617487373027,0.768726843790506,4945,GPD,tail,21.39793168391183,0.090625,Puntarenas_OTROS_Hidrometereológico
0.03370617487373027,0.768726843790506,4946,GPD,tail,21.39793168391183,0.090625,Puntarenas_OTROS_Hidrometereológico
0.03370617487373027,0.768726843790506,4947,GPD,tail,21.39793168391183,0.090625,Puntarenas_OTROS_Hidrometereológico
0.03370617487373027,0.768726843790506,4948,GPD,tail,21.39793168391183,0.090625,Puntarenas_OTROS_Hidrometereológico
0.03370617487373027,0.768726843790506,4949,GPD,tail,21.39793168391183,0.090625,Puntarenas_OTROS_Hidrometereológico
0.03370617487373027,0.768726843790506,4950,GPD,tail,21.39793168391183,0.090625,Puntarenas_OTROS_Hidrometereológico
0.03370617487373027,0.768726843790506,4951,GPD,tail,21.39793168391183,0.090625,Puntarenas_OTROS_Hidrometereológico
0.03370617487373027,0.768726843790506,4952,GPD,tail,21.39793168391183,0.090625,Puntarenas_OTROS_Hidrometereológico
0.03370617487373027,0.768726843790506,4953,GPD,tail,21.39793168391183,0.090625,Puntarenas_OTROS_Hidrometereológico
0.03370617487373027,0.768726843790506,4954,GPD,tail,21.39793168391183,0.090625,Puntarenas_OTROS_Hidrometereológico
0.03370617487373027,0.768726843790506,4955,GPD,tail,21.39793168391183,0.090625,Puntarenas_OTROS_Hidrometereológico
0.03370617487373027,0.768726843790506,4956,GPD,tail,21.39793168391183,0.090625,Puntarenas_OTROS_Hidrometereológico
0.03370617487373027,0.768726843790506,4957,GPD,tail,21.39793168391183,0.090625,Puntarenas_OTROS_Hidrometereológico
0.03370617487373027,0.768726843790506,4958,GPD,tail,21.39793168391183,0.090625,Puntarenas_OTROS_Hidrometereológico
0.03370617487373027,0.768726843790506,4959,GPD,tail,21.39793168391183,0.090625,Puntarenas_OTROS_Hidrometereológico
0.03370617487373027,0.768726843790506,4960,GPD,tail,21.39793168391183,0.090625,Puntarenas_OTROS_Hidrometereológico
0.03370617487373027,0.768726843790506,4961,GPD,tail,21.39793168391183,0.090625,Puntarenas_OTROS_Hidrometereológico
0.03370617487373027,0.768726843790506,4962,GPD,tail,21.39793168391183,0.090625,Puntarenas_OTROS_Hidrometereológico
0.03370617487373027,0.768726843790506,4963,GPD,tail,21.39793168391183,0.090625,Puntarenas_OTROS_Hidrometereológico
0.03370617487373027,0.768726843790506,4964,GPD,tail,21.39793168391183,0.090625,Puntarenas_OTROS_Hidrometereológico
0.03370617487373027,0.768726843790506,4965,GPD,tail,21.39793168391183,0.090625,Puntarenas_OTROS_Hidrometereológico
0.03370617487373027,0.768726843790506,4966,GPD,tail,21.39793168391183,0.090625,Puntarenas_OTROS_Hidrometereológico
0.03370617487373027,0.768726843790506,4967,GPD,tail,21.39793168391183,0.090625,Puntarenas_OTROS_Hidrometereológico
0.03370617487373027,0.768726843790506,4968,GPD,tail,21.39793168391183,0.090625,Puntarenas_OTROS_Hidrometereológico
0.03370617487373027,0.768726843790506,4969,GPD,tail,21.39793168391183,0.090625,Puntarenas_OTROS_Hidrometereológico
0.03370617487373027,0.768726843790506,4970,GPD,tail,21.39793168391183,0.090625,Puntarenas_OTROS_Hidrometereológico
0.03370617487373027,0.768726843790506,4971,GPD,tail,21.39793168391183,0.090625,Puntarenas_OTROS_Hidrometereológico
0.03370617487373027,0.768726843790506,4972,GPD,tail,21.39793168391183,0.090625,Puntarenas_OTROS_Hidrometereológico
0.03370617487373027,0.768726843790506,4973,GPD,tail,21.39793168391183,0.090625,Puntarenas_OTROS_Hidrometereológico
0.03370617487373027,0.768726843790506,4974,GPD,tail,21.39793168391183,0.090625,Puntarenas_OTROS_Hidrometereológico
0.03370617487373027,0.768726843790506,4975,GPD,tail,21.39793168391183,0.090625,Puntarenas_OTROS_Hidrometereológico
0.03370617487373027,0.768726843790506,4976,GPD,tail,21.39793168391183,0.090625,Puntarenas_OTROS_Hidrometereológico
0.03370617487373027,0.768726843790506,4977,GPD,tail,21.39793168391183,0.090625,Puntarenas_OTROS_Hidrometereológico
0.03370617487373027,0.768726843790506,4978,GPD,tail,21.39793168391183,0.090625,Puntarenas_OTROS_Hidrometereológico
0.03370617487373027,0.768726843790506,4979,GPD,tail,21.39793168391183,0.090625,Puntarenas_OTROS_Hidrometereológico
0.03370617487373027,0.768726843790506,4980,GPD,tail,21.39793168391183,0.090625,Puntarenas_OTROS_Hidrometereológico
0.03370617487373027,0.768726843790506,4981,GPD,tail,21.39793168391183,0.090625,Puntarenas_OTROS_Hidrometereológico
-0.13549952974328458,0.8786196503199141,4982,GPD,tail,21.39793168391183,0.090625,Puntarenas_OTROS_Hidrometereológico
-0.13549952974328458,0.8786196503199141,4983,GPD,tail,21.39793168391183,0.090625,Puntarenas_OTROS_Hidrometereológico
-0.13549952974328458,0.8786196503199141,4984,GPD,tail,21.39793168391183,0.090625,Puntarenas_OTROS_Hidrometereológico
-0.13549952974328458,0.8786196503199141,4985,GPD,tail,21.39793168391183,0.090625,Puntarenas_OTROS_Hidrometereológico
-0.13549952974328458,0.8786196503199141,4986,GPD,tail,21.39793168391183,0.090625,Puntarenas_OTROS_Hidrometereológico
-0.13549952974328458,0.8786196503199141,4987,GPD,tail,21.39793168391183,0.090625,Puntarenas_OTROS_Hidrometereológico
-0.13549952974328458,0.8786196503199141,4988,GPD,tail,21.39793168391183,0.090625,Puntarenas_OTROS_Hidrometereológico
-0.13549952974328458,0.8786196503199141,4989,GPD,tail,21.39793168391183,0.090625,Puntarenas_OTROS_Hidrometereológico
-0.13549952974328458,0.8786196503199141,4990,GPD,tail,21.39793168391183,0.090625,Puntarenas_OTROS_Hidrometereológico
-0.13549952974328458,0.8786196503199141,4991,GPD,tail,21.39793168391183,0.090625,Puntarenas_OTROS_Hidrometereológico
-0.13549952974328458,0.8786196503199141,4992,GPD,tail,21.39793168391183,0.090625,Puntarenas_OTROS_Hidrometereológico
-0.13549952974328458,0.8786196503199141,4993,GPD,tail,21.39793168391183,0.090625,Puntarenas_OTROS_Hidrometereológico
-0.13549952974328458,0.8786196503199141,4994,GPD,tail,21.39793168391183,0.090625,Puntarenas_OTROS_Hidrometereológico
-0.13549952974328458,0.8786196503199141,4995,GPD,tail,21.39793168391183,0.090625,Puntarenas_OTROS_Hidrometereológico
-0.13549952974328458,0.8786196503199141,4996,GPD,tail,21.39793168391183,0.090625,Puntarenas_OTROS_Hidrometereológico
-0.13549952974328458,0.8786196503199141,4997,GPD,tail,21.39793168391183,0.090625,Puntarenas_OTROS_Hidrometereológico
-0.13549952974328458,0.8786196503199141,4998,GPD,tail,21.39793168391183,0.090625,Puntarenas_OTROS_Hidrometereológico
-0.13549952974328458,0.8786196503199141,4999,GPD,tail,21.39793168391183,0.090625,Puntarenas_OTROS_Hidrometereológico
-0.13549952974328458,0.8786196503199141,5000,GPD,tail,21.39793168391183,0.090625,Puntarenas_OTROS_Hidrometereológico
-0.13549952974328458,0.8786196503199141,5001,GPD,tail,21.39793168391183,0.090625,Puntarenas_OTROS_Hidrometereológico
-0.13549952974328458,0.8786196503199141,5002,GPD,tail,21.39793168391183,0.090625,Puntarenas_OTROS_Hidrometereológico
-0.13549952974328458,0.8786196503199141,5003,GPD,tail,21.39793168391183,0.090625,Puntarenas_OTROS_Hidrometereológico
-0.13549952974328458,0.8786196503199141,5004,GPD,tail,21.39793168391183,0.090625,Puntarenas_OTROS_Hidrometereológico
-0.13549952974328458,0.8786196503199141,5005,GPD,tail,21.39793168391183,0.090625,Puntarenas_OTROS_Hidrometereológico
-0.13549952974328458,0.8786196503199141,5006,GPD,tail,21.39793168391183,0.090625,Puntarenas_OTROS_Hidrometereológico
-0.056083190996871174,0.7837887052847476,5007,GPD,tail,21.39793168391183,0.090625,Puntarenas_OTROS_Hidrometereológico
-0.056083190996871174,0.7837887052847476,5008,GPD,tail,21.39793168391183,0.090625,Puntarenas_OTROS_Hidrometereológico
-0.056083190996871174,0.7837887052847476,5009,GPD,tail,21.39793168391183,0.090625,Puntarenas_OTROS_Hidrometereológico
-0.056083190996871174,0.7837887052847476,5010,GPD,tail,21.39793168391183,0.090625,Puntarenas_OTROS_Hidrometereológico
-0.056083190996871174,0.7837887052847476,5011,GPD,tail,21.39793168391183,0.090625,Puntarenas_OTROS_Hidrometereológico
-0.056083190996871174,0.7837887052847476,5012,GPD,tail,21.39793168391183,0.090625,Puntarenas_OTROS_Hidrometereológico
-0.056083190996871174,0.7837887052847476,5013,GPD,tail,21.39793168391183,0.090625,Puntarenas_OTROS_Hidrometereológico
-0.056083190996871174,0.7837887052847476,5014,GPD,tail,21.39793168391183,0.090625,Puntarenas_OTROS_Hidrometereológico
-0.056083190996871174,0.7837887052847476,5015,GPD,tail,21.39793168391183,0.090625,Puntarenas_OTROS_Hidrometereológico
-0.056083190996871174,0.7837887052847476,5016,GPD,tail,21.39793168391183,0.090625,Puntarenas_OTROS_Hidrometereológico
-0.056083190996871174,0.7837887052847476,5017,GPD,tail,21.39793168391183,0.090625,Puntarenas_OTROS_Hidrometereológico
-0.056083190996871174,0.7837887052847476,5018,GPD,tail,21.39793168391183,0.090625,Puntarenas_OTROS_Hidrometereológico
-0.056083190996871174,0.7837887052847476,5019,GPD,tail,21.39793168391183,0.090625,Puntarenas_OTROS_Hidrometereológico
-0.056083190996871174,0.7837887052847476,5020,GPD,tail,21.39793168391183,0.090625,Puntarenas_OTROS_Hidrometereológico
-0.08391356537947252,0.837805209130759,5021,GPD,tail,21.39793168391183,0.090625,Puntarenas_OTROS_Hidrometereológico
-0.08391356537947252,0.837805209130759,5022,GPD,tail,21.39793168391183,0.090625,Puntarenas_OTROS_Hidrometereológico
0.034427482251574756,0.7677769460202328,5023,GPD,tail,21.39793168391183,0.090625,Puntarenas_OTROS_Hidrometereológico
0.034427482251574756,0.7677769460202328,5024,GPD,tail,21.39793168391183,0.090625,Puntarenas_OTROS_Hidrometereológico
0.034427482251574756,0.7677769460202328,5025,GPD,tail,21.39793168391183,0.090625,Puntarenas_OTROS_Hidrometereológico
0.034427482251574756,0.7677769460202328,5026,GPD,tail,21.39793168391183,0.090625,Puntarenas_OTROS_Hidrometereológico
0.034427482251574756,0.7677769460202328,5027,GPD,tail,21.39793168391183,0.090625,Puntarenas_OTROS_Hidrometereológico
0.034427482251574756,0.7677769460202328,5028,GPD,tail,21.39793168391183,0.090625,Puntarenas_OTROS_Hidrometereológico
0.034427482251574756,0.7677769460202328,5029,GPD,tail,21.39793168391183,0.090625,Puntarenas_OTROS_Hidrometereológico
0.034427482251574756,0.7677769460202328,5030,GPD,tail,21.39793168391183,0.090625,Puntarenas_OTROS_Hidrometereológico
0.034427482251574756,0.7677769460202328,5031,GPD,tail,21.39793168391183,0.090625,Puntarenas_OTROS_Hidrometereológico
0.034427482251574756,0.7677769460202328,5032,GPD,tail,21.39793168391183,0.090625,Puntarenas_OTROS_Hidrometereológico
0.034427482251574756,0.7677769460202328,5033,GPD,tail,21.39793168391183,0.090625,Puntarenas_OTROS_Hidrometereológico
0.034427482251574756,0.7677769460202328,5034,GPD,tail,21.39793168391183,0.090625,Puntarenas_OTROS_Hidrometereológico
0.034427482251574756,0.7677769460202328,5035,GPD,tail,21.39793168391183,0.090625,Puntarenas_OTROS_Hidrometereológico
0.034427482251574756,0.7677769460202328,5036,GPD,tail,21.39793168391183,0.090625,Puntarenas_OTROS_Hidrometereológico
0.010681685281789179,0.7076339343497057,5037,GPD,tail,21.39793168391183,0.090625,Puntarenas_OTROS_Hidrometereológico
0.010681685281789179,0.7076339343497057,5038,GPD,tail,21.39793168391183,0.090625,Puntarenas_OTROS_Hidrometereológico
0.010681685281789179,0.7076339343497057,5039,GPD,tail,21.39793168391183,0.090625,Puntarenas_OTROS_Hidrometereológico
0.010681685281789179,0.7076339343497057,5040,GPD,tail,21.39793168391183,0.090625,Puntarenas_OTROS_Hidrometereológico
0.010681685281789179,0.7076339343497057,5041,GPD,tail,21.39793168391183,0.090625,Puntarenas_OTROS_Hidrometereológico
0.010681685281789179,0.7076339343497057,5042,GPD,tail,21.39793168391183,0.090625,Puntarenas_OTROS_Hidrometereológico
0.010681685281789179,0.7076339343497057,5043,GPD,tail,21.39793168391183,0.090625,Puntarenas_OTROS_Hidrometereológico
0.010681685281789179,0.7076339343497057,5044,GPD,tail,21.39793168391183,0.090625,Puntarenas_OTROS_Hidrometereológico
-0.16969749592931696,0.9843286895483367,5045,GPD,tail,21.39793168391183,0.090625,Puntarenas_OTROS_Hidrometereológico
-0.16969749592931696,0.9843286895483367,5046,GPD,tail,21.39793168391183,0.090625,Puntarenas_OTROS_Hidrometereológico
-0.16969749592931696,0.9843286895483367,5047,GPD,tail,21.39793168391183,0.090625,Puntarenas_OTROS_Hidrometereológico
-0.16969749592931696,0.9843286895483367,5048,GPD,tail,21.39793168391183,0.090625,Puntarenas_OTROS_Hidrometereológico
-0.16969749592931696,0.9843286895483367,5049,GPD,tail,21.39793168391183,0.090625,Puntarenas_OTROS_Hidrometereológico
-0.07706712560899025,0.7646569078003898,5050,GPD,tail,21.39793168391183,0.090625,Puntarenas_OTROS_Hidrometereológico
-0.08201369807939249,0.9725622332934799,5051,GPD,tail,21.39793168391183,0.090625,Puntarenas_OTROS_Hidrometereológico
-0.08201369807939249,0.9725622332934799,5052,GPD,tail,21.39793168391183,0.090625,Puntarenas_OTROS_Hidrometereológico
-0.08201369807939249,0.9725622332934799,5053,GPD,tail,21.39793168391183,0.090625,Puntarenas_OTROS_Hidrometereológico
-0.08201369807939249,0.9725622332934799,5054,GPD,tail,21.39793168391183,0.090625,Puntarenas_OTROS_Hidrometereológico
-0.14577063485994618,0.9333229608668042,5055,GPD,tail,21.39793168391183,0.090625,Puntarenas_OTROS_Hidrometereológico
-0.14577063485994618,0.9333229608668042,5056,GPD,tail,21.39793168391183,0.090625,Puntarenas_OTROS_Hidrometereológico
-0.14577063485994618,0.9333229608668042,5057,GPD,tail,21.39793168391183,0.090625,Puntarenas_OTROS_Hidrometereológico
-0.14577063485994618,0.9333229608668042,5058,GPD,tail,21.39793168391183,0.090625,Puntarenas_OTROS_Hidrometereológico
-0.14577063485994618,0.9333229608668042,5059,GPD,tail,21.39793168391183,0.090625,Puntarenas_OTROS_Hidrometereológico
-0.14577063485994618,0.9333229608668042,5060,GPD,tail,21.39793168391183,0.090625,Puntarenas_OTROS_Hidrometereológico
-0.1409670685456167,0.9175437501186958,5061,GPD,tail,21.39793168391183,0.090625,Puntarenas_OTROS_Hidrometereológico
-0.1409670685456167,0.9175437501186958,5062,GPD,tail,21.39793168391183,0.090625,Puntarenas_OTROS_Hidrometereológico
-0.1409670685456167,0.9175437501186958,5063,GPD,tail,21.39793168391183,0.090625,Puntarenas_OTROS_Hidrometereológico
-0.1409670685456167,0.9175437501186958,5064,GPD,tail,21.39793168391183,0.090625,Puntarenas_OTROS_Hidrometereológico
-0.1409670685456167,0.9175437501186958,5065,GPD,tail,21.39793168391183,0.090625,Puntarenas_OTROS_Hidrometereológico
-0.06293632820564499,0.7968880757334275,5066,GPD,tail,21.39793168391183,0.090625,Puntarenas_OTROS_Hidrometereológico
-0.06293632820564499,0.7968880757334275,5067,GPD,tail,21.39793168391183,0.090625,Puntarenas_OTROS_Hidrometereológico
-0.06293632820564499,0.7968880757334275,5068,GPD,tail,21.39793168391183,0.090625,Puntarenas_OTROS_Hidrometereológico
-0.06293632820564499,0.7968880757334275,5069,GPD,tail,21.39793168391183,0.090625,Puntarenas_OTROS_Hidrometereológico
-0.06293632820564499,0.7968880757334275,5070,GPD,tail,21.39793168391183,0.090625,Puntarenas_OTROS_Hidrometereológico
-0.06293632820564499,0.7968880757334275,5071,GPD,tail,21.39793168391183,0.090625,Puntarenas_OTROS_Hidrometereológico
-0.06293632820564499,0.7968880757334275,5072,GPD,tail,21.39793168391183,0.090625,Puntarenas_OTROS_Hidrometereológico
-0.06293632820564499,0.7968880757334275,5073,GPD,tail,21.39793168391183,0.090625,Puntarenas_OTROS_Hidrometereológico
-0.06293632820564499,0.7968880757334275,5074,GPD,tail,21.39793168391183,0.090625,Puntarenas_OTROS_Hidrometereológico
-0.06293632820564499,0.7968880757334275,5075,GPD,tail,21.39793168391183,0.090625,Puntarenas_OTROS_Hidrometereológico
-0.11609295271417094,0.8423808606614123,5076,GPD,tail,21.39793168391183,0.090625,Puntarenas_OTROS_Hidrometereológico
-0.11609295271417094,0.8423808606614123,5077,GPD,tail,21.39793168391183,0.090625,Puntarenas_OTROS_Hidrometereológico
-0.11609295271417094,0.8423808606614123,5078,GPD,tail,21.39793168391183,0.090625,Puntarenas_OTROS_Hidrometereológico
-0.11609295271417094,0.8423808606614123,5079,GPD,tail,21.39793168391183,0.090625,Puntarenas_OTROS_Hidrometereológico
-0.11609295271417094,0.8423808606614123,5080,GPD,tail,21.39793168391183,0.090625,Puntarenas_OTROS_Hidrometereológico
-0.11609295271417094,0.8423808606614123,5081,GPD,tail,21.39793168391183,0.090625,Puntarenas_OTROS_Hidrometereológico
-0.11609295271417094,0.8423808606614123,5082,GPD,tail,21.39793168391183,0.090625,Puntarenas_OTROS_Hidrometereológico
-0.11609295271417094,0.8423808606614123,5083,GPD,tail,21.39793168391183,0.090625,Puntarenas_OTROS_Hidrometereológico
-0.11609295271417094,0.8423808606614123,5084,GPD,tail,21.39793168391183,0.090625,Puntarenas_OTROS_Hidrometereológico
-0.11609295271417094,0.8423808606614123,5085,GPD,tail,21.39793168391183,0.090625,Puntarenas_OTROS_Hidrometereológico
-0.11609295271417094,0.8423808606614123,5086,GPD,tail,21.39793168391183,0.090625,Puntarenas_OTROS_Hidrometereológico
-0.07013864366693717,0.919172689089282,5087,GPD,tail,21.39793168391183,0.090625,Puntarenas_OTROS_Hidrometereológico
-0.15112604835348048,0.9709455323309772,5088,GPD,tail,21.39793168391183,0.090625,Puntarenas_OTROS_Hidrometereológico
-0.15112604835348048,0.9709455323309772,5089,GPD,tail,21.39793168391183,0.090625,Puntarenas_OTROS_Hidrometereológico
-0.15112604835348048,0.9709455323309772,5090,GPD,tail,21.39793168391183,0.090625,Puntarenas_OTROS_Hidrometereológico
-0.06152373410705121,0.9221130464211871,5091,GPD,tail,21.39793168391183,0.090625,Puntarenas_OTROS_Hidrometereológico
-0.06152373410705121,0.9221130464211871,5092,GPD,tail,21.39793168391183,0.090625,Puntarenas_OTROS_Hidrometereológico
-0.06152373410705121,0.9221130464211871,5093,GPD,tail,21.39793168391183,0.090625,Puntarenas_OTROS_Hidrometereológico
-0.06152373410705121,0.9221130464211871,5094,GPD,tail,21.39793168391183,0.090625,Puntarenas_OTROS_Hidrometereológico
-0.06152373410705121,0.9221130464211871,5095,GPD,tail,21.39793168391183,0.090625,Puntarenas_OTROS_Hidrometereológico
-0.06152373410705121,0.9221130464211871,5096,GPD,tail,21.39793168391183,0.090625,Puntarenas_OTROS_Hidrometereológico
-0.06152373410705121,0.9221130464211871,5097,GPD,tail,21.39793168391183,0.090625,Puntarenas_OTROS_Hidrometereológico
-0.06152373410705121,0.9221130464211871,5098,GPD,tail,21.39793168391183,0.090625,Puntarenas_OTROS_Hidrometereológico
-0.06152373410705121,0.9221130464211871,5099,GPD,tail,21.39793168391183,0.090625,Puntarenas_OTROS_Hidrometereológico
-0.06152373410705121,0.9221130464211871,5100,GPD,tail,21.39793168391183,0.090625,Puntarenas_OTROS_Hidrometereológico
-0.06152373410705121,0.9221130464211871,5101,GPD,tail,21.39793168391183,0.090625,Puntarenas_OTROS_Hidrometereológico
-0.06152373410705121,0.9221130464211871,5102,GPD,tail,21.39793168391183,0.090625,Puntarenas_OTROS_Hidrometereológico
-0.06152373410705121,0.9221130464211871,5103,GPD,tail,21.39793168391183,0.090625,Puntarenas_OTROS_Hidrometereológico
-0.06152373410705121,0.9221130464211871,5104,GPD,tail,21.39793168391183,0.090625,Puntarenas_OTROS_Hidrometereológico
-0.06152373410705121,0.9221130464211871,5105,GPD,tail,21.39793168391183,0.090625,Puntarenas_OTROS_Hidrometereológico
-0.06152373410705121,0.9221130464211871,5106,GPD,tail,21.39793168391183,0.090625,Puntarenas_OTROS_Hidrometereológico
-0.06152373410705121,0.9221130464211871,5107,GPD,tail,21.39793168391183,0.090625,Puntarenas_OTROS_Hidrometereológico
-0.06152373410705121,0.9221130464211871,5108,GPD,tail,21.39793168391183,0.090625,Puntarenas_OTROS_Hidrometereológico
-0.06152373410705121,0.9221130464211871,5109,GPD,tail,21.39793168391183,0.090625,Puntarenas_OTROS_Hidrometereológico
-0.06152373410705121,0.9221130464211871,5110,GPD,tail,21.39793168391183,0.090625,Puntarenas_OTROS_Hidrometereológico
-0.06152373410705121,0.9221130464211871,5111,GPD,tail,21.39793168391183,0.090625,Puntarenas_OTROS_Hidrometereológico
-0.06152373410705121,0.9221130464211871,5112,GPD,tail,21.39793168391183,0.090625,Puntarenas_OTROS_Hidrometereológico
-0.06152373410705121,0.9221130464211871,5113,GPD,tail,21.39793168391183,0.090625,Puntarenas_OTROS_Hidrometereológico
-0.12815296293524742,0.8933511863295747,5114,GPD,tail,21.39793168391183,0.090625,Puntarenas_OTROS_Hidrometereológico
-0.12815296293524742,0.8933511863295747,5115,GPD,tail,21.39793168391183,0.090625,Puntarenas_OTROS_Hidrometereológico
-0.12815296293524742,0.8933511863295747,5116,GPD,tail,21.39793168391183,0.090625,Puntarenas_OTROS_Hidrometereológico
-0.12815296293524742,0.8933511863295747,5117,GPD,tail,21.39793168391183,0.090625,Puntarenas_OTROS_Hidrometereológico
-0.12815296293524742,0.8933511863295747,5118,GPD,tail,21.39793168391183,0.090625,Puntarenas_OTROS_Hidrometereológico
-0.12815296293524742,0.8933511863295747,5119,GPD,tail,21.39793168391183,0.090625,Puntarenas_OTROS_Hidrometereológico
-0.12815296293524742,0.8933511863295747,5120,GPD,tail,21.39793168391183,0.090625,Puntarenas_OTROS_Hidrometereológico
-0.12815296293524742,0.8933511863295747,5121,GPD,tail,21.39793168391183,0.090625,Puntarenas_OTROS_Hidrometereológico
-0.12815296293524742,0.8933511863295747,5122,GPD,tail,21.39793168391183,0.090625,Puntarenas_OTROS_Hidrometereológico
-0.12815296293524742,0.8933511863295747,5123,GPD,tail,21.39793168391183,0.090625,Puntarenas_OTROS_Hidrometereológico
-0.12815296293524742,0.8933511863295747,5124,GPD,tail,21.39793168391183,0.090625,Puntarenas_OTROS_Hidrometereológico
-0.12815296293524742,0.8933511863295747,5125,GPD,tail,21.39793168391183,0.090625,Puntarenas_OTROS_Hidrometereológico
-0.12815296293524742,0.8933511863295747,5126,GPD,tail,21.39793168391183,0.090625,Puntarenas_OTROS_Hidrometereológico
-0.12815296293524742,0.8933511863295747,5127,GPD,tail,21.39793168391183,0.090625,Puntarenas_OTROS_Hidrometereológico
-0.12815296293524742,0.8933511863295747,5128,GPD,tail,21.39793168391183,0.090625,Puntarenas_OTROS_Hidrometereológico
-0.12815296293524742,0.8933511863295747,5129,GPD,tail,21.39793168391183,0.090625,Puntarenas_OTROS_Hidrometereológico
-0.12815296293524742,0.8933511863295747,5130,GPD,tail,21.39793168391183,0.090625,Puntarenas_OTROS_Hidrometereológico
0.009036624033975371,0.771202810201556,5131,GPD,tail,21.39793168391183,0.090625,Puntarenas_OTROS_Hidrometereológico
0.06315084863108178,0.7943840278037587,5132,GPD,tail,21.39793168391183,0.090625,Puntarenas_OTROS_Hidrometereológico
0.06315084863108178,0.7943840278037587,5133,GPD,tail,21.39793168391183,0.090625,Puntarenas_OTROS_Hidrometereológico
0.06315084863108178,0.7943840278037587,5134,GPD,tail,21.39793168391183,0.090625,Puntarenas_OTROS_Hidrometereológico
0.06315084863108178,0.7943840278037587,5135,GPD,tail,21.39793168391183,0.090625,Puntarenas_OTROS_Hidrometereológico
0.06315084863108178,0.7943840278037587,5136,GPD,tail,21.39793168391183,0.090625,Puntarenas_OTROS_Hidrometereológico
0.06315084863108178,0.7943840278037587,5137,GPD,tail,21.39793168391183,0.090625,Puntarenas_OTROS_Hidrometereológico
0.06315084863108178,0.7943840278037587,5138,GPD,tail,21.39793168391183,0.090625,Puntarenas_OTROS_Hidrometereológico
0.06315084863108178,0.7943840278037587,5139,GPD,tail,21.39793168391183,0.090625,Puntarenas_OTROS_Hidrometereológico
0.06315084863108178,0.7943840278037587,5140,GPD,tail,21.39793168391183,0.090625,Puntarenas_OTROS_Hidrometereológico
0.06315084863108178,0.7943840278037587,5141,GPD,tail,21.39793168391183,0.090625,Puntarenas_OTROS_Hidrometereológico
0.06315084863108178,0.7943840278037587,5142,GPD,tail,21.39793168391183,0.090625,Puntarenas_OTROS_Hidrometereológico
0.06315084863108178,0.7943840278037587,5143,GPD,tail,21.39793168391183,0.090625,Puntarenas_OTROS_Hidrometereológico
0.06315084863108178,0.7943840278037587,5144,GPD,tail,21.39793168391183,0.090625,Puntarenas_OTROS_Hidrometereológico
0.06315084863108178,0.7943840278037587,5145,GPD,tail,21.39793168391183,0.090625,Puntarenas_OTROS_Hidrometereológico
0.06315084863108178,0.7943840278037587,5146,GPD,tail,21.39793168391183,0.090625,Puntarenas_OTROS_Hidrometereológico
0.06315084863108178,0.7943840278037587,5147,GPD,tail,21.39793168391183,0.090625,Puntarenas_OTROS_Hidrometereológico
0.06315084863108178,0.7943840278037587,5148,GPD,tail,21.39793168391183,0.090625,Puntarenas_OTROS_Hidrometereológico
0.06315084863108178,0.7943840278037587,5149,GPD,tail,21.39793168391183,0.090625,Puntarenas_OTROS_Hidrometereológico
0.06315084863108178,0.7943840278037587,5150,GPD,tail,21.39793168391183,0.090625,Puntarenas_OTROS_Hidrometereológico
0.06315084863108178,0.7943840278037587,5151,GPD,tail,21.39793168391183,0.090625,Puntarenas_OTROS_Hidrometereológico
0.06315084863108178,0.7943840278037587,5152,GPD,tail,21.39793168391183,0.090625,Puntarenas_OTROS_Hidrometereológico
0.06315084863108178,0.7943840278037587,5153,GPD,tail,21.39793168391183,0.090625,Puntarenas_OTROS_Hidrometereológico
0.06315084863108178,0.7943840278037587,5154,GPD,tail,21.39793168391183,0.090625,Puntarenas_OTROS_Hidrometereológico
0.06315084863108178,0.7943840278037587,5155,GPD,tail,21.39793168391183,0.090625,Puntarenas_OTROS_Hidrometereológico
-0.011931726659792724,0.7579584662750991,5156,GPD,tail,21.39793168391183,0.090625,Puntarenas_OTROS_Hidrometereológico
-0.011931726659792724,0.7579584662750991,5157,GPD,tail,21.39793168391183,0.090625,Puntarenas_OTROS_Hidrometereológico
-0.011931726659792724,0.7579584662750991,5158,GPD,tail,21.39793168391183,0.090625,Puntarenas_OTROS_Hidrometereológico
-0.011931726659792724,0.7579584662750991,5159,GPD,tail,21.39793168391183,0.090625,Puntarenas_OTROS_Hidrometereológico
-0.011931726659792724,0.7579584662750991,5160,GPD,tail,21.39793168391183,0.090625,Puntarenas_OTROS_Hidrometereológico
-0.011931726659792724,0.7579584662750991,5161,GPD,tail,21.39793168391183,0.090625,Puntarenas_OTROS_Hidrometereológico
-0.07333976166678685,0.9154738392085319,5162,GPD,tail,21.39793168391183,0.090625,Puntarenas_OTROS_Hidrometereológico
-0.07333976166678685,0.9154738392085319,5163,GPD,tail,21.39793168391183,0.090625,Puntarenas_OTROS_Hidrometereológico
-0.07333976166678685,0.9154738392085319,5164,GPD,tail,21.39793168391183,0.090625,Puntarenas_OTROS_Hidrometereológico
-0.07333976166678685,0.9154738392085319,5165,GPD,tail,21.39793168391183,0.090625,Puntarenas_OTROS_Hidrometereológico
-0.07333976166678685,0.9154738392085319,5166,GPD,tail,21.39793168391183,0.090625,Puntarenas_OTROS_Hidrometereológico
-0.07333976166678685,0.9154738392085319,5167,GPD,tail,21.39793168391183,0.090625,Puntarenas_OTROS_Hidrometereológico
-0.07333976166678685,0.9154738392085319,5168,GPD,tail,21.39793168391183,0.090625,Puntarenas_OTROS_Hidrometereológico
-0.07333976166678685,0.9154738392085319,5169,GPD,tail,21.39793168391183,0.090625,Puntarenas_OTROS_Hidrometereológico
-0.07333976166678685,0.9154738392085319,5170,GPD,tail,21.39793168391183,0.090625,Puntarenas_OTROS_Hidrometereológico
-0.07333976166678685,0.9154738392085319,5171,GPD,tail,21.39793168391183,0.090625,Puntarenas_OTROS_Hidrometereológico
-0.07333976166678685,0.9154738392085319,5172,GPD,tail,21.39793168391183,0.090625,Puntarenas_OTROS_Hidrometereológico
-0.07333976166678685,0.9154738392085319,5173,GPD,tail,21.39793168391183,0.090625,Puntarenas_OTROS_Hidrometereológico
-0.07333976166678685,0.9154738392085319,5174,GPD,tail,21.39793168391183,0.090625,Puntarenas_OTROS_Hidrometereológico
-0.07333976166678685,0.9154738392085319,5175,GPD,tail,21.39793168391183,0.090625,Puntarenas_OTROS_Hidrometereológico
-0.12395646742367081,0.8818115084499745,5176,GPD,tail,21.39793168391183,0.090625,Puntarenas_OTROS_Hidrometereológico
-0.12395646742367081,0.8818115084499745,5177,GPD,tail,21.39793168391183,0.090625,Puntarenas_OTROS_Hidrometereológico
-0.12395646742367081,0.8818115084499745,5178,GPD,tail,21.39793168391183,0.090625,Puntarenas_OTROS_Hidrometereológico
-0.12395646742367081,0.8818115084499745,5179,GPD,tail,21.39793168391183,0.090625,Puntarenas_OTROS_Hidrometereológico
-0.12395646742367081,0.8818115084499745,5180,GPD,tail,21.39793168391183,0.090625,Puntarenas_OTROS_Hidrometereológico
-0.12395646742367081,0.8818115084499745,5181,GPD,tail,21.39793168391183,0.090625,Puntarenas_OTROS_Hidrometereológico
-0.12395646742367081,0.8818115084499745,5182,GPD,tail,21.39793168391183,0.090625,Puntarenas_OTROS_Hidrometereológico
-0.12395646742367081,0.8818115084499745,5183,GPD,tail,21.39793168391183,0.090625,Puntarenas_OTROS_Hidrometereológico
-0.12395646742367081,0.8818115084499745,5184,GPD,tail,21.39793168391183,0.090625,Puntarenas_OTROS_Hidrometereológico
-0.12693255457689936,0.811912248884637,5185,GPD,tail,21.39793168391183,0.090625,Puntarenas_OTROS_Hidrometereológico
-0.12693255457689936,0.811912248884637,5186,GPD,tail,21.39793168391183,0.090625,Puntarenas_OTROS_Hidrometereológico
-0.12693255457689936,0.811912248884637,5187,GPD,tail,21.39793168391183,0.090625,Puntarenas_OTROS_Hidrometereológico
-0.12693255457689936,0.811912248884637,5188,GPD,tail,21.39793168391183,0.090625,Puntarenas_OTROS_Hidrometereológico
-0.09681416387367044,0.8530604179183892,5189,GPD,tail,21.39793168391183,0.090625,Puntarenas_OTROS_Hidrometereológico
-0.09681416387367044,0.8530604179183892,5190,GPD,tail,21.39793168391183,0.090625,Puntarenas_OTROS_Hidrometereológico
-0.09681416387367044,0.8530604179183892,5191,GPD,tail,21.39793168391183,0.090625,Puntarenas_OTROS_Hidrometereológico
-0.09681416387367044,0.8530604179183892,5192,GPD,tail,21.39793168391183,0.090625,Puntarenas_OTROS_Hidrometereológico
-0.09681416387367044,0.8530604179183892,5193,GPD,tail,21.39793168391183,0.090625,Puntarenas_OTROS_Hidrometereológico
-0.09681416387367044,0.8530604179183892,5194,GPD,tail,21.39793168391183,0.090625,Puntarenas_OTROS_Hidrometereológico
-0.09681416387367044,0.8530604179183892,5195,GPD,tail,21.39793168391183,0.090625,Puntarenas_OTROS_Hidrometereológico
-0.09681416387367044,0.8530604179183892,5196,GPD,tail,21.39793168391183,0.090625,Puntarenas_OTROS_Hidrometereológico
-0.09681416387367044,0.8530604179183892,5197,GPD,tail,21.39793168391183,0.090625,Puntarenas_OTROS_Hidrometereológico
-0.09681416387367044,0.8530604179183892,5198,GPD,tail,21.39793168391183,0.090625,Puntarenas_OTROS_Hidrometereológico
-0.09681416387367044,0.8530604179183892,5199,GPD,tail,21.39793168391183,0.090625,Puntarenas_OTROS_Hidrometereológico
-0.09016400218935436,0.8240128290649212,5200,GPD,tail,21.39793168391183,0.090625,Puntarenas_OTROS_Hidrometereológico
-0.09016400218935436,0.8240128290649212,5201,GPD,tail,21.39793168391183,0.090625,Puntarenas_OTROS_Hidrometereológico
-0.09016400218935436,0.8240128290649212,5202,GPD,tail,21.39793168391183,0.090625,Puntarenas_OTROS_Hidrometereológico
-0.09016400218935436,0.8240128290649212,5203,GPD,tail,21.39793168391183,0.090625,Puntarenas_OTROS_Hidrometereológico
-0.09016400218935436,0.8240128290649212,5204,GPD,tail,21.39793168391183,0.090625,Puntarenas_OTROS_Hidrometereológico
-0.09016400218935436,0.8240128290649212,5205,GPD,tail,21.39793168391183,0.090625,Puntarenas_OTROS_Hidrometereológico
-0.09016400218935436,0.8240128290649212,5206,GPD,tail,21.39793168391183,0.090625,Puntarenas_OTROS_Hidrometereológico
-0.037579034829204584,0.9161899708134263,5207,GPD,tail,21.39793168391183,0.090625,Puntarenas_OTROS_Hidrometereológico
-0.010646780920906762,0.80454681589447,5208,GPD,tail,21.39793168391183,0.090625,Puntarenas_OTROS_Hidrometereológico
-0.010646780920906762,0.80454681589447,5209,GPD,tail,21.39793168391183,0.090625,Puntarenas_OTROS_Hidrometereológico
-0.09096319236374699,0.7628800146061923,5210,GPD,tail,21.39793168391183,0.090625,Puntarenas_OTROS_Hidrometereológico
-0.09096319236374699,0.7628800146061923,5211,GPD,tail,21.39793168391183,0.090625,Puntarenas_OTROS_Hidrometereológico
-0.09096319236374699,0.7628800146061923,5212,GPD,tail,21.39793168391183,0.090625,Puntarenas_OTROS_Hidrometereológico
-0.09096319236374699,0.7628800146061923,5213,GPD,tail,21.39793168391183,0.090625,Puntarenas_OTROS_Hidrometereológico
-0.14228307340857788,1.015640149176698,5214,GPD,tail,21.39793168391183,0.090625,Puntarenas_OTROS_Hidrometereológico
-0.14228307340857788,1.015640149176698,5215,GPD,tail,21.39793168391183,0.090625,Puntarenas_OTROS_Hidrometereológico
-0.14228307340857788,1.015640149176698,5216,GPD,tail,21.39793168391183,0.090625,Puntarenas_OTROS_Hidrometereológico
-0.14228307340857788,1.015640149176698,5217,GPD,tail,21.39793168391183,0.090625,Puntarenas_OTROS_Hidrometereológico
-0.14228307340857788,1.015640149176698,5218,GPD,tail,21.39793168391183,0.090625,Puntarenas_OTROS_Hidrometereológico
-0.14228307340857788,1.015640149176698,5219,GPD,tail,21.39793168391183,0.090625,Puntarenas_OTROS_Hidrometereológico
-0.14228307340857788,1.015640149176698,5220,GPD,tail,21.39793168391183,0.090625,Puntarenas_OTROS_Hidrometereológico
-0.14228307340857788,1.015640149176698,5221,GPD,tail,21.39793168391183,0.090625,Puntarenas_OTROS_Hidrometereológico
-0.14228307340857788,1.015640149176698,5222,GPD,tail,21.39793168391183,0.090625,Puntarenas_OTROS_Hidrometereológico
-0.14228307340857788,1.015640149176698,5223,GPD,tail,21.39793168391183,0.090625,Puntarenas_OTROS_Hidrometereológico
-0.14228307340857788,1.015640149176698,5224,GPD,tail,21.39793168391183,0.090625,Puntarenas_OTROS_Hidrometereológico
-0.14228307340857788,1.015640149176698,5225,GPD,tail,21.39793168391183,0.090625,Puntarenas_OTROS_Hidrometereológico
-0.14228307340857788,1.015640149176698,5226,GPD,tail,21.39793168391183,0.090625,Puntarenas_OTROS_Hidrometereológico
-0.1780122352194378,1.0881116152518664,5227,GPD,tail,21.39793168391183,0.090625,Puntarenas_OTROS_Hidrometereológico
-0.1780122352194378,1.0881116152518664,5228,GPD,tail,21.39793168391183,0.090625,Puntarenas_OTROS_Hidrometereológico
-0.1780122352194378,1.0881116152518664,5229,GPD,tail,21.39793168391183,0.090625,Puntarenas_OTROS_Hidrometereológico
-0.1780122352194378,1.0881116152518664,5230,GPD,tail,21.39793168391183,0.090625,Puntarenas_OTROS_Hidrometereológico
-0.1780122352194378,1.0881116152518664,5231,GPD,tail,21.39793168391183,0.090625,Puntarenas_OTROS_Hidrometereológico
-0.1780122352194378,1.0881116152518664,5232,GPD,tail,21.39793168391183,0.090625,Puntarenas_OTROS_Hidrometereológico
-0.1780122352194378,1.0881116152518664,5233,GPD,tail,21.39793168391183,0.090625,Puntarenas_OTROS_Hidrometereológico
-0.1780122352194378,1.0881116152518664,5234,GPD,tail,21.39793168391183,0.090625,Puntarenas_OTROS_Hidrometereológico
-0.1780122352194378,1.0881116152518664,5235,GPD,tail,21.39793168391183,0.090625,Puntarenas_OTROS_Hidrometereológico
-0.1780122352194378,1.0881116152518664,5236,GPD,tail,21.39793168391183,0.090625,Puntarenas_OTROS_Hidrometereológico
-0.1780122352194378,1.0881116152518664,5237,GPD,tail,21.39793168391183,0.090625,Puntarenas_OTROS_Hidrometereológico
-0.1780122352194378,1.0881116152518664,5238,GPD,tail,21.39793168391183,0.090625,Puntarenas_OTROS_Hidrometereológico
-0.1780122352194378,1.0881116152518664,5239,GPD,tail,21.39793168391183,0.090625,Puntarenas_OTROS_Hidrometereológico
-0.1780122352194378,1.0881116152518664,5240,GPD,tail,21.39793168391183,0.090625,Puntarenas_OTROS_Hidrometereológico
-0.1780122352194378,1.0881116152518664,5241,GPD,tail,21.39793168391183,0.090625,Puntarenas_OTROS_Hidrometereológico
-0.1780122352194378,1.0881116152518664,5242,GPD,tail,21.39793168391183,0.090625,Puntarenas_OTROS_Hidrometereológico
-0.1780122352194378,1.0881116152518664,5243,GPD,tail,21.39793168391183,0.090625,Puntarenas_OTROS_Hidrometereológico
-0.1856211014584389,1.0920912528236435,5244,GPD,tail,21.39793168391183,0.090625,Puntarenas_OTROS_Hidrometereológico
-0.1856211014584389,1.0920912528236435,5245,GPD,tail,21.39793168391183,0.090625,Puntarenas_OTROS_Hidrometereológico
-0.1856211014584389,1.0920912528236435,5246,GPD,tail,21.39793168391183,0.090625,Puntarenas_OTROS_Hidrometereológico
-0.1856211014584389,1.0920912528236435,5247,GPD,tail,21.39793168391183,0.090625,Puntarenas_OTROS_Hidrometereológico
-0.1856211014584389,1.0920912528236435,5248,GPD,tail,21.39793168391183,0.090625,Puntarenas_OTROS_Hidrometereológico
-0.1856211014584389,1.0920912528236435,5249,GPD,tail,21.39793168391183,0.090625,Puntarenas_OTROS_Hidrometereológico
-0.1856211014584389,1.0920912528236435,5250,GPD,tail,21.39793168391183,0.090625,Puntarenas_OTROS_Hidrometereológico
-0.1856211014584389,1.0920912528236435,5251,GPD,tail,21.39793168391183,0.090625,Puntarenas_OTROS_Hidrometereológico
-0.1856211014584389,1.0920912528236435,5252,GPD,tail,21.39793168391183,0.090625,Puntarenas_OTROS_Hidrometereológico
-0.1856211014584389,1.0920912528236435,5253,GPD,tail,21.39793168391183,0.090625,Puntarenas_OTROS_Hidrometereológico
-0.1856211014584389,1.0920912528236435,5254,GPD,tail,21.39793168391183,0.090625,Puntarenas_OTROS_Hidrometereológico
0.06672493137961832,0.7493313043777906,5255,GPD,tail,21.39793168391183,0.090625,Puntarenas_OTROS_Hidrometereológico
-0.1680975468297723,1.0644451771738646,5256,GPD,tail,21.39793168391183,0.090625,Puntarenas_OTROS_Hidrometereológico
-0.1680975468297723,1.0644451771738646,5257,GPD,tail,21.39793168391183,0.090625,Puntarenas_OTROS_Hidrometereológico
-0.1680975468297723,1.0644451771738646,5258,GPD,tail,21.39793168391183,0.090625,Puntarenas_OTROS_Hidrometereológico
-0.1680975468297723,1.0644451771738646,5259,GPD,tail,21.39793168391183,0.090625,Puntarenas_OTROS_Hidrometereológico
-0.1680975468297723,1.0644451771738646,5260,GPD,tail,21.39793168391183,0.090625,Puntarenas_OTROS_Hidrometereológico
-0.1680975468297723,1.0644451771738646,5261,GPD,tail,21.39793168391183,0.090625,Puntarenas_OTROS_Hidrometereológico
-0.1680975468297723,1.0644451771738646,5262,GPD,tail,21.39793168391183,0.090625,Puntarenas_OTROS_Hidrometereológico
-0.1680975468297723,1.0644451771738646,5263,GPD,tail,21.39793168391183,0.090625,Puntarenas_OTROS_Hidrometereológico
-0.1680975468297723,1.0644451771738646,5264,GPD,tail,21.39793168391183,0.090625,Puntarenas_OTROS_Hidrometereológico
-0.1680975468297723,1.0644451771738646,5265,GPD,tail,21.39793168391183,0.090625,Puntarenas_OTROS_Hidrometereológico
-0.1680975468297723,1.0644451771738646,5266,GPD,tail,21.39793168391183,0.090625,Puntarenas_OTROS_Hidrometereológico
-0.1680975468297723,1.0644451771738646,5267,GPD,tail,21.39793168391183,0.090625,Puntarenas_OTROS_Hidrometereológico
-0.1680975468297723,1.0644451771738646,5268,GPD,tail,21.39793168391183,0.090625,Puntarenas_OTROS_Hidrometereológico
-0.1680975468297723,1.0644451771738646,5269,GPD,tail,21.39793168391183,0.090625,Puntarenas_OTROS_Hidrometereológico
-0.1680975468297723,1.0644451771738646,5270,GPD,tail,21.39793168391183,0.090625,Puntarenas_OTROS_Hidrometereológico
-0.1680975468297723,1.0644451771738646,5271,GPD,tail,21.39793168391183,0.090625,Puntarenas_OTROS_Hidrometereológico
-0.1680975468297723,1.0644451771738646,5272,GPD,tail,21.39793168391183,0.090625,Puntarenas_OTROS_Hidrometereológico
-0.1680975468297723,1.0644451771738646,5273,GPD,tail,21.39793168391183,0.090625,Puntarenas_OTROS_Hidrometereológico
-0.1680975468297723,1.0644451771738646,5274,GPD,tail,21.39793168391183,0.090625,Puntarenas_OTROS_Hidrometereológico
-0.1680975468297723,1.0644451771738646,5275,GPD,tail,21.39793168391183,0.090625,Puntarenas_OTROS_Hidrometereológico
-0.1680975468297723,1.0644451771738646,5276,GPD,tail,21.39793168391183,0.090625,Puntarenas_OTROS_Hidrometereológico
-0.1680975468297723,1.0644451771738646,5277,GPD,tail,21.39793168391183,0.090625,Puntarenas_OTROS_Hidrometereológico
-0.1680975468297723,1.0644451771738646,5278,GPD,tail,21.39793168391183,0.090625,Puntarenas_OTROS_Hidrometereológico
-0.1680975468297723,1.0644451771738646,5279,GPD,tail,21.39793168391183,0.090625,Puntarenas_OTROS_Hidrometereológico
-0.1680975468297723,1.0644451771738646,5280,GPD,tail,21.39793168391183,0.090625,Puntarenas_OTROS_Hidrometereológico
-0.1680975468297723,1.0644451771738646,5281,GPD,tail,21.39793168391183,0.090625,Puntarenas_OTROS_Hidrometereológico
-0.1680975468297723,1.0644451771738646,5282,GPD,tail,21.39793168391183,0.090625,Puntarenas_OTROS_Hidrometereológico
-0.1680975468297723,1.0644451771738646,5283,GPD,tail,21.39793168391183,0.090625,Puntarenas_OTROS_Hidrometereológico
-0.1680975468297723,1.0644451771738646,5284,GPD,tail,21.39793168391183,0.090625,Puntarenas_OTROS_Hidrometereológico
-0.1680975468297723,1.0644451771738646,5285,GPD,tail,21.39793168391183,0.090625,Puntarenas_OTROS_Hidrometereológico
-0.1680975468297723,1.0644451771738646,5286,GPD,tail,21.39793168391183,0.090625,Puntarenas_OTROS_Hidrometereológico
-0.1680975468297723,1.0644451771738646,5287,GPD,tail,21.39793168391183,0.090625,Puntarenas_OTROS_Hidrometereológico
-0.1680975468297723,1.0644451771738646,5288,GPD,tail,21.39793168391183,0.090625,Puntarenas_OTROS_Hidrometereológico
-0.1680975468297723,1.0644451771738646,5289,GPD,tail,21.39793168391183,0.090625,Puntarenas_OTROS_Hidrometereológico
-0.1680975468297723,1.0644451771738646,5290,GPD,tail,21.39793168391183,0.090625,Puntarenas_OTROS_Hidrometereológico
-0.1680975468297723,1.0644451771738646,5291,GPD,tail,21.39793168391183,0.090625,Puntarenas_OTROS_Hidrometereológico
-0.1680975468297723,1.0644451771738646,5292,GPD,tail,21.39793168391183,0.090625,Puntarenas_OTROS_Hidrometereológico
-0.1680975468297723,1.0644451771738646,5293,GPD,tail,21.39793168391183,0.090625,Puntarenas_OTROS_Hidrometereológico
-0.1680975468297723,1.0644451771738646,5294,GPD,tail,21.39793168391183,0.090625,Puntarenas_OTROS_Hidrometereológico
-0.1680975468297723,1.0644451771738646,5295,GPD,tail,21.39793168391183,0.090625,Puntarenas_OTROS_Hidrometereológico
-0.1680975468297723,1.0644451771738646,5296,GPD,tail,21.39793168391183,0.090625,Puntarenas_OTROS_Hidrometereológico
-0.1680975468297723,1.0644451771738646,5297,GPD,tail,21.39793168391183,0.090625,Puntarenas_OTROS_Hidrometereológico
-0.1680975468297723,1.0644451771738646,5298,GPD,tail,21.39793168391183,0.090625,Puntarenas_OTROS_Hidrometereológico
-0.1680975468297723,1.0644451771738646,5299,GPD,tail,21.39793168391183,0.090625,Puntarenas_OTROS_Hidrometereológico
-0.1680975468297723,1.0644451771738646,5300,GPD,tail,21.39793168391183,0.090625,Puntarenas_OTROS_Hidrometereológico
-0.1680975468297723,1.0644451771738646,5301,GPD,tail,21.39793168391183,0.090625,Puntarenas_OTROS_Hidrometereológico
-0.1680975468297723,1.0644451771738646,5302,GPD,tail,21.39793168391183,0.090625,Puntarenas_OTROS_Hidrometereológico
-0.1680975468297723,1.0644451771738646,5303,GPD,tail,21.39793168391183,0.090625,Puntarenas_OTROS_Hidrometereológico
-0.1680975468297723,1.0644451771738646,5304,GPD,tail,21.39793168391183,0.090625,Puntarenas_OTROS_Hidrometereológico
-0.1680975468297723,1.0644451771738646,5305,GPD,tail,21.39793168391183,0.090625,Puntarenas_OTROS_Hidrometereológico
-0.1680975468297723,1.0644451771738646,5306,GPD,tail,21.39793168391183,0.090625,Puntarenas_OTROS_Hidrometereológico
-0.1680975468297723,1.0644451771738646,5307,GPD,tail,21.39793168391183,0.090625,Puntarenas_OTROS_Hidrometereológico
-0.1680975468297723,1.0644451771738646,5308,GPD,tail,21.39793168391183,0.090625,Puntarenas_OTROS_Hidrometereológico
-0.1680975468297723,1.0644451771738646,5309,GPD,tail,21.39793168391183,0.090625,Puntarenas_OTROS_Hidrometereológico
-0.1680975468297723,1.0644451771738646,5310,GPD,tail,21.39793168391183,0.090625,Puntarenas_OTROS_Hidrometereológico
-0.1680975468297723,1.0644451771738646,5311,GPD,tail,21.39793168391183,0.090625,Puntarenas_OTROS_Hidrometereológico
-0.1680975468297723,1.0644451771738646,5312,GPD,tail,21.39793168391183,0.090625,Puntarenas_OTROS_Hidrometereológico
-0.1680975468297723,1.0644451771738646,5313,GPD,tail,21.39793168391183,0.090625,Puntarenas_OTROS_Hidrometereológico
-0.1680975468297723,1.0644451771738646,5314,GPD,tail,21.39793168391183,0.090625,Puntarenas_OTROS_Hidrometereológico
-0.1680975468297723,1.0644451771738646,5315,GPD,tail,21.39793168391183,0.090625,Puntarenas_OTROS_Hidrometereológico
-0.1680975468297723,1.0644451771738646,5316,GPD,tail,21.39793168391183,0.090625,Puntarenas_OTROS_Hidrometereológico
-0.1680975468297723,1.0644451771738646,5317,GPD,tail,21.39793168391183,0.090625,Puntarenas_OTROS_Hidrometereológico
-0.1680975468297723,1.0644451771738646,5318,GPD,tail,21.39793168391183,0.090625,Puntarenas_OTROS_Hidrometereológico
-0.1680975468297723,1.0644451771738646,5319,GPD,tail,21.39793168391183,0.090625,Puntarenas_OTROS_Hidrometereológico
-0.1680975468297723,1.0644451771738646,5320,GPD,tail,21.39793168391183,0.090625,Puntarenas_OTROS_Hidrometereológico
-0.1680975468297723,1.0644451771738646,5321,GPD,tail,21.39793168391183,0.090625,Puntarenas_OTROS_Hidrometereológico
-0.1680975468297723,1.0644451771738646,5322,GPD,tail,21.39793168391183,0.090625,Puntarenas_OTROS_Hidrometereológico
-0.1680975468297723,1.0644451771738646,5323,GPD,tail,21.39793168391183,0.090625,Puntarenas_OTROS_Hidrometereológico
-0.1680975468297723,1.0644451771738646,5324,GPD,tail,21.39793168391183,0.090625,Puntarenas_OTROS_Hidrometereológico
-0.17890382982883254,0.9566155803240087,5325,GPD,tail,21.39793168391183,0.090625,Puntarenas_OTROS_Hidrometereológico
-0.17890382982883254,0.9566155803240087,5326,GPD,tail,21.39793168391183,0.090625,Puntarenas_OTROS_Hidrometereológico
-0.17890382982883254,0.9566155803240087,5327,GPD,tail,21.39793168391183,0.090625,Puntarenas_OTROS_Hidrometereológico
-0.17890382982883254,0.9566155803240087,5328,GPD,tail,21.39793168391183,0.090625,Puntarenas_OTROS_Hidrometereológico
-0.17890382982883254,0.9566155803240087,5329,GPD,tail,21.39793168391183,0.090625,Puntarenas_OTROS_Hidrometereológico
-0.17890382982883254,0.9566155803240087,5330,GPD,tail,21.39793168391183,0.090625,Puntarenas_OTROS_Hidrometereológico
-0.17890382982883254,0.9566155803240087,5331,GPD,tail,21.39793168391183,0.090625,Puntarenas_OTROS_Hidrometereológico
-0.1559458861260065,1.0689216762981888,5332,GPD,tail,21.39793168391183,0.090625,Puntarenas_OTROS_Hidrometereológico
-0.1559458861260065,1.0689216762981888,5333,GPD,tail,21.39793168391183,0.090625,Puntarenas_OTROS_Hidrometereológico
-0.1559458861260065,1.0689216762981888,5334,GPD,tail,21.39793168391183,0.090625,Puntarenas_OTROS_Hidrometereológico
-0.1559458861260065,1.0689216762981888,5335,GPD,tail,21.39793168391183,0.090625,Puntarenas_OTROS_Hidrometereológico
-0.1320874531288295,0.9426414946066198,5336,GPD,tail,21.39793168391183,0.090625,Puntarenas_OTROS_Hidrometereológico
-0.1320874531288295,0.9426414946066198,5337,GPD,tail,21.39793168391183,0.090625,Puntarenas_OTROS_Hidrometereológico
-0.1320874531288295,0.9426414946066198,5338,GPD,tail,21.39793168391183,0.090625,Puntarenas_OTROS_Hidrometereológico
-0.1320874531288295,0.9426414946066198,5339,GPD,tail,21.39793168391183,0.090625,Puntarenas_OTROS_Hidrometereológico
-0.1320874531288295,0.9426414946066198,5340,GPD,tail,21.39793168391183,0.090625,Puntarenas_OTROS_Hidrometereológico
-0.1320874531288295,0.9426414946066198,5341,GPD,tail,21.39793168391183,0.090625,Puntarenas_OTROS_Hidrometereológico
-0.06761543729745025,0.8049629669240754,5342,GPD,tail,21.39793168391183,0.090625,Puntarenas_OTROS_Hidrometereológico
-0.06761543729745025,0.8049629669240754,5343,GPD,tail,21.39793168391183,0.090625,Puntarenas_OTROS_Hidrometereológico
-0.06761543729745025,0.8049629669240754,5344,GPD,tail,21.39793168391183,0.090625,Puntarenas_OTROS_Hidrometereológico
-0.06761543729745025,0.8049629669240754,5345,GPD,tail,21.39793168391183,0.090625,Puntarenas_OTROS_Hidrometereológico
-0.06761543729745025,0.8049629669240754,5346,GPD,tail,21.39793168391183,0.090625,Puntarenas_OTROS_Hidrometereológico
-0.06761543729745025,0.8049629669240754,5347,GPD,tail,21.39793168391183,0.090625,Puntarenas_OTROS_Hidrometereológico
-0.06761543729745025,0.8049629669240754,5348,GPD,tail,21.39793168391183,0.090625,Puntarenas_OTROS_Hidrometereológico
-0.06761543729745025,0.8049629669240754,5349,GPD,tail,21.39793168391183,0.090625,Puntarenas_OTROS_Hidrometereológico
-0.06761543729745025,0.8049629669240754,5350,GPD,tail,21.39793168391183,0.090625,Puntarenas_OTROS_Hidrometereológico
-0.06761543729745025,0.8049629669240754,5351,GPD,tail,21.39793168391183,0.090625,Puntarenas_OTROS_Hidrometereológico
-0.06761543729745025,0.8049629669240754,5352,GPD,tail,21.39793168391183,0.090625,Puntarenas_OTROS_Hidrometereológico
-0.06761543729745025,0.8049629669240754,5353,GPD,tail,21.39793168391183,0.090625,Puntarenas_OTROS_Hidrometereológico
-0.06761543729745025,0.8049629669240754,5354,GPD,tail,21.39793168391183,0.090625,Puntarenas_OTROS_Hidrometereológico
-0.06761543729745025,0.8049629669240754,5355,GPD,tail,21.39793168391183,0.090625,Puntarenas_OTROS_Hidrometereológico
-0.06761543729745025,0.8049629669240754,5356,GPD,tail,21.39793168391183,0.090625,Puntarenas_OTROS_Hidrometereológico
-0.06761543729745025,0.8049629669240754,5357,GPD,tail,21.39793168391183,0.090625,Puntarenas_OTROS_Hidrometereológico
-0.06761543729745025,0.8049629669240754,5358,GPD,tail,21.39793168391183,0.090625,Puntarenas_OTROS_Hidrometereológico
-0.06761543729745025,0.8049629669240754,5359,GPD,tail,21.39793168391183,0.090625,Puntarenas_OTROS_Hidrometereológico
-0.06761543729745025,0.8049629669240754,5360,GPD,tail,21.39793168391183,0.090625,Puntarenas_OTROS_Hidrometereológico
-0.06761543729745025,0.8049629669240754,5361,GPD,tail,21.39793168391183,0.090625,Puntarenas_OTROS_Hidrometereológico
-0.06761543729745025,0.8049629669240754,5362,GPD,tail,21.39793168391183,0.090625,Puntarenas_OTROS_Hidrometereológico
-0.06761543729745025,0.8049629669240754,5363,GPD,tail,21.39793168391183,0.090625,Puntarenas_OTROS_Hidrometereológico
-0.06761543729745025,0.8049629669240754,5364,GPD,tail,21.39793168391183,0.090625,Puntarenas_OTROS_Hidrometereológico
-0.06761543729745025,0.8049629669240754,5365,GPD,tail,21.39793168391183,0.090625,Puntarenas_OTROS_Hidrometereológico
-0.06761543729745025,0.8049629669240754,5366,GPD,tail,21.39793168391183,0.090625,Puntarenas_OTROS_Hidrometereológico
-0.06761543729745025,0.8049629669240754,5367,GPD,tail,21.39793168391183,0.090625,Puntarenas_OTROS_Hidrometereológico
-0.06761543729745025,0.8049629669240754,5368,GPD,tail,21.39793168391183,0.090625,Puntarenas_OTROS_Hidrometereológico
-0.06761543729745025,0.8049629669240754,5369,GPD,tail,21.39793168391183,0.090625,Puntarenas_OTROS_Hidrometereológico
-0.06761543729745025,0.8049629669240754,5370,GPD,tail,21.39793168391183,0.090625,Puntarenas_OTROS_Hidrometereológico
-0.06761543729745025,0.8049629669240754,5371,GPD,tail,21.39793168391183,0.090625,Puntarenas_OTROS_Hidrometereológico
-0.06761543729745025,0.8049629669240754,5372,GPD,tail,21.39793168391183,0.090625,Puntarenas_OTROS_Hidrometereológico
-0.06761543729745025,0.8049629669240754,5373,GPD,tail,21.39793168391183,0.090625,Puntarenas_OTROS_Hidrometereológico
-0.06761543729745025,0.8049629669240754,5374,GPD,tail,21.39793168391183,0.090625,Puntarenas_OTROS_Hidrometereológico
-0.06761543729745025,0.8049629669240754,5375,GPD,tail,21.39793168391183,0.090625,Puntarenas_OTROS_Hidrometereológico
-0.057489687027929934,0.8982800079187458,5376,GPD,tail,21.39793168391183,0.090625,Puntarenas_OTROS_Hidrometereológico
-0.057489687027929934,0.8982800079187458,5377,GPD,tail,21.39793168391183,0.090625,Puntarenas_OTROS_Hidrometereológico
-0.057489687027929934,0.8982800079187458,5378,GPD,tail,21.39793168391183,0.090625,Puntarenas_OTROS_Hidrometereológico
-0.057489687027929934,0.8982800079187458,5379,GPD,tail,21.39793168391183,0.090625,Puntarenas_OTROS_Hidrometereológico
-0.057489687027929934,0.8982800079187458,5380,GPD,tail,21.39793168391183,0.090625,Puntarenas_OTROS_Hidrometereológico
-0.057489687027929934,0.8982800079187458,5381,GPD,tail,21.39793168391183,0.090625,Puntarenas_OTROS_Hidrometereológico
-0.057489687027929934,0.8982800079187458,5382,GPD,tail,21.39793168391183,0.090625,Puntarenas_OTROS_Hidrometereológico
-0.057489687027929934,0.8982800079187458,5383,GPD,tail,21.39793168391183,0.090625,Puntarenas_OTROS_Hidrometereológico
-0.057489687027929934,0.8982800079187458,5384,GPD,tail,21.39793168391183,0.090625,Puntarenas_OTROS_Hidrometereológico
-0.057489687027929934,0.8982800079187458,5385,GPD,tail,21.39793168391183,0.090625,Puntarenas_OTROS_Hidrometereológico
-0.057489687027929934,0.8982800079187458,5386,GPD,tail,21.39793168391183,0.090625,Puntarenas_OTROS_Hidrometereológico
-0.057489687027929934,0.8982800079187458,5387,GPD,tail,21.39793168391183,0.090625,Puntarenas_OTROS_Hidrometereológico
-0.057489687027929934,0.8982800079187458,5388,GPD,tail,21.39793168391183,0.090625,Puntarenas_OTROS_Hidrometereológico
-0.057489687027929934,0.8982800079187458,5389,GPD,tail,21.39793168391183,0.090625,Puntarenas_OTROS_Hidrometereológico
-0.057489687027929934,0.8982800079187458,5390,GPD,tail,21.39793168391183,0.090625,Puntarenas_OTROS_Hidrometereológico
-0.057489687027929934,0.8982800079187458,5391,GPD,tail,21.39793168391183,0.090625,Puntarenas_OTROS_Hidrometereológico
-0.057489687027929934,0.8982800079187458,5392,GPD,tail,21.39793168391183,0.090625,Puntarenas_OTROS_Hidrometereológico
-0.057489687027929934,0.8982800079187458,5393,GPD,tail,21.39793168391183,0.090625,Puntarenas_OTROS_Hidrometereológico
-0.057489687027929934,0.8982800079187458,5394,GPD,tail,21.39793168391183,0.090625,Puntarenas_OTROS_Hidrometereológico
-0.057489687027929934,0.8982800079187458,5395,GPD,tail,21.39793168391183,0.090625,Puntarenas_OTROS_Hidrometereológico
-0.057489687027929934,0.8982800079187458,5396,GPD,tail,21.39793168391183,0.090625,Puntarenas_OTROS_Hidrometereológico
-0.057489687027929934,0.8982800079187458,5397,GPD,tail,21.39793168391183,0.090625,Puntarenas_OTROS_Hidrometereológico
-0.057489687027929934,0.8982800079187458,5398,GPD,tail,21.39793168391183,0.090625,Puntarenas_OTROS_Hidrometereológico
-0.057489687027929934,0.8982800079187458,5399,GPD,tail,21.39793168391183,0.090625,Puntarenas_OTROS_Hidrometereológico
-0.057489687027929934,0.8982800079187458,5400,GPD,tail,21.39793168391183,0.090625,Puntarenas_OTROS_Hidrometereológico
-0.057489687027929934,0.8982800079187458,5401,GPD,tail,21.39793168391183,0.090625,Puntarenas_OTROS_Hidrometereológico
-0.057489687027929934,0.8982800079187458,5402,GPD,tail,21.39793168391183,0.090625,Puntarenas_OTROS_Hidrometereológico
-0.057489687027929934,0.8982800079187458,5403,GPD,tail,21.39793168391183,0.090625,Puntarenas_OTROS_Hidrometereológico
-0.057489687027929934,0.8982800079187458,5404,GPD,tail,21.39793168391183,0.090625,Puntarenas_OTROS_Hidrometereológico
-0.057489687027929934,0.8982800079187458,5405,GPD,tail,21.39793168391183,0.090625,Puntarenas_OTROS_Hidrometereológico
-0.057489687027929934,0.8982800079187458,5406,GPD,tail,21.39793168391183,0.090625,Puntarenas_OTROS_Hidrometereológico
-0.057489687027929934,0.8982800079187458,5407,GPD,tail,21.39793168391183,0.090625,Puntarenas_OTROS_Hidrometereológico
-0.057489687027929934,0.8982800079187458,5408,GPD,tail,21.39793168391183,0.090625,Puntarenas_OTROS_Hidrometereológico
-0.057489687027929934,0.8982800079187458,5409,GPD,tail,21.39793168391183,0.090625,Puntarenas_OTROS_Hidrometereológico
-0.057489687027929934,0.8982800079187458,5410,GPD,tail,21.39793168391183,0.090625,Puntarenas_OTROS_Hidrometereológico
-0.057489687027929934,0.8982800079187458,5411,GPD,tail,21.39793168391183,0.090625,Puntarenas_OTROS_Hidrometereológico
-0.057489687027929934,0.8982800079187458,5412,GPD,tail,21.39793168391183,0.090625,Puntarenas_OTROS_Hidrometereológico
-0.057489687027929934,0.8982800079187458,5413,GPD,tail,21.39793168391183,0.090625,Puntarenas_OTROS_Hidrometereológico
-0.057489687027929934,0.8982800079187458,5414,GPD,tail,21.39793168391183,0.090625,Puntarenas_OTROS_Hidrometereológico
-0.15181359509348677,1.0099136570819096,5415,GPD,tail,21.39793168391183,0.090625,Puntarenas_OTROS_Hidrometereológico
-0.15181359509348677,1.0099136570819096,5416,GPD,tail,21.39793168391183,0.090625,Puntarenas_OTROS_Hidrometereológico
-0.15181359509348677,1.0099136570819096,5417,GPD,tail,21.39793168391183,0.090625,Puntarenas_OTROS_Hidrometereológico
-0.15181359509348677,1.0099136570819096,5418,GPD,tail,21.39793168391183,0.090625,Puntarenas_OTROS_Hidrometereológico
-0.15181359509348677,1.0099136570819096,5419,GPD,tail,21.39793168391183,0.090625,Puntarenas_OTROS_Hidrometereológico
-0.15181359509348677,1.0099136570819096,5420,GPD,tail,21.39793168391183,0.090625,Puntarenas_OTROS_Hidrometereológico
-0.15181359509348677,1.0099136570819096,5421,GPD,tail,21.39793168391183,0.090625,Puntarenas_OTROS_Hidrometereológico
-0.15181359509348677,1.0099136570819096,5422,GPD,tail,21.39793168391183,0.090625,Puntarenas_OTROS_Hidrometereológico
-0.15181359509348677,1.0099136570819096,5423,GPD,tail,21.39793168391183,0.090625,Puntarenas_OTROS_Hidrometereológico
-0.15181359509348677,1.0099136570819096,5424,GPD,tail,21.39793168391183,0.090625,Puntarenas_OTROS_Hidrometereológico
-0.15181359509348677,1.0099136570819096,5425,GPD,tail,21.39793168391183,0.090625,Puntarenas_OTROS_Hidrometereológico
-0.15181359509348677,1.0099136570819096,5426,GPD,tail,21.39793168391183,0.090625,Puntarenas_OTROS_Hidrometereológico
-0.15181359509348677,1.0099136570819096,5427,GPD,tail,21.39793168391183,0.090625,Puntarenas_OTROS_Hidrometereológico
-0.15181359509348677,1.0099136570819096,5428,GPD,tail,21.39793168391183,0.090625,Puntarenas_OTROS_Hidrometereológico
-0.15181359509348677,1.0099136570819096,5429,GPD,tail,21.39793168391183,0.090625,Puntarenas_OTROS_Hidrometereológico
-0.15181359509348677,1.0099136570819096,5430,GPD,tail,21.39793168391183,0.090625,Puntarenas_OTROS_Hidrometereológico
-0.15181359509348677,1.0099136570819096,5431,GPD,tail,21.39793168391183,0.090625,Puntarenas_OTROS_Hidrometereológico
-0.15181359509348677,1.0099136570819096,5432,GPD,tail,21.39793168391183,0.090625,Puntarenas_OTROS_Hidrometereológico
-0.15181359509348677,1.0099136570819096,5433,GPD,tail,21.39793168391183,0.090625,Puntarenas_OTROS_Hidrometereológico
-0.15181359509348677,1.0099136570819096,5434,GPD,tail,21.39793168391183,0.090625,Puntarenas_OTROS_Hidrometereológico
-0.15181359509348677,1.0099136570819096,5435,GPD,tail,21.39793168391183,0.090625,Puntarenas_OTROS_Hidrometereológico
-0.15181359509348677,1.0099136570819096,5436,GPD,tail,21.39793168391183,0.090625,Puntarenas_OTROS_Hidrometereológico
-0.15181359509348677,1.0099136570819096,5437,GPD,tail,21.39793168391183,0.090625,Puntarenas_OTROS_Hidrometereológico
-0.15181359509348677,1.0099136570819096,5438,GPD,tail,21.39793168391183,0.090625,Puntarenas_OTROS_Hidrometereológico
-0.15181359509348677,1.0099136570819096,5439,GPD,tail,21.39793168391183,0.090625,Puntarenas_OTROS_Hidrometereológico
-0.15181359509348677,1.0099136570819096,5440,GPD,tail,21.39793168391183,0.090625,Puntarenas_OTROS_Hidrometereológico
-0.15181359509348677,1.0099136570819096,5441,GPD,tail,21.39793168391183,0.090625,Puntarenas_OTROS_Hidrometereológico
-0.15181359509348677,1.0099136570819096,5442,GPD,tail,21.39793168391183,0.090625,Puntarenas_OTROS_Hidrometereológico
-0.15181359509348677,1.0099136570819096,5443,GPD,tail,21.39793168391183,0.090625,Puntarenas_OTROS_Hidrometereológico
-0.15181359509348677,1.0099136570819096,5444,GPD,tail,21.39793168391183,0.090625,Puntarenas_OTROS_Hidrometereológico
-0.15181359509348677,1.0099136570819096,5445,GPD,tail,21.39793168391183,0.090625,Puntarenas_OTROS_Hidrometereológico
-0.15181359509348677,1.0099136570819096,5446,GPD,tail,21.39793168391183,0.090625,Puntarenas_OTROS_Hidrometereológico
-0.15181359509348677,1.0099136570819096,5447,GPD,tail,21.39793168391183,0.090625,Puntarenas_OTROS_Hidrometereológico
-0.15181359509348677,1.0099136570819096,5448,GPD,tail,21.39793168391183,0.090625,Puntarenas_OTROS_Hidrometereológico
-0.15181359509348677,1.0099136570819096,5449,GPD,tail,21.39793168391183,0.090625,Puntarenas_OTROS_Hidrometereológico
-0.15181359509348677,1.0099136570819096,5450,GPD,tail,21.39793168391183,0.090625,Puntarenas_OTROS_Hidrometereológico
-0.15181359509348677,1.0099136570819096,5451,GPD,tail,21.39793168391183,0.090625,Puntarenas_OTROS_Hidrometereológico
-0.15181359509348677,1.0099136570819096,5452,GPD,tail,21.39793168391183,0.090625,Puntarenas_OTROS_Hidrometereológico
-0.156174321377001,0.9620353179493736,5453,GPD,tail,21.39793168391183,0.090625,Puntarenas_OTROS_Hidrometereológico
-0.156174321377001,0.9620353179493736,5454,GPD,tail,21.39793168391183,0.090625,Puntarenas_OTROS_Hidrometereológico
-0.156174321377001,0.9620353179493736,5455,GPD,tail,21.39793168391183,0.090625,Puntarenas_OTROS_Hidrometereológico
-0.156174321377001,0.9620353179493736,5456,GPD,tail,21.39793168391183,0.090625,Puntarenas_OTROS_Hidrometereológico
-0.156174321377001,0.9620353179493736,5457,GPD,tail,21.39793168391183,0.090625,Puntarenas_OTROS_Hidrometereológico
-0.156174321377001,0.9620353179493736,5458,GPD,tail,21.39793168391183,0.090625,Puntarenas_OTROS_Hidrometereológico
-0.156174321377001,0.9620353179493736,5459,GPD,tail,21.39793168391183,0.090625,Puntarenas_OTROS_Hidrometereológico
-0.156174321377001,0.9620353179493736,5460,GPD,tail,21.39793168391183,0.090625,Puntarenas_OTROS_Hidrometereológico
-0.156174321377001,0.9620353179493736,5461,GPD,tail,21.39793168391183,0.090625,Puntarenas_OTROS_Hidrometereológico
-0.156174321377001,0.9620353179493736,5462,GPD,tail,21.39793168391183,0.090625,Puntarenas_OTROS_Hidrometereológico
-0.156174321377001,0.9620353179493736,5463,GPD,tail,21.39793168391183,0.090625,Puntarenas_OTROS_Hidrometereológico
-0.156174321377001,0.9620353179493736,5464,GPD,tail,21.39793168391183,0.090625,Puntarenas_OTROS_Hidrometereológico
-0.156174321377001,0.9620353179493736,5465,GPD,tail,21.39793168391183,0.090625,Puntarenas_OTROS_Hidrometereológico
-0.156174321377001,0.9620353179493736,5466,GPD,tail,21.39793168391183,0.090625,Puntarenas_OTROS_Hidrometereológico
-0.156174321377001,0.9620353179493736,5467,GPD,tail,21.39793168391183,0.090625,Puntarenas_OTROS_Hidrometereológico
-0.156174321377001,0.9620353179493736,5468,GPD,tail,21.39793168391183,0.090625,Puntarenas_OTROS_Hidrometereológico
-0.07222892643763752,0.7238681633781695,5469,GPD,tail,21.39793168391183,0.090625,Puntarenas_OTROS_Hidrometereológico
-0.07222892643763752,0.7238681633781695,5470,GPD,tail,21.39793168391183,0.090625,Puntarenas_OTROS_Hidrometereológico
-0.08497477690364186,0.7486550530423477,5471,GPD,tail,21.39793168391183,0.090625,Puntarenas_OTROS_Hidrometereológico
-0.08497477690364186,0.7486550530423477,5472,GPD,tail,21.39793168391183,0.090625,Puntarenas_OTROS_Hidrometereológico
-0.08497477690364186,0.7486550530423477,5473,GPD,tail,21.39793168391183,0.090625,Puntarenas_OTROS_Hidrometereológico
-0.08497477690364186,0.7486550530423477,5474,GPD,tail,21.39793168391183,0.090625,Puntarenas_OTROS_Hidrometereológico
-0.08497477690364186,0.7486550530423477,5475,GPD,tail,21.39793168391183,0.090625,Puntarenas_OTROS_Hidrometereológico
-0.08497477690364186,0.7486550530423477,5476,GPD,tail,21.39793168391183,0.090625,Puntarenas_OTROS_Hidrometereológico
-0.08497477690364186,0.7486550530423477,5477,GPD,tail,21.39793168391183,0.090625,Puntarenas_OTROS_Hidrometereológico
-0.08497477690364186,0.7486550530423477,5478,GPD,tail,21.39793168391183,0.090625,Puntarenas_OTROS_Hidrometereológico
-0.08497477690364186,0.7486550530423477,5479,GPD,tail,21.39793168391183,0.090625,Puntarenas_OTROS_Hidrometereológico
-0.08497477690364186,0.7486550530423477,5480,GPD,tail,21.39793168391183,0.090625,Puntarenas_OTROS_Hidrometereológico
-0.08497477690364186,0.7486550530423477,5481,GPD,tail,21.39793168391183,0.090625,Puntarenas_OTROS_Hidrometereológico
-0.08497477690364186,0.7486550530423477,5482,GPD,tail,21.39793168391183,0.090625,Puntarenas_OTROS_Hidrometereológico
-0.08497477690364186,0.7486550530423477,5483,GPD,tail,21.39793168391183,0.090625,Puntarenas_OTROS_Hidrometereológico
-0.08497477690364186,0.7486550530423477,5484,GPD,tail,21.39793168391183,0.090625,Puntarenas_OTROS_Hidrometereológico
-0.062147629323910714,0.8007802116976767,5485,GPD,tail,21.39793168391183,0.090625,Puntarenas_OTROS_Hidrometereológico
-0.062147629323910714,0.8007802116976767,5486,GPD,tail,21.39793168391183,0.090625,Puntarenas_OTROS_Hidrometereológico
0.058099438008747284,0.8065354417389128,5487,GPD,tail,21.39793168391183,0.090625,Puntarenas_OTROS_Hidrometereológico
0.058099438008747284,0.8065354417389128,5488,GPD,tail,21.39793168391183,0.090625,Puntarenas_OTROS_Hidrometereológico
0.058099438008747284,0.8065354417389128,5489,GPD,tail,21.39793168391183,0.090625,Puntarenas_OTROS_Hidrometereológico
0.058099438008747284,0.8065354417389128,5490,GPD,tail,21.39793168391183,0.090625,Puntarenas_OTROS_Hidrometereológico
0.058099438008747284,0.8065354417389128,5491,GPD,tail,21.39793168391183,0.090625,Puntarenas_OTROS_Hidrometereológico
0.058099438008747284,0.8065354417389128,5492,GPD,tail,21.39793168391183,0.090625,Puntarenas_OTROS_Hidrometereológico
0.058099438008747284,0.8065354417389128,5493,GPD,tail,21.39793168391183,0.090625,Puntarenas_OTROS_Hidrometereológico
0.058099438008747284,0.8065354417389128,5494,GPD,tail,21.39793168391183,0.090625,Puntarenas_OTROS_Hidrometereológico
0.058099438008747284,0.8065354417389128,5495,GPD,tail,21.39793168391183,0.090625,Puntarenas_OTROS_Hidrometereológico
0.058099438008747284,0.8065354417389128,5496,GPD,tail,21.39793168391183,0.090625,Puntarenas_OTROS_Hidrometereológico
0.058099438008747284,0.8065354417389128,5497,GPD,tail,21.39793168391183,0.090625,Puntarenas_OTROS_Hidrometereológico
0.058099438008747284,0.8065354417389128,5498,GPD,tail,21.39793168391183,0.090625,Puntarenas_OTROS_Hidrometereológico
0.058099438008747284,0.8065354417389128,5499,GPD,tail,21.39793168391183,0.090625,Puntarenas_OTROS_Hidrometereológico
0.058099438008747284,0.8065354417389128,5500,GPD,tail,21.39793168391183,0.090625,Puntarenas_OTROS_Hidrometereológico
0.058099438008747284,0.8065354417389128,5501,GPD,tail,21.39793168391183,0.090625,Puntarenas_OTROS_Hidrometereológico
0.058099438008747284,0.8065354417389128,5502,GPD,tail,21.39793168391183,0.090625,Puntarenas_OTROS_Hidrometereológico
0.058099438008747284,0.8065354417389128,5503,GPD,tail,21.39793168391183,0.090625,Puntarenas_OTROS_Hidrometereológico
0.058099438008747284,0.8065354417389128,5504,GPD,tail,21.39793168391183,0.090625,Puntarenas_OTROS_Hidrometereológico
0.058099438008747284,0.8065354417389128,5505,GPD,tail,21.39793168391183,0.090625,Puntarenas_OTROS_Hidrometereológico
0.010411497435048149,0.8870877409187616,5506,GPD,tail,21.39793168391183,0.090625,Puntarenas_OTROS_Hidrometereológico
0.010411497435048149,0.8870877409187616,5507,GPD,tail,21.39793168391183,0.090625,Puntarenas_OTROS_Hidrometereológico
0.010411497435048149,0.8870877409187616,5508,GPD,tail,21.39793168391183,0.090625,Puntarenas_OTROS_Hidrometereológico
0.04033974008994419,0.6924907024165827,5509,GPD,tail,21.39793168391183,0.090625,Puntarenas_OTROS_Hidrometereológico
0.04033974008994419,0.6924907024165827,5510,GPD,tail,21.39793168391183,0.090625,Puntarenas_OTROS_Hidrometereológico
0.04033974008994419,0.6924907024165827,5511,GPD,tail,21.39793168391183,0.090625,Puntarenas_OTROS_Hidrometereológico
0.04033974008994419,0.6924907024165827,5512,GPD,tail,21.39793168391183,0.090625,Puntarenas_OTROS_Hidrometereológico
0.04033974008994419,0.6924907024165827,5513,GPD,tail,21.39793168391183,0.090625,Puntarenas_OTROS_Hidrometereológico
0.04033974008994419,0.6924907024165827,5514,GPD,tail,21.39793168391183,0.090625,Puntarenas_OTROS_Hidrometereológico
0.04033974008994419,0.6924907024165827,5515,GPD,tail,21.39793168391183,0.090625,Puntarenas_OTROS_Hidrometereológico
0.04033974008994419,0.6924907024165827,5516,GPD,tail,21.39793168391183,0.090625,Puntarenas_OTROS_Hidrometereológico
0.04033974008994419,0.6924907024165827,5517,GPD,tail,21.39793168391183,0.090625,Puntarenas_OTROS_Hidrometereológico
0.04033974008994419,0.6924907024165827,5518,GPD,tail,21.39793168391183,0.090625,Puntarenas_OTROS_Hidrometereológico
0.04033974008994419,0.6924907024165827,5519,GPD,tail,21.39793168391183,0.090625,Puntarenas_OTROS_Hidrometereológico
0.04033974008994419,0.6924907024165827,5520,GPD,tail,21.39793168391183,0.090625,Puntarenas_OTROS_Hidrometereológico
0.04033974008994419,0.6924907024165827,5521,GPD,tail,21.39793168391183,0.090625,Puntarenas_OTROS_Hidrometereológico
0.04033974008994419,0.6924907024165827,5522,GPD,tail,21.39793168391183,0.090625,Puntarenas_OTROS_Hidrometereológico
0.04033974008994419,0.6924907024165827,5523,GPD,tail,21.39793168391183,0.090625,Puntarenas_OTROS_Hidrometereológico
0.04033974008994419,0.6924907024165827,5524,GPD,tail,21.39793168391183,0.090625,Puntarenas_OTROS_Hidrometereológico
0.04033974008994419,0.6924907024165827,5525,GPD,tail,21.39793168391183,0.090625,Puntarenas_OTROS_Hidrometereológico
0.04033974008994419,0.6924907024165827,5526,GPD,tail,21.39793168391183,0.090625,Puntarenas_OTROS_Hidrometereológico
0.04033974008994419,0.6924907024165827,5527,GPD,tail,21.39793168391183,0.090625,Puntarenas_OTROS_Hidrometereológico
0.04033974008994419,0.6924907024165827,5528,GPD,tail,21.39793168391183,0.090625,Puntarenas_OTROS_Hidrometereológico
0.04033974008994419,0.6924907024165827,5529,GPD,tail,21.39793168391183,0.090625,Puntarenas_OTROS_Hidrometereológico
0.031693670106048254,0.683209227688785,5530,GPD,tail,21.39793168391183,0.090625,Puntarenas_OTROS_Hidrometereológico
0.031693670106048254,0.683209227688785,5531,GPD,tail,21.39793168391183,0.090625,Puntarenas_OTROS_Hidrometereológico
0.031693670106048254,0.683209227688785,5532,GPD,tail,21.39793168391183,0.090625,Puntarenas_OTROS_Hidrometereológico
0.031693670106048254,0.683209227688785,5533,GPD,tail,21.39793168391183,0.090625,Puntarenas_OTROS_Hidrometereológico
0.031693670106048254,0.683209227688785,5534,GPD,tail,21.39793168391183,0.090625,Puntarenas_OTROS_Hidrometereológico
0.031693670106048254,0.683209227688785,5535,GPD,tail,21.39793168391183,0.090625,Puntarenas_OTROS_Hidrometereológico
0.031693670106048254,0.683209227688785,5536,GPD,tail,21.39793168391183,0.090625,Puntarenas_OTROS_Hidrometereológico
0.031693670106048254,0.683209227688785,5537,GPD,tail,21.39793168391183,0.090625,Puntarenas_OTROS_Hidrometereológico
-0.07847639244688584,0.9684436538413357,5538,GPD,tail,21.39793168391183,0.090625,Puntarenas_OTROS_Hidrometereológico
-0.07847639244688584,0.9684436538413357,5539,GPD,tail,21.39793168391183,0.090625,Puntarenas_OTROS_Hidrometereológico
-0.07847639244688584,0.9684436538413357,5540,GPD,tail,21.39793168391183,0.090625,Puntarenas_OTROS_Hidrometereológico
-0.07847639244688584,0.9684436538413357,5541,GPD,tail,21.39793168391183,0.090625,Puntarenas_OTROS_Hidrometereológico
-0.07847639244688584,0.9684436538413357,5542,GPD,tail,21.39793168391183,0.090625,Puntarenas_OTROS_Hidrometereológico
-0.07847639244688584,0.9684436538413357,5543,GPD,tail,21.39793168391183,0.090625,Puntarenas_OTROS_Hidrometereológico
-0.07847639244688584,0.9684436538413357,5544,GPD,tail,21.39793168391183,0.090625,Puntarenas_OTROS_Hidrometereológico
-0.07847639244688584,0.9684436538413357,5545,GPD,tail,21.39793168391183,0.090625,Puntarenas_OTROS_Hidrometereológico
-0.07847639244688584,0.9684436538413357,5546,GPD,tail,21.39793168391183,0.090625,Puntarenas_OTROS_Hidrometereológico
-0.07847639244688584,0.9684436538413357,5547,GPD,tail,21.39793168391183,0.090625,Puntarenas_OTROS_Hidrometereológico
-0.07847639244688584,0.9684436538413357,5548,GPD,tail,21.39793168391183,0.090625,Puntarenas_OTROS_Hidrometereológico
-0.07847639244688584,0.9684436538413357,5549,GPD,tail,21.39793168391183,0.090625,Puntarenas_OTROS_Hidrometereológico
-0.07847639244688584,0.9684436538413357,5550,GPD,tail,21.39793168391183,0.090625,Puntarenas_OTROS_Hidrometereológico
-0.07847639244688584,0.9684436538413357,5551,GPD,tail,21.39793168391183,0.090625,Puntarenas_OTROS_Hidrometereológico
-0.07847639244688584,0.9684436538413357,5552,GPD,tail,21.39793168391183,0.090625,Puntarenas_OTROS_Hidrometereológico
-0.07847639244688584,0.9684436538413357,5553,GPD,tail,21.39793168391183,0.090625,Puntarenas_OTROS_Hidrometereológico
-0.07847639244688584,0.9684436538413357,5554,GPD,tail,21.39793168391183,0.090625,Puntarenas_OTROS_Hidrometereológico
-0.07847639244688584,0.9684436538413357,5555,GPD,tail,21.39793168391183,0.090625,Puntarenas_OTROS_Hidrometereológico
-0.07847639244688584,0.9684436538413357,5556,GPD,tail,21.39793168391183,0.090625,Puntarenas_OTROS_Hidrometereológico
-0.07847639244688584,0.9684436538413357,5557,GPD,tail,21.39793168391183,0.090625,Puntarenas_OTROS_Hidrometereológico
-0.17299469692247244,0.9322287793454206,5558,GPD,tail,21.39793168391183,0.090625,Puntarenas_OTROS_Hidrometereológico
-0.17299469692247244,0.9322287793454206,5559,GPD,tail,21.39793168391183,0.090625,Puntarenas_OTROS_Hidrometereológico
-0.17321678408965513,0.9172936909155142,5560,GPD,tail,21.39793168391183,0.090625,Puntarenas_OTROS_Hidrometereológico
-0.17321678408965513,0.9172936909155142,5561,GPD,tail,21.39793168391183,0.090625,Puntarenas_OTROS_Hidrometereológico
-0.17321678408965513,0.9172936909155142,5562,GPD,tail,21.39793168391183,0.090625,Puntarenas_OTROS_Hidrometereológico
-0.17321678408965513,0.9172936909155142,5563,GPD,tail,21.39793168391183,0.090625,Puntarenas_OTROS_Hidrometereológico
-0.17321678408965513,0.9172936909155142,5564,GPD,tail,21.39793168391183,0.090625,Puntarenas_OTROS_Hidrometereológico
-0.17321678408965513,0.9172936909155142,5565,GPD,tail,21.39793168391183,0.090625,Puntarenas_OTROS_Hidrometereológico
-0.17321678408965513,0.9172936909155142,5566,GPD,tail,21.39793168391183,0.090625,Puntarenas_OTROS_Hidrometereológico
-0.17321678408965513,0.9172936909155142,5567,GPD,tail,21.39793168391183,0.090625,Puntarenas_OTROS_Hidrometereológico
-0.17321678408965513,0.9172936909155142,5568,GPD,tail,21.39793168391183,0.090625,Puntarenas_OTROS_Hidrometereológico
-0.17321678408965513,0.9172936909155142,5569,GPD,tail,21.39793168391183,0.090625,Puntarenas_OTROS_Hidrometereológico
-0.17321678408965513,0.9172936909155142,5570,GPD,tail,21.39793168391183,0.090625,Puntarenas_OTROS_Hidrometereológico
-0.17321678408965513,0.9172936909155142,5571,GPD,tail,21.39793168391183,0.090625,Puntarenas_OTROS_Hidrometereológico
-0.17321678408965513,0.9172936909155142,5572,GPD,tail,21.39793168391183,0.090625,Puntarenas_OTROS_Hidrometereológico
-0.17321678408965513,0.9172936909155142,5573,GPD,tail,21.39793168391183,0.090625,Puntarenas_OTROS_Hidrometereológico
-0.17321678408965513,0.9172936909155142,5574,GPD,tail,21.39793168391183,0.090625,Puntarenas_OTROS_Hidrometereológico
-0.17321678408965513,0.9172936909155142,5575,GPD,tail,21.39793168391183,0.090625,Puntarenas_OTROS_Hidrometereológico
-0.17321678408965513,0.9172936909155142,5576,GPD,tail,21.39793168391183,0.090625,Puntarenas_OTROS_Hidrometereológico
-0.17321678408965513,0.9172936909155142,5577,GPD,tail,21.39793168391183,0.090625,Puntarenas_OTROS_Hidrometereológico
-0.17321678408965513,0.9172936909155142,5578,GPD,tail,21.39793168391183,0.090625,Puntarenas_OTROS_Hidrometereológico
-0.17321678408965513,0.9172936909155142,5579,GPD,tail,21.39793168391183,0.090625,Puntarenas_OTROS_Hidrometereológico
-0.17321678408965513,0.9172936909155142,5580,GPD,tail,21.39793168391183,0.090625,Puntarenas_OTROS_Hidrometereológico
-0.17321678408965513,0.9172936909155142,5581,GPD,tail,21.39793168391183,0.090625,Puntarenas_OTROS_Hidrometereológico
-0.17321678408965513,0.9172936909155142,5582,GPD,tail,21.39793168391183,0.090625,Puntarenas_OTROS_Hidrometereológico
-0.17321678408965513,0.9172936909155142,5583,GPD,tail,21.39793168391183,0.090625,Puntarenas_OTROS_Hidrometereológico
-0.17321678408965513,0.9172936909155142,5584,GPD,tail,21.39793168391183,0.090625,Puntarenas_OTROS_Hidrometereológico
-0.17321678408965513,0.9172936909155142,5585,GPD,tail,21.39793168391183,0.090625,Puntarenas_OTROS_Hidrometereológico
-0.17321678408965513,0.9172936909155142,5586,GPD,tail,21.39793168391183,0.090625,Puntarenas_OTROS_Hidrometereológico
-0.031627657174903734,0.7332636424839241,5587,GPD,tail,21.39793168391183,0.090625,Puntarenas_OTROS_Hidrometereológico
-0.031627657174903734,0.7332636424839241,5588,GPD,tail,21.39793168391183,0.090625,Puntarenas_OTROS_Hidrometereológico
-0.031627657174903734,0.7332636424839241,5589,GPD,tail,21.39793168391183,0.090625,Puntarenas_OTROS_Hidrometereológico
-0.031627657174903734,0.7332636424839241,5590,GPD,tail,21.39793168391183,0.090625,Puntarenas_OTROS_Hidrometereológico
-0.031627657174903734,0.7332636424839241,5591,GPD,tail,21.39793168391183,0.090625,Puntarenas_OTROS_Hidrometereológico
-0.031627657174903734,0.7332636424839241,5592,GPD,tail,21.39793168391183,0.090625,Puntarenas_OTROS_Hidrometereológico
-0.031627657174903734,0.7332636424839241,5593,GPD,tail,21.39793168391183,0.090625,Puntarenas_OTROS_Hidrometereológico
-0.021306669191916913,0.79350871774855,5594,GPD,tail,21.39793168391183,0.090625,Puntarenas_OTROS_Hidrometereológico
-0.021306669191916913,0.79350871774855,5595,GPD,tail,21.39793168391183,0.090625,Puntarenas_OTROS_Hidrometereológico
-0.08299467931756899,0.918579492487555,5596,GPD,tail,21.39793168391183,0.090625,Puntarenas_OTROS_Hidrometereológico
-0.08299467931756899,0.918579492487555,5597,GPD,tail,21.39793168391183,0.090625,Puntarenas_OTROS_Hidrometereológico
-0.08299467931756899,0.918579492487555,5598,GPD,tail,21.39793168391183,0.090625,Puntarenas_OTROS_Hidrometereológico
-0.08299467931756899,0.918579492487555,5599,GPD,tail,21.39793168391183,0.090625,Puntarenas_OTROS_Hidrometereológico
-0.08299467931756899,0.918579492487555,5600,GPD,tail,21.39793168391183,0.090625,Puntarenas_OTROS_Hidrometereológico
-0.08299467931756899,0.918579492487555,5601,GPD,tail,21.39793168391183,0.090625,Puntarenas_OTROS_Hidrometereológico
-0.08299467931756899,0.918579492487555,5602,GPD,tail,21.39793168391183,0.090625,Puntarenas_OTROS_Hidrometereológico
-0.08299467931756899,0.918579492487555,5603,GPD,tail,21.39793168391183,0.090625,Puntarenas_OTROS_Hidrometereológico
-0.08299467931756899,0.918579492487555,5604,GPD,tail,21.39793168391183,0.090625,Puntarenas_OTROS_Hidrometereológico
-0.08299467931756899,0.918579492487555,5605,GPD,tail,21.39793168391183,0.090625,Puntarenas_OTROS_Hidrometereológico
-0.08299467931756899,0.918579492487555,5606,GPD,tail,21.39793168391183,0.090625,Puntarenas_OTROS_Hidrometereológico
-0.08299467931756899,0.918579492487555,5607,GPD,tail,21.39793168391183,0.090625,Puntarenas_OTROS_Hidrometereológico
-0.08299467931756899,0.918579492487555,5608,GPD,tail,21.39793168391183,0.090625,Puntarenas_OTROS_Hidrometereológico
-0.08299467931756899,0.918579492487555,5609,GPD,tail,21.39793168391183,0.090625,Puntarenas_OTROS_Hidrometereológico
-0.08299467931756899,0.918579492487555,5610,GPD,tail,21.39793168391183,0.090625,Puntarenas_OTROS_Hidrometereológico
-0.08299467931756899,0.918579492487555,5611,GPD,tail,21.39793168391183,0.090625,Puntarenas_OTROS_Hidrometereológico
-0.08299467931756899,0.918579492487555,5612,GPD,tail,21.39793168391183,0.090625,Puntarenas_OTROS_Hidrometereológico
-0.08299467931756899,0.918579492487555,5613,GPD,tail,21.39793168391183,0.090625,Puntarenas_OTROS_Hidrometereológico
-0.08299467931756899,0.918579492487555,5614,GPD,tail,21.39793168391183,0.090625,Puntarenas_OTROS_Hidrometereológico
-0.08299467931756899,0.918579492487555,5615,GPD,tail,21.39793168391183,0.090625,Puntarenas_OTROS_Hidrometereológico
-0.08299467931756899,0.918579492487555,5616,GPD,tail,21.39793168391183,0.090625,Puntarenas_OTROS_Hidrometereológico
-0.08299467931756899,0.918579492487555,5617,GPD,tail,21.39793168391183,0.090625,Puntarenas_OTROS_Hidrometereológico
-0.08299467931756899,0.918579492487555,5618,GPD,tail,21.39793168391183,0.090625,Puntarenas_OTROS_Hidrometereológico
-0.08299467931756899,0.918579492487555,5619,GPD,tail,21.39793168391183,0.090625,Puntarenas_OTROS_Hidrometereológico
-0.08299467931756899,0.918579492487555,5620,GPD,tail,21.39793168391183,0.090625,Puntarenas_OTROS_Hidrometereológico
-0.08299467931756899,0.918579492487555,5621,GPD,tail,21.39793168391183,0.090625,Puntarenas_OTROS_Hidrometereológico
-0.08299467931756899,0.918579492487555,5622,GPD,tail,21.39793168391183,0.090625,Puntarenas_OTROS_Hidrometereológico
-0.08299467931756899,0.918579492487555,5623,GPD,tail,21.39793168391183,0.090625,Puntarenas_OTROS_Hidrometereológico
-0.08299467931756899,0.918579492487555,5624,GPD,tail,21.39793168391183,0.090625,Puntarenas_OTROS_Hidrometereológico
-0.08299467931756899,0.918579492487555,5625,GPD,tail,21.39793168391183,0.090625,Puntarenas_OTROS_Hidrometereológico
-0.08299467931756899,0.918579492487555,5626,GPD,tail,21.39793168391183,0.090625,Puntarenas_OTROS_Hidrometereológico
-0.08299467931756899,0.918579492487555,5627,GPD,tail,21.39793168391183,0.090625,Puntarenas_OTROS_Hidrometereológico
-0.08299467931756899,0.918579492487555,5628,GPD,tail,21.39793168391183,0.090625,Puntarenas_OTROS_Hidrometereológico
-0.08299467931756899,0.918579492487555,5629,GPD,tail,21.39793168391183,0.090625,Puntarenas_OTROS_Hidrometereológico
-0.08299467931756899,0.918579492487555,5630,GPD,tail,21.39793168391183,0.090625,Puntarenas_OTROS_Hidrometereológico
-0.08299467931756899,0.918579492487555,5631,GPD,tail,21.39793168391183,0.090625,Puntarenas_OTROS_Hidrometereológico
-0.08299467931756899,0.918579492487555,5632,GPD,tail,21.39793168391183,0.090625,Puntarenas_OTROS_Hidrometereológico
-0.08299467931756899,0.918579492487555,5633,GPD,tail,21.39793168391183,0.090625,Puntarenas_OTROS_Hidrometereológico
-0.08299467931756899,0.918579492487555,5634,GPD,tail,21.39793168391183,0.090625,Puntarenas_OTROS_Hidrometereológico
-0.08299467931756899,0.918579492487555,5635,GPD,tail,21.39793168391183,0.090625,Puntarenas_OTROS_Hidrometereológico
-0.08299467931756899,0.918579492487555,5636,GPD,tail,21.39793168391183,0.090625,Puntarenas_OTROS_Hidrometereológico
-0.08299467931756899,0.918579492487555,5637,GPD,tail,21.39793168391183,0.090625,Puntarenas_OTROS_Hidrometereológico
0.014593524578021197,0.817261987546832,5638,GPD,tail,21.39793168391183,0.090625,Puntarenas_OTROS_Hidrometereológico
0.014593524578021197,0.817261987546832,5639,GPD,tail,21.39793168391183,0.090625,Puntarenas_OTROS_Hidrometereológico
0.014593524578021197,0.817261987546832,5640,GPD,tail,21.39793168391183,0.090625,Puntarenas_OTROS_Hidrometereológico
0.014593524578021197,0.817261987546832,5641,GPD,tail,21.39793168391183,0.090625,Puntarenas_OTROS_Hidrometereológico
0.014593524578021197,0.817261987546832,5642,GPD,tail,21.39793168391183,0.090625,Puntarenas_OTROS_Hidrometereológico
0.014593524578021197,0.817261987546832,5643,GPD,tail,21.39793168391183,0.090625,Puntarenas_OTROS_Hidrometereológico
0.014593524578021197,0.817261987546832,5644,GPD,tail,21.39793168391183,0.090625,Puntarenas_OTROS_Hidrometereológico
0.014593524578021197,0.817261987546832,5645,GPD,tail,21.39793168391183,0.090625,Puntarenas_OTROS_Hidrometereológico
0.014593524578021197,0.817261987546832,5646,GPD,tail,21.39793168391183,0.090625,Puntarenas_OTROS_Hidrometereológico
0.014593524578021197,0.817261987546832,5647,GPD,tail,21.39793168391183,0.090625,Puntarenas_OTROS_Hidrometereológico
0.014593524578021197,0.817261987546832,5648,GPD,tail,21.39793168391183,0.090625,Puntarenas_OTROS_Hidrometereológico
0.014593524578021197,0.817261987546832,5649,GPD,tail,21.39793168391183,0.090625,Puntarenas_OTROS_Hidrometereológico
0.014593524578021197,0.817261987546832,5650,GPD,tail,21.39793168391183,0.090625,Puntarenas_OTROS_Hidrometereológico
0.014593524578021197,0.817261987546832,5651,GPD,tail,21.39793168391183,0.090625,Puntarenas_OTROS_Hidrometereológico
0.014593524578021197,0.817261987546832,5652,GPD,tail,21.39793168391183,0.090625,Puntarenas_OTROS_Hidrometereológico
0.014593524578021197,0.817261987546832,5653,GPD,tail,21.39793168391183,0.090625,Puntarenas_OTROS_Hidrometereológico
0.014593524578021197,0.817261987546832,5654,GPD,tail,21.39793168391183,0.090625,Puntarenas_OTROS_Hidrometereológico
0.014593524578021197,0.817261987546832,5655,GPD,tail,21.39793168391183,0.090625,Puntarenas_OTROS_Hidrometereológico
0.014593524578021197,0.817261987546832,5656,GPD,tail,21.39793168391183,0.090625,Puntarenas_OTROS_Hidrometereológico
0.014593524578021197,0.817261987546832,5657,GPD,tail,21.39793168391183,0.090625,Puntarenas_OTROS_Hidrometereológico
0.014593524578021197,0.817261987546832,5658,GPD,tail,21.39793168391183,0.090625,Puntarenas_OTROS_Hidrometereológico
-0.017592705140086873,0.7663949910845227,5659,GPD,tail,21.39793168391183,0.090625,Puntarenas_OTROS_Hidrometereológico
-0.017592705140086873,0.7663949910845227,5660,GPD,tail,21.39793168391183,0.090625,Puntarenas_OTROS_Hidrometereológico
-0.017592705140086873,0.7663949910845227,5661,GPD,tail,21.39793168391183,0.090625,Puntarenas_OTROS_Hidrometereológico
-0.017592705140086873,0.7663949910845227,5662,GPD,tail,21.39793168391183,0.090625,Puntarenas_OTROS_Hidrometereológico
-0.017592705140086873,0.7663949910845227,5663,GPD,tail,21.39793168391183,0.090625,Puntarenas_OTROS_Hidrometereológico
-0.017592705140086873,0.7663949910845227,5664,GPD,tail,21.39793168391183,0.090625,Puntarenas_OTROS_Hidrometereológico
-0.017592705140086873,0.7663949910845227,5665,GPD,tail,21.39793168391183,0.090625,Puntarenas_OTROS_Hidrometereológico
-0.017592705140086873,0.7663949910845227,5666,GPD,tail,21.39793168391183,0.090625,Puntarenas_OTROS_Hidrometereológico
-0.017592705140086873,0.7663949910845227,5667,GPD,tail,21.39793168391183,0.090625,Puntarenas_OTROS_Hidrometereológico
-0.017592705140086873,0.7663949910845227,5668,GPD,tail,21.39793168391183,0.090625,Puntarenas_OTROS_Hidrometereológico
-0.017592705140086873,0.7663949910845227,5669,GPD,tail,21.39793168391183,0.090625,Puntarenas_OTROS_Hidrometereológico
-0.017592705140086873,0.7663949910845227,5670,GPD,tail,21.39793168391183,0.090625,Puntarenas_OTROS_Hidrometereológico
-0.017592705140086873,0.7663949910845227,5671,GPD,tail,21.39793168391183,0.090625,Puntarenas_OTROS_Hidrometereológico
-0.017592705140086873,0.7663949910845227,5672,GPD,tail,21.39793168391183,0.090625,Puntarenas_OTROS_Hidrometereológico
-0.14691424870806055,1.0391407727045392,5673,GPD,tail,21.39793168391183,0.090625,Puntarenas_OTROS_Hidrometereológico
-0.14691424870806055,1.0391407727045392,5674,GPD,tail,21.39793168391183,0.090625,Puntarenas_OTROS_Hidrometereológico
-0.14691424870806055,1.0391407727045392,5675,GPD,tail,21.39793168391183,0.090625,Puntarenas_OTROS_Hidrometereológico
-0.14691424870806055,1.0391407727045392,5676,GPD,tail,21.39793168391183,0.090625,Puntarenas_OTROS_Hidrometereológico
-0.14691424870806055,1.0391407727045392,5677,GPD,tail,21.39793168391183,0.090625,Puntarenas_OTROS_Hidrometereológico
-0.14691424870806055,1.0391407727045392,5678,GPD,tail,21.39793168391183,0.090625,Puntarenas_OTROS_Hidrometereológico
-0.14691424870806055,1.0391407727045392,5679,GPD,tail,21.39793168391183,0.090625,Puntarenas_OTROS_Hidrometereológico
-0.14691424870806055,1.0391407727045392,5680,GPD,tail,21.39793168391183,0.090625,Puntarenas_OTROS_Hidrometereológico
-0.14691424870806055,1.0391407727045392,5681,GPD,tail,21.39793168391183,0.090625,Puntarenas_OTROS_Hidrometereológico
-0.14691424870806055,1.0391407727045392,5682,GPD,tail,21.39793168391183,0.090625,Puntarenas_OTROS_Hidrometereológico
-0.14691424870806055,1.0391407727045392,5683,GPD,tail,21.39793168391183,0.090625,Puntarenas_OTROS_Hidrometereológico
-0.14691424870806055,1.0391407727045392,5684,GPD,tail,21.39793168391183,0.090625,Puntarenas_OTROS_Hidrometereológico
-0.14691424870806055,1.0391407727045392,5685,GPD,tail,21.39793168391183,0.090625,Puntarenas_OTROS_Hidrometereológico
-0.08756027796109679,0.8375179370980557,5686,GPD,tail,21.39793168391183,0.090625,Puntarenas_OTROS_Hidrometereológico
-0.08756027796109679,0.8375179370980557,5687,GPD,tail,21.39793168391183,0.090625,Puntarenas_OTROS_Hidrometereológico
-0.08756027796109679,0.8375179370980557,5688,GPD,tail,21.39793168391183,0.090625,Puntarenas_OTROS_Hidrometereológico
-0.08756027796109679,0.8375179370980557,5689,GPD,tail,21.39793168391183,0.090625,Puntarenas_OTROS_Hidrometereológico
-0.08756027796109679,0.8375179370980557,5690,GPD,tail,21.39793168391183,0.090625,Puntarenas_OTROS_Hidrometereológico
-0.08756027796109679,0.8375179370980557,5691,GPD,tail,21.39793168391183,0.090625,Puntarenas_OTROS_Hidrometereológico
-0.08756027796109679,0.8375179370980557,5692,GPD,tail,21.39793168391183,0.090625,Puntarenas_OTROS_Hidrometereológico
-0.08756027796109679,0.8375179370980557,5693,GPD,tail,21.39793168391183,0.090625,Puntarenas_OTROS_Hidrometereológico
-0.08756027796109679,0.8375179370980557,5694,GPD,tail,21.39793168391183,0.090625,Puntarenas_OTROS_Hidrometereológico
-0.08756027796109679,0.8375179370980557,5695,GPD,tail,21.39793168391183,0.090625,Puntarenas_OTROS_Hidrometereológico
-0.08756027796109679,0.8375179370980557,5696,GPD,tail,21.39793168391183,0.090625,Puntarenas_OTROS_Hidrometereológico
-0.08756027796109679,0.8375179370980557,5697,GPD,tail,21.39793168391183,0.090625,Puntarenas_OTROS_Hidrometereológico
-0.08756027796109679,0.8375179370980557,5698,GPD,tail,21.39793168391183,0.090625,Puntarenas_OTROS_Hidrometereológico
-0.08756027796109679,0.8375179370980557,5699,GPD,tail,21.39793168391183,0.090625,Puntarenas_OTROS_Hidrometereológico
-0.08756027796109679,0.8375179370980557,5700,GPD,tail,21.39793168391183,0.090625,Puntarenas_OTROS_Hidrometereológico
-0.08756027796109679,0.8375179370980557,5701,GPD,tail,21.39793168391183,0.090625,Puntarenas_OTROS_Hidrometereológico
-0.08756027796109679,0.8375179370980557,5702,GPD,tail,21.39793168391183,0.090625,Puntarenas_OTROS_Hidrometereológico
-0.08756027796109679,0.8375179370980557,5703,GPD,tail,21.39793168391183,0.090625,Puntarenas_OTROS_Hidrometereológico
-0.08756027796109679,0.8375179370980557,5704,GPD,tail,21.39793168391183,0.090625,Puntarenas_OTROS_Hidrometereológico
-0.08756027796109679,0.8375179370980557,5705,GPD,tail,21.39793168391183,0.090625,Puntarenas_OTROS_Hidrometereológico
-0.08756027796109679,0.8375179370980557,5706,GPD,tail,21.39793168391183,0.090625,Puntarenas_OTROS_Hidrometereológico
-0.08756027796109679,0.8375179370980557,5707,GPD,tail,21.39793168391183,0.090625,Puntarenas_OTROS_Hidrometereológico
-0.08756027796109679,0.8375179370980557,5708,GPD,tail,21.39793168391183,0.090625,Puntarenas_OTROS_Hidrometereológico
-0.08756027796109679,0.8375179370980557,5709,GPD,tail,21.39793168391183,0.090625,Puntarenas_OTROS_Hidrometereológico
-0.08756027796109679,0.8375179370980557,5710,GPD,tail,21.39793168391183,0.090625,Puntarenas_OTROS_Hidrometereológico
-0.08756027796109679,0.8375179370980557,5711,GPD,tail,21.39793168391183,0.090625,Puntarenas_OTROS_Hidrometereológico
-0.08756027796109679,0.8375179370980557,5712,GPD,tail,21.39793168391183,0.090625,Puntarenas_OTROS_Hidrometereológico
-0.08756027796109679,0.8375179370980557,5713,GPD,tail,21.39793168391183,0.090625,Puntarenas_OTROS_Hidrometereológico
-0.08756027796109679,0.8375179370980557,5714,GPD,tail,21.39793168391183,0.090625,Puntarenas_OTROS_Hidrometereológico
-0.08756027796109679,0.8375179370980557,5715,GPD,tail,21.39793168391183,0.090625,Puntarenas_OTROS_Hidrometereológico
-0.08756027796109679,0.8375179370980557,5716,GPD,tail,21.39793168391183,0.090625,Puntarenas_OTROS_Hidrometereológico
-0.08756027796109679,0.8375179370980557,5717,GPD,tail,21.39793168391183,0.090625,Puntarenas_OTROS_Hidrometereológico
-0.08756027796109679,0.8375179370980557,5718,GPD,tail,21.39793168391183,0.090625,Puntarenas_OTROS_Hidrometereológico
-0.08756027796109679,0.8375179370980557,5719,GPD,tail,21.39793168391183,0.090625,Puntarenas_OTROS_Hidrometereológico
-0.08756027796109679,0.8375179370980557,5720,GPD,tail,21.39793168391183,0.090625,Puntarenas_OTROS_Hidrometereológico
-0.08756027796109679,0.8375179370980557,5721,GPD,tail,21.39793168391183,0.090625,Puntarenas_OTROS_Hidrometereológico
-0.08756027796109679,0.8375179370980557,5722,GPD,tail,21.39793168391183,0.090625,Puntarenas_OTROS_Hidrometereológico
-0.08756027796109679,0.8375179370980557,5723,GPD,tail,21.39793168391183,0.090625,Puntarenas_OTROS_Hidrometereológico
-0.08756027796109679,0.8375179370980557,5724,GPD,tail,21.39793168391183,0.090625,Puntarenas_OTROS_Hidrometereológico
-0.08756027796109679,0.8375179370980557,5725,GPD,tail,21.39793168391183,0.090625,Puntarenas_OTROS_Hidrometereológico
-0.08756027796109679,0.8375179370980557,5726,GPD,tail,21.39793168391183,0.090625,Puntarenas_OTROS_Hidrometereológico
-0.08756027796109679,0.8375179370980557,5727,GPD,tail,21.39793168391183,0.090625,Puntarenas_OTROS_Hidrometereológico
-0.08756027796109679,0.8375179370980557,5728,GPD,tail,21.39793168391183,0.090625,Puntarenas_OTROS_Hidrometereológico
-0.08756027796109679,0.8375179370980557,5729,GPD,tail,21.39793168391183,0.090625,Puntarenas_OTROS_Hidrometereológico
-0.08756027796109679,0.8375179370980557,5730,GPD,tail,21.39793168391183,0.090625,Puntarenas_OTROS_Hidrometereológico
-0.08756027796109679,0.8375179370980557,5731,GPD,tail,21.39793168391183,0.090625,Puntarenas_OTROS_Hidrometereológico
-0.00903889473527067,0.8098101783568609,5732,GPD,tail,21.39793168391183,0.090625,Puntarenas_OTROS_Hidrometereológico
-0.00903889473527067,0.8098101783568609,5733,GPD,tail,21.39793168391183,0.090625,Puntarenas_OTROS_Hidrometereológico
-0.00903889473527067,0.8098101783568609,5734,GPD,tail,21.39793168391183,0.090625,Puntarenas_OTROS_Hidrometereológico
-0.00903889473527067,0.8098101783568609,5735,GPD,tail,21.39793168391183,0.090625,Puntarenas_OTROS_Hidrometereológico
-0.00903889473527067,0.8098101783568609,5736,GPD,tail,21.39793168391183,0.090625,Puntarenas_OTROS_Hidrometereológico
-0.00903889473527067,0.8098101783568609,5737,GPD,tail,21.39793168391183,0.090625,Puntarenas_OTROS_Hidrometereológico
-0.00903889473527067,0.8098101783568609,5738,GPD,tail,21.39793168391183,0.090625,Puntarenas_OTROS_Hidrometereológico
-0.00903889473527067,0.8098101783568609,5739,GPD,tail,21.39793168391183,0.090625,Puntarenas_OTROS_Hidrometereológico
-0.00903889473527067,0.8098101783568609,5740,GPD,tail,21.39793168391183,0.090625,Puntarenas_OTROS_Hidrometereológico
-0.00903889473527067,0.8098101783568609,5741,GPD,tail,21.39793168391183,0.090625,Puntarenas_OTROS_Hidrometereológico
-0.00903889473527067,0.8098101783568609,5742,GPD,tail,21.39793168391183,0.090625,Puntarenas_OTROS_Hidrometereológico
-0.00903889473527067,0.8098101783568609,5743,GPD,tail,21.39793168391183,0.090625,Puntarenas_OTROS_Hidrometereológico
-0.00903889473527067,0.8098101783568609,5744,GPD,tail,21.39793168391183,0.090625,Puntarenas_OTROS_Hidrometereológico
-0.00903889473527067,0.8098101783568609,5745,GPD,tail,21.39793168391183,0.090625,Puntarenas_OTROS_Hidrometereológico
-0.00903889473527067,0.8098101783568609,5746,GPD,tail,21.39793168391183,0.090625,Puntarenas_OTROS_Hidrometereológico
-0.00903889473527067,0.8098101783568609,5747,GPD,tail,21.39793168391183,0.090625,Puntarenas_OTROS_Hidrometereológico
-0.00903889473527067,0.8098101783568609,5748,GPD,tail,21.39793168391183,0.090625,Puntarenas_OTROS_Hidrometereológico
-0.00903889473527067,0.8098101783568609,5749,GPD,tail,21.39793168391183,0.090625,Puntarenas_OTROS_Hidrometereológico
-0.00903889473527067,0.8098101783568609,5750,GPD,tail,21.39793168391183,0.090625,Puntarenas_OTROS_Hidrometereológico
-0.00903889473527067,0.8098101783568609,5751,GPD,tail,21.39793168391183,0.090625,Puntarenas_OTROS_Hidrometereológico
-0.00903889473527067,0.8098101783568609,5752,GPD,tail,21.39793168391183,0.090625,Puntarenas_OTROS_Hidrometereológico
-0.00903889473527067,0.8098101783568609,5753,GPD,tail,21.39793168391183,0.090625,Puntarenas_OTROS_Hidrometereológico
-0.00903889473527067,0.8098101783568609,5754,GPD,tail,21.39793168391183,0.090625,Puntarenas_OTROS_Hidrometereológico
-0.00903889473527067,0.8098101783568609,5755,GPD,tail,21.39793168391183,0.090625,Puntarenas_OTROS_Hidrometereológico
-0.00903889473527067,0.8098101783568609,5756,GPD,tail,21.39793168391183,0.090625,Puntarenas_OTROS_Hidrometereológico
-0.00903889473527067,0.8098101783568609,5757,GPD,tail,21.39793168391183,0.090625,Puntarenas_OTROS_Hidrometereológico
-0.00903889473527067,0.8098101783568609,5758,GPD,tail,21.39793168391183,0.090625,Puntarenas_OTROS_Hidrometereológico
-0.00903889473527067,0.8098101783568609,5759,GPD,tail,21.39793168391183,0.090625,Puntarenas_OTROS_Hidrometereológico
-0.00903889473527067,0.8098101783568609,5760,GPD,tail,21.39793168391183,0.090625,Puntarenas_OTROS_Hidrometereológico
-0.00903889473527067,0.8098101783568609,5761,GPD,tail,21.39793168391183,0.090625,Puntarenas_OTROS_Hidrometereológico
-0.00903889473527067,0.8098101783568609,5762,GPD,tail,21.39793168391183,0.090625,Puntarenas_OTROS_Hidrometereológico
-0.00903889473527067,0.8098101783568609,5763,GPD,tail,21.39793168391183,0.090625,Puntarenas_OTROS_Hidrometereológico
-0.00903889473527067,0.8098101783568609,5764,GPD,tail,21.39793168391183,0.090625,Puntarenas_OTROS_Hidrometereológico
-0.00903889473527067,0.8098101783568609,5765,GPD,tail,21.39793168391183,0.090625,Puntarenas_OTROS_Hidrometereológico
-0.00903889473527067,0.8098101783568609,5766,GPD,tail,21.39793168391183,0.090625,Puntarenas_OTROS_Hidrometereológico
-0.11158535390182867,0.9767612411034067,5767,GPD,tail,21.39793168391183,0.090625,Puntarenas_OTROS_Hidrometereológico
-0.11158535390182867,0.9767612411034067,5768,GPD,tail,21.39793168391183,0.090625,Puntarenas_OTROS_Hidrometereológico
-0.11158535390182867,0.9767612411034067,5769,GPD,tail,21.39793168391183,0.090625,Puntarenas_OTROS_Hidrometereológico
-0.00627377033103553,0.9446442527651233,5770,GPD,tail,21.39793168391183,0.090625,Puntarenas_OTROS_Hidrometereológico
-0.00627377033103553,0.9446442527651233,5771,GPD,tail,21.39793168391183,0.090625,Puntarenas_OTROS_Hidrometereológico
-0.09555898361473328,0.8135905807414662,5772,GPD,tail,21.39793168391183,0.090625,Puntarenas_OTROS_Hidrometereológico
-0.09555898361473328,0.8135905807414662,5773,GPD,tail,21.39793168391183,0.090625,Puntarenas_OTROS_Hidrometereológico
-0.09555898361473328,0.8135905807414662,5774,GPD,tail,21.39793168391183,0.090625,Puntarenas_OTROS_Hidrometereológico
-0.09555898361473328,0.8135905807414662,5775,GPD,tail,21.39793168391183,0.090625,Puntarenas_OTROS_Hidrometereológico
-0.09555898361473328,0.8135905807414662,5776,GPD,tail,21.39793168391183,0.090625,Puntarenas_OTROS_Hidrometereológico
-0.09555898361473328,0.8135905807414662,5777,GPD,tail,21.39793168391183,0.090625,Puntarenas_OTROS_Hidrometereológico
-0.09555898361473328,0.8135905807414662,5778,GPD,tail,21.39793168391183,0.090625,Puntarenas_OTROS_Hidrometereológico
-0.09555898361473328,0.8135905807414662,5779,GPD,tail,21.39793168391183,0.090625,Puntarenas_OTROS_Hidrometereológico
-0.09555898361473328,0.8135905807414662,5780,GPD,tail,21.39793168391183,0.090625,Puntarenas_OTROS_Hidrometereológico
-0.09555898361473328,0.8135905807414662,5781,GPD,tail,21.39793168391183,0.090625,Puntarenas_OTROS_Hidrometereológico
-0.09555898361473328,0.8135905807414662,5782,GPD,tail,21.39793168391183,0.090625,Puntarenas_OTROS_Hidrometereológico
-0.09555898361473328,0.8135905807414662,5783,GPD,tail,21.39793168391183,0.090625,Puntarenas_OTROS_Hidrometereológico
-0.09555898361473328,0.8135905807414662,5784,GPD,tail,21.39793168391183,0.090625,Puntarenas_OTROS_Hidrometereológico
-0.09555898361473328,0.8135905807414662,5785,GPD,tail,21.39793168391183,0.090625,Puntarenas_OTROS_Hidrometereológico
-0.09555898361473328,0.8135905807414662,5786,GPD,tail,21.39793168391183,0.090625,Puntarenas_OTROS_Hidrometereológico
-0.09555898361473328,0.8135905807414662,5787,GPD,tail,21.39793168391183,0.090625,Puntarenas_OTROS_Hidrometereológico
-0.09555898361473328,0.8135905807414662,5788,GPD,tail,21.39793168391183,0.090625,Puntarenas_OTROS_Hidrometereológico
-0.07544831448969666,0.8624377486455981,5789,GPD,tail,21.39793168391183,0.090625,Puntarenas_OTROS_Hidrometereológico
-0.07544831448969666,0.8624377486455981,5790,GPD,tail,21.39793168391183,0.090625,Puntarenas_OTROS_Hidrometereológico
-0.07544831448969666,0.8624377486455981,5791,GPD,tail,21.39793168391183,0.090625,Puntarenas_OTROS_Hidrometereológico
-0.07544831448969666,0.8624377486455981,5792,GPD,tail,21.39793168391183,0.090625,Puntarenas_OTROS_Hidrometereológico
-0.07544831448969666,0.8624377486455981,5793,GPD,tail,21.39793168391183,0.090625,Puntarenas_OTROS_Hidrometereológico
-0.07544831448969666,0.8624377486455981,5794,GPD,tail,21.39793168391183,0.090625,Puntarenas_OTROS_Hidrometereológico
-0.07544831448969666,0.8624377486455981,5795,GPD,tail,21.39793168391183,0.090625,Puntarenas_OTROS_Hidrometereológico
-0.07544831448969666,0.8624377486455981,5796,GPD,tail,21.39793168391183,0.090625,Puntarenas_OTROS_Hidrometereológico
-0.07544831448969666,0.8624377486455981,5797,GPD,tail,21.39793168391183,0.090625,Puntarenas_OTROS_Hidrometereológico
-0.07544831448969666,0.8624377486455981,5798,GPD,tail,21.39793168391183,0.090625,Puntarenas_OTROS_Hidrometereológico
-0.07544831448969666,0.8624377486455981,5799,GPD,tail,21.39793168391183,0.090625,Puntarenas_OTROS_Hidrometereológico
-0.0824037894533784,0.9396721714267464,5800,GPD,tail,21.39793168391183,0.090625,Puntarenas_OTROS_Hidrometereológico
-0.0824037894533784,0.9396721714267464,5801,GPD,tail,21.39793168391183,0.090625,Puntarenas_OTROS_Hidrometereológico
-0.0582190863695783,0.8328074494183293,5802,GPD,tail,21.39793168391183,0.090625,Puntarenas_OTROS_Hidrometereológico
-0.0582190863695783,0.8328074494183293,5803,GPD,tail,21.39793168391183,0.090625,Puntarenas_OTROS_Hidrometereológico
-0.0582190863695783,0.8328074494183293,5804,GPD,tail,21.39793168391183,0.090625,Puntarenas_OTROS_Hidrometereológico
-0.0582190863695783,0.8328074494183293,5805,GPD,tail,21.39793168391183,0.090625,Puntarenas_OTROS_Hidrometereológico
-0.0582190863695783,0.8328074494183293,5806,GPD,tail,21.39793168391183,0.090625,Puntarenas_OTROS_Hidrometereológico
-0.0582190863695783,0.8328074494183293,5807,GPD,tail,21.39793168391183,0.090625,Puntarenas_OTROS_Hidrometereológico
-0.0582190863695783,0.8328074494183293,5808,GPD,tail,21.39793168391183,0.090625,Puntarenas_OTROS_Hidrometereológico
-0.0582190863695783,0.8328074494183293,5809,GPD,tail,21.39793168391183,0.090625,Puntarenas_OTROS_Hidrometereológico
-0.0582190863695783,0.8328074494183293,5810,GPD,tail,21.39793168391183,0.090625,Puntarenas_OTROS_Hidrometereológico
-0.0582190863695783,0.8328074494183293,5811,GPD,tail,21.39793168391183,0.090625,Puntarenas_OTROS_Hidrometereológico
-0.0582190863695783,0.8328074494183293,5812,GPD,tail,21.39793168391183,0.090625,Puntarenas_OTROS_Hidrometereológico
-0.0582190863695783,0.8328074494183293,5813,GPD,tail,21.39793168391183,0.090625,Puntarenas_OTROS_Hidrometereológico
-0.0582190863695783,0.8328074494183293,5814,GPD,tail,21.39793168391183,0.090625,Puntarenas_OTROS_Hidrometereológico
-0.0582190863695783,0.8328074494183293,5815,GPD,tail,21.39793168391183,0.090625,Puntarenas_OTROS_Hidrometereológico
-0.0582190863695783,0.8328074494183293,5816,GPD,tail,21.39793168391183,0.090625,Puntarenas_OTROS_Hidrometereológico
-0.0582190863695783,0.8328074494183293,5817,GPD,tail,21.39793168391183,0.090625,Puntarenas_OTROS_Hidrometereológico
-0.0582190863695783,0.8328074494183293,5818,GPD,tail,21.39793168391183,0.090625,Puntarenas_OTROS_Hidrometereológico
-0.0582190863695783,0.8328074494183293,5819,GPD,tail,21.39793168391183,0.090625,Puntarenas_OTROS_Hidrometereológico
-0.0582190863695783,0.8328074494183293,5820,GPD,tail,21.39793168391183,0.090625,Puntarenas_OTROS_Hidrometereológico
-0.0582190863695783,0.8328074494183293,5821,GPD,tail,21.39793168391183,0.090625,Puntarenas_OTROS_Hidrometereológico
-0.0582190863695783,0.8328074494183293,5822,GPD,tail,21.39793168391183,0.090625,Puntarenas_OTROS_Hidrometereológico
0.00771065150221692,0.8118289670687753,5823,GPD,tail,21.39793168391183,0.090625,Puntarenas_OTROS_Hidrometereológico
-0.10370615741622909,0.9076447022827818,5824,GPD,tail,21.39793168391183,0.090625,Puntarenas_OTROS_Hidrometereológico
-0.10370615741622909,0.9076447022827818,5825,GPD,tail,21.39793168391183,0.090625,Puntarenas_OTROS_Hidrometereológico
-0.10370615741622909,0.9076447022827818,5826,GPD,tail,21.39793168391183,0.090625,Puntarenas_OTROS_Hidrometereológico
-0.10370615741622909,0.9076447022827818,5827,GPD,tail,21.39793168391183,0.090625,Puntarenas_OTROS_Hidrometereológico
-0.10370615741622909,0.9076447022827818,5828,GPD,tail,21.39793168391183,0.090625,Puntarenas_OTROS_Hidrometereológico
-0.10370615741622909,0.9076447022827818,5829,GPD,tail,21.39793168391183,0.090625,Puntarenas_OTROS_Hidrometereológico
-0.10370615741622909,0.9076447022827818,5830,GPD,tail,21.39793168391183,0.090625,Puntarenas_OTROS_Hidrometereológico
-0.10370615741622909,0.9076447022827818,5831,GPD,tail,21.39793168391183,0.090625,Puntarenas_OTROS_Hidrometereológico
-0.10370615741622909,0.9076447022827818,5832,GPD,tail,21.39793168391183,0.090625,Puntarenas_OTROS_Hidrometereológico
-0.10370615741622909,0.9076447022827818,5833,GPD,tail,21.39793168391183,0.090625,Puntarenas_OTROS_Hidrometereológico
-0.10370615741622909,0.9076447022827818,5834,GPD,tail,21.39793168391183,0.090625,Puntarenas_OTROS_Hidrometereológico
-0.10370615741622909,0.9076447022827818,5835,GPD,tail,21.39793168391183,0.090625,Puntarenas_OTROS_Hidrometereológico
-0.10370615741622909,0.9076447022827818,5836,GPD,tail,21.39793168391183,0.090625,Puntarenas_OTROS_Hidrometereológico
-0.10370615741622909,0.9076447022827818,5837,GPD,tail,21.39793168391183,0.090625,Puntarenas_OTROS_Hidrometereológico
-0.10370615741622909,0.9076447022827818,5838,GPD,tail,21.39793168391183,0.090625,Puntarenas_OTROS_Hidrometereológico
-0.10370615741622909,0.9076447022827818,5839,GPD,tail,21.39793168391183,0.090625,Puntarenas_OTROS_Hidrometereológico
-0.10370615741622909,0.9076447022827818,5840,GPD,tail,21.39793168391183,0.090625,Puntarenas_OTROS_Hidrometereológico
-0.10370615741622909,0.9076447022827818,5841,GPD,tail,21.39793168391183,0.090625,Puntarenas_OTROS_Hidrometereológico
-0.10370615741622909,0.9076447022827818,5842,GPD,tail,21.39793168391183,0.090625,Puntarenas_OTROS_Hidrometereológico
-0.10370615741622909,0.9076447022827818,5843,GPD,tail,21.39793168391183,0.090625,Puntarenas_OTROS_Hidrometereológico
-0.10370615741622909,0.9076447022827818,5844,GPD,tail,21.39793168391183,0.090625,Puntarenas_OTROS_Hidrometereológico
-0.10370615741622909,0.9076447022827818,5845,GPD,tail,21.39793168391183,0.090625,Puntarenas_OTROS_Hidrometereológico
-0.10370615741622909,0.9076447022827818,5846,GPD,tail,21.39793168391183,0.090625,Puntarenas_OTROS_Hidrometereológico
-0.10370615741622909,0.9076447022827818,5847,GPD,tail,21.39793168391183,0.090625,Puntarenas_OTROS_Hidrometereológico
-0.10370615741622909,0.9076447022827818,5848,GPD,tail,21.39793168391183,0.090625,Puntarenas_OTROS_Hidrometereológico
-0.10370615741622909,0.9076447022827818,5849,GPD,tail,21.39793168391183,0.090625,Puntarenas_OTROS_Hidrometereológico
-0.10370615741622909,0.9076447022827818,5850,GPD,tail,21.39793168391183,0.090625,Puntarenas_OTROS_Hidrometereológico
-0.10370615741622909,0.9076447022827818,5851,GPD,tail,21.39793168391183,0.090625,Puntarenas_OTROS_Hidrometereológico
-0.10370615741622909,0.9076447022827818,5852,GPD,tail,21.39793168391183,0.090625,Puntarenas_OTROS_Hidrometereológico
-0.10370615741622909,0.9076447022827818,5853,GPD,tail,21.39793168391183,0.090625,Puntarenas_OTROS_Hidrometereológico
-0.10370615741622909,0.9076447022827818,5854,GPD,tail,21.39793168391183,0.090625,Puntarenas_OTROS_Hidrometereológico
-0.10370615741622909,0.9076447022827818,5855,GPD,tail,21.39793168391183,0.090625,Puntarenas_OTROS_Hidrometereológico
-0.10370615741622909,0.9076447022827818,5856,GPD,tail,21.39793168391183,0.090625,Puntarenas_OTROS_Hidrometereológico
-0.10370615741622909,0.9076447022827818,5857,GPD,tail,21.39793168391183,0.090625,Puntarenas_OTROS_Hidrometereológico
-0.10370615741622909,0.9076447022827818,5858,GPD,tail,21.39793168391183,0.090625,Puntarenas_OTROS_Hidrometereológico
-0.10370615741622909,0.9076447022827818,5859,GPD,tail,21.39793168391183,0.090625,Puntarenas_OTROS_Hidrometereológico
-0.10370615741622909,0.9076447022827818,5860,GPD,tail,21.39793168391183,0.090625,Puntarenas_OTROS_Hidrometereológico
-0.10370615741622909,0.9076447022827818,5861,GPD,tail,21.39793168391183,0.090625,Puntarenas_OTROS_Hidrometereológico
-0.10370615741622909,0.9076447022827818,5862,GPD,tail,21.39793168391183,0.090625,Puntarenas_OTROS_Hidrometereológico
-0.10370615741622909,0.9076447022827818,5863,GPD,tail,21.39793168391183,0.090625,Puntarenas_OTROS_Hidrometereológico
-0.10370615741622909,0.9076447022827818,5864,GPD,tail,21.39793168391183,0.090625,Puntarenas_OTROS_Hidrometereológico
-0.10370615741622909,0.9076447022827818,5865,GPD,tail,21.39793168391183,0.090625,Puntarenas_OTROS_Hidrometereológico
-0.10370615741622909,0.9076447022827818,5866,GPD,tail,21.39793168391183,0.090625,Puntarenas_OTROS_Hidrometereológico
-0.10370615741622909,0.9076447022827818,5867,GPD,tail,21.39793168391183,0.090625,Puntarenas_OTROS_Hidrometereológico
-0.10370615741622909,0.9076447022827818,5868,GPD,tail,21.39793168391183,0.090625,Puntarenas_OTROS_Hidrometereológico
-0.10370615741622909,0.9076447022827818,5869,GPD,tail,21.39793168391183,0.090625,Puntarenas_OTROS_Hidrometereológico
-0.10370615741622909,0.9076447022827818,5870,GPD,tail,21.39793168391183,0.090625,Puntarenas_OTROS_Hidrometereológico
-0.10370615741622909,0.9076447022827818,5871,GPD,tail,21.39793168391183,0.090625,Puntarenas_OTROS_Hidrometereológico
-0.10370615741622909,0.9076447022827818,5872,GPD,tail,21.39793168391183,0.090625,Puntarenas_OTROS_Hidrometereológico
-0.10370615741622909,0.9076447022827818,5873,GPD,tail,21.39793168391183,0.090625,Puntarenas_OTROS_Hidrometereológico
-0.10370615741622909,0.9076447022827818,5874,GPD,tail,21.39793168391183,0.090625,Puntarenas_OTROS_Hidrometereológico
-0.10370615741622909,0.9076447022827818,5875,GPD,tail,21.39793168391183,0.090625,Puntarenas_OTROS_Hidrometereológico
-0.10370615741622909,0.9076447022827818,5876,GPD,tail,21.39793168391183,0.090625,Puntarenas_OTROS_Hidrometereológico
-0.10370615741622909,0.9076447022827818,5877,GPD,tail,21.39793168391183,0.090625,Puntarenas_OTROS_Hidrometereológico
-0.10370615741622909,0.9076447022827818,5878,GPD,tail,21.39793168391183,0.090625,Puntarenas_OTROS_Hidrometereológico
-0.10370615741622909,0.9076447022827818,5879,GPD,tail,21.39793168391183,0.090625,Puntarenas_OTROS_Hidrometereológico
-0.10370615741622909,0.9076447022827818,5880,GPD,tail,21.39793168391183,0.090625,Puntarenas_OTROS_Hidrometereológico
-0.10370615741622909,0.9076447022827818,5881,GPD,tail,21.39793168391183,0.090625,Puntarenas_OTROS_Hidrometereológico
-0.11272281491962463,0.9874118913923318,5882,GPD,tail,21.39793168391183,0.090625,Puntarenas_OTROS_Hidrometereológico
-0.11272281491962463,0.9874118913923318,5883,GPD,tail,21.39793168391183,0.090625,Puntarenas_OTROS_Hidrometereológico
-0.11272281491962463,0.9874118913923318,5884,GPD,tail,21.39793168391183,0.090625,Puntarenas_OTROS_Hidrometereológico
-0.11272281491962463,0.9874118913923318,5885,GPD,tail,21.39793168391183,0.090625,Puntarenas_OTROS_Hidrometereológico
-0.11272281491962463,0.9874118913923318,5886,GPD,tail,21.39793168391183,0.090625,Puntarenas_OTROS_Hidrometereológico
-0.11272281491962463,0.9874118913923318,5887,GPD,tail,21.39793168391183,0.090625,Puntarenas_OTROS_Hidrometereológico
-0.11272281491962463,0.9874118913923318,5888,GPD,tail,21.39793168391183,0.090625,Puntarenas_OTROS_Hidrometereológico
-0.11272281491962463,0.9874118913923318,5889,GPD,tail,21.39793168391183,0.090625,Puntarenas_OTROS_Hidrometereológico
-0.11272281491962463,0.9874118913923318,5890,GPD,tail,21.39793168391183,0.090625,Puntarenas_OTROS_Hidrometereológico
0.02078611979538303,0.7685327945078761,5891,GPD,tail,21.39793168391183,0.090625,Puntarenas_OTROS_Hidrometereológico
0.02078611979538303,0.7685327945078761,5892,GPD,tail,21.39793168391183,0.090625,Puntarenas_OTROS_Hidrometereológico
-0.09747421815921634,1.0118380213239901,5893,GPD,tail,21.39793168391183,0.090625,Puntarenas_OTROS_Hidrometereológico
-0.09747421815921634,1.0118380213239901,5894,GPD,tail,21.39793168391183,0.090625,Puntarenas_OTROS_Hidrometereológico
-0.09747421815921634,1.0118380213239901,5895,GPD,tail,21.39793168391183,0.090625,Puntarenas_OTROS_Hidrometereológico
-0.09747421815921634,1.0118380213239901,5896,GPD,tail,21.39793168391183,0.090625,Puntarenas_OTROS_Hidrometereológico
-0.09747421815921634,1.0118380213239901,5897,GPD,tail,21.39793168391183,0.090625,Puntarenas_OTROS_Hidrometereológico
-0.09747421815921634,1.0118380213239901,5898,GPD,tail,21.39793168391183,0.090625,Puntarenas_OTROS_Hidrometereológico
-0.09747421815921634,1.0118380213239901,5899,GPD,tail,21.39793168391183,0.090625,Puntarenas_OTROS_Hidrometereológico
-0.09747421815921634,1.0118380213239901,5900,GPD,tail,21.39793168391183,0.090625,Puntarenas_OTROS_Hidrometereológico
-0.09747421815921634,1.0118380213239901,5901,GPD,tail,21.39793168391183,0.090625,Puntarenas_OTROS_Hidrometereológico
-0.09747421815921634,1.0118380213239901,5902,GPD,tail,21.39793168391183,0.090625,Puntarenas_OTROS_Hidrometereológico
-0.09747421815921634,1.0118380213239901,5903,GPD,tail,21.39793168391183,0.090625,Puntarenas_OTROS_Hidrometereológico
-0.09747421815921634,1.0118380213239901,5904,GPD,tail,21.39793168391183,0.090625,Puntarenas_OTROS_Hidrometereológico
-0.09747421815921634,1.0118380213239901,5905,GPD,tail,21.39793168391183,0.090625,Puntarenas_OTROS_Hidrometereológico
-0.09747421815921634,1.0118380213239901,5906,GPD,tail,21.39793168391183,0.090625,Puntarenas_OTROS_Hidrometereológico
-0.09747421815921634,1.0118380213239901,5907,GPD,tail,21.39793168391183,0.090625,Puntarenas_OTROS_Hidrometereológico
-0.1694409858234206,0.9564165729667118,5908,GPD,tail,21.39793168391183,0.090625,Puntarenas_OTROS_Hidrometereológico
-0.1694409858234206,0.9564165729667118,5909,GPD,tail,21.39793168391183,0.090625,Puntarenas_OTROS_Hidrometereológico
-0.1694409858234206,0.9564165729667118,5910,GPD,tail,21.39793168391183,0.090625,Puntarenas_OTROS_Hidrometereológico
-0.1694409858234206,0.9564165729667118,5911,GPD,tail,21.39793168391183,0.090625,Puntarenas_OTROS_Hidrometereológico
-0.1694409858234206,0.9564165729667118,5912,GPD,tail,21.39793168391183,0.090625,Puntarenas_OTROS_Hidrometereológico
-0.1694409858234206,0.9564165729667118,5913,GPD,tail,21.39793168391183,0.090625,Puntarenas_OTROS_Hidrometereológico
-0.1694409858234206,0.9564165729667118,5914,GPD,tail,21.39793168391183,0.090625,Puntarenas_OTROS_Hidrometereológico
-0.1694409858234206,0.9564165729667118,5915,GPD,tail,21.39793168391183,0.090625,Puntarenas_OTROS_Hidrometereológico
-0.11503236958827878,0.8886744974949528,5916,GPD,tail,21.39793168391183,0.090625,Puntarenas_OTROS_Hidrometereológico
-0.11503236958827878,0.8886744974949528,5917,GPD,tail,21.39793168391183,0.090625,Puntarenas_OTROS_Hidrometereológico
-0.11503236958827878,0.8886744974949528,5918,GPD,tail,21.39793168391183,0.090625,Puntarenas_OTROS_Hidrometereológico
-0.11503236958827878,0.8886744974949528,5919,GPD,tail,21.39793168391183,0.090625,Puntarenas_OTROS_Hidrometereológico
-0.11503236958827878,0.8886744974949528,5920,GPD,tail,21.39793168391183,0.090625,Puntarenas_OTROS_Hidrometereológico
-0.11503236958827878,0.8886744974949528,5921,GPD,tail,21.39793168391183,0.090625,Puntarenas_OTROS_Hidrometereológico
-0.11503236958827878,0.8886744974949528,5922,GPD,tail,21.39793168391183,0.090625,Puntarenas_OTROS_Hidrometereológico
-0.11503236958827878,0.8886744974949528,5923,GPD,tail,21.39793168391183,0.090625,Puntarenas_OTROS_Hidrometereológico
-0.11503236958827878,0.8886744974949528,5924,GPD,tail,21.39793168391183,0.090625,Puntarenas_OTROS_Hidrometereológico
-0.11503236958827878,0.8886744974949528,5925,GPD,tail,21.39793168391183,0.090625,Puntarenas_OTROS_Hidrometereológico
-0.11503236958827878,0.8886744974949528,5926,GPD,tail,21.39793168391183,0.090625,Puntarenas_OTROS_Hidrometereológico
-0.11503236958827878,0.8886744974949528,5927,GPD,tail,21.39793168391183,0.090625,Puntarenas_OTROS_Hidrometereológico
-0.11503236958827878,0.8886744974949528,5928,GPD,tail,21.39793168391183,0.090625,Puntarenas_OTROS_Hidrometereológico
-0.11503236958827878,0.8886744974949528,5929,GPD,tail,21.39793168391183,0.090625,Puntarenas_OTROS_Hidrometereológico
-0.11503236958827878,0.8886744974949528,5930,GPD,tail,21.39793168391183,0.090625,Puntarenas_OTROS_Hidrometereológico
-0.11503236958827878,0.8886744974949528,5931,GPD,tail,21.39793168391183,0.090625,Puntarenas_OTROS_Hidrometereológico
-0.11503236958827878,0.8886744974949528,5932,GPD,tail,21.39793168391183,0.090625,Puntarenas_OTROS_Hidrometereológico
-0.11503236958827878,0.8886744974949528,5933,GPD,tail,21.39793168391183,0.090625,Puntarenas_OTROS_Hidrometereológico
-0.11503236958827878,0.8886744974949528,5934,GPD,tail,21.39793168391183,0.090625,Puntarenas_OTROS_Hidrometereológico
-0.11503236958827878,0.8886744974949528,5935,GPD,tail,21.39793168391183,0.090625,Puntarenas_OTROS_Hidrometereológico
-0.11503236958827878,0.8886744974949528,5936,GPD,tail,21.39793168391183,0.090625,Puntarenas_OTROS_Hidrometereológico
-0.11503236958827878,0.8886744974949528,5937,GPD,tail,21.39793168391183,0.090625,Puntarenas_OTROS_Hidrometereológico
-0.11503236958827878,0.8886744974949528,5938,GPD,tail,21.39793168391183,0.090625,Puntarenas_OTROS_Hidrometereológico
-0.11503236958827878,0.8886744974949528,5939,GPD,tail,21.39793168391183,0.090625,Puntarenas_OTROS_Hidrometereológico
-0.11503236958827878,0.8886744974949528,5940,GPD,tail,21.39793168391183,0.090625,Puntarenas_OTROS_Hidrometereológico
-0.11503236958827878,0.8886744974949528,5941,GPD,tail,21.39793168391183,0.090625,Puntarenas_OTROS_Hidrometereológico
-0.11503236958827878,0.8886744974949528,5942,GPD,tail,21.39793168391183,0.090625,Puntarenas_OTROS_Hidrometereológico
0.012640790037669547,0.7429279368368811,5943,GPD,tail,21.39793168391183,0.090625,Puntarenas_OTROS_Hidrometereológico
0.012640790037669547,0.7429279368368811,5944,GPD,tail,21.39793168391183,0.090625,Puntarenas_OTROS_Hidrometereológico
0.012640790037669547,0.7429279368368811,5945,GPD,tail,21.39793168391183,0.090625,Puntarenas_OTROS_Hidrometereológico
0.012640790037669547,0.7429279368368811,5946,GPD,tail,21.39793168391183,0.090625,Puntarenas_OTROS_Hidrometereológico
0.012640790037669547,0.7429279368368811,5947,GPD,tail,21.39793168391183,0.090625,Puntarenas_OTROS_Hidrometereológico
0.012640790037669547,0.7429279368368811,5948,GPD,tail,21.39793168391183,0.090625,Puntarenas_OTROS_Hidrometereológico
0.012640790037669547,0.7429279368368811,5949,GPD,tail,21.39793168391183,0.090625,Puntarenas_OTROS_Hidrometereológico
0.012640790037669547,0.7429279368368811,5950,GPD,tail,21.39793168391183,0.090625,Puntarenas_OTROS_Hidrometereológico
0.012640790037669547,0.7429279368368811,5951,GPD,tail,21.39793168391183,0.090625,Puntarenas_OTROS_Hidrometereológico
0.012640790037669547,0.7429279368368811,5952,GPD,tail,21.39793168391183,0.090625,Puntarenas_OTROS_Hidrometereológico
0.012640790037669547,0.7429279368368811,5953,GPD,tail,21.39793168391183,0.090625,Puntarenas_OTROS_Hidrometereológico
0.012640790037669547,0.7429279368368811,5954,GPD,tail,21.39793168391183,0.090625,Puntarenas_OTROS_Hidrometereológico
0.012640790037669547,0.7429279368368811,5955,GPD,tail,21.39793168391183,0.090625,Puntarenas_OTROS_Hidrometereológico
-0.0376401911512126,0.7618958020323351,5956,GPD,tail,21.39793168391183,0.090625,Puntarenas_OTROS_Hidrometereológico
-0.0376401911512126,0.7618958020323351,5957,GPD,tail,21.39793168391183,0.090625,Puntarenas_OTROS_Hidrometereológico
-0.0376401911512126,0.7618958020323351,5958,GPD,tail,21.39793168391183,0.090625,Puntarenas_OTROS_Hidrometereológico
-0.0376401911512126,0.7618958020323351,5959,GPD,tail,21.39793168391183,0.090625,Puntarenas_OTROS_Hidrometereológico
-0.0376401911512126,0.7618958020323351,5960,GPD,tail,21.39793168391183,0.090625,Puntarenas_OTROS_Hidrometereológico
-0.0376401911512126,0.7618958020323351,5961,GPD,tail,21.39793168391183,0.090625,Puntarenas_OTROS_Hidrometereológico
-0.0376401911512126,0.7618958020323351,5962,GPD,tail,21.39793168391183,0.090625,Puntarenas_OTROS_Hidrometereológico
-0.0376401911512126,0.7618958020323351,5963,GPD,tail,21.39793168391183,0.090625,Puntarenas_OTROS_Hidrometereológico
-0.0376401911512126,0.7618958020323351,5964,GPD,tail,21.39793168391183,0.090625,Puntarenas_OTROS_Hidrometereológico
-0.0376401911512126,0.7618958020323351,5965,GPD,tail,21.39793168391183,0.090625,Puntarenas_OTROS_Hidrometereológico
-0.0376401911512126,0.7618958020323351,5966,GPD,tail,21.39793168391183,0.090625,Puntarenas_OTROS_Hidrometereológico
-0.0376401911512126,0.7618958020323351,5967,GPD,tail,21.39793168391183,0.090625,Puntarenas_OTROS_Hidrometereológico
-0.0376401911512126,0.7618958020323351,5968,GPD,tail,21.39793168391183,0.090625,Puntarenas_OTROS_Hidrometereológico
-0.0376401911512126,0.7618958020323351,5969,GPD,tail,21.39793168391183,0.090625,Puntarenas_OTROS_Hidrometereológico
-0.0376401911512126,0.7618958020323351,5970,GPD,tail,21.39793168391183,0.090625,Puntarenas_OTROS_Hidrometereológico
-0.0376401911512126,0.7618958020323351,5971,GPD,tail,21.39793168391183,0.090625,Puntarenas_OTROS_Hidrometereológico
-0.0376401911512126,0.7618958020323351,5972,GPD,tail,21.39793168391183,0.090625,Puntarenas_OTROS_Hidrometereológico
-0.0376401911512126,0.7618958020323351,5973,GPD,tail,21.39793168391183,0.090625,Puntarenas_OTROS_Hidrometereológico
-0.0376401911512126,0.7618958020323351,5974,GPD,tail,21.39793168391183,0.090625,Puntarenas_OTROS_Hidrometereológico
-0.0376401911512126,0.7618958020323351,5975,GPD,tail,21.39793168391183,0.090625,Puntarenas_OTROS_Hidrometereológico
-0.0376401911512126,0.7618958020323351,5976,GPD,tail,21.39793168391183,0.090625,Puntarenas_OTROS_Hidrometereológico
-0.0376401911512126,0.7618958020323351,5977,GPD,tail,21.39793168391183,0.090625,Puntarenas_OTROS_Hidrometereológico
-0.0376401911512126,0.7618958020323351,5978,GPD,tail,21.39793168391183,0.090625,Puntarenas_OTROS_Hidrometereológico
-0.0376401911512126,0.7618958020323351,5979,GPD,tail,21.39793168391183,0.090625,Puntarenas_OTROS_Hidrometereológico
-0.0376401911512126,0.7618958020323351,5980,GPD,tail,21.39793168391183,0.090625,Puntarenas_OTROS_Hidrometereológico
-0.0376401911512126,0.7618958020323351,5981,GPD,tail,21.39793168391183,0.090625,Puntarenas_OTROS_Hidrometereológico
-0.0756583992494643,0.7509129448284201,5982,GPD,tail,21.39793168391183,0.090625,Puntarenas_OTROS_Hidrometereológico
-0.0756583992494643,0.7509129448284201,5983,GPD,tail,21.39793168391183,0.090625,Puntarenas_OTROS_Hidrometereológico
-0.0756583992494643,0.7509129448284201,5984,GPD,tail,21.39793168391183,0.090625,Puntarenas_OTROS_Hidrometereológico
-0.09143652537540517,1.023186612639802,5985,GPD,tail,21.39793168391183,0.090625,Puntarenas_OTROS_Hidrometereológico
-0.09143652537540517,1.023186612639802,5986,GPD,tail,21.39793168391183,0.090625,Puntarenas_OTROS_Hidrometereológico
0.019857614051103062,0.7877395894345042,5987,GPD,tail,21.39793168391183,0.090625,Puntarenas_OTROS_Hidrometereológico
0.019857614051103062,0.7877395894345042,5988,GPD,tail,21.39793168391183,0.090625,Puntarenas_OTROS_Hidrometereológico
0.019857614051103062,0.7877395894345042,5989,GPD,tail,21.39793168391183,0.090625,Puntarenas_OTROS_Hidrometereológico
0.019857614051103062,0.7877395894345042,5990,GPD,tail,21.39793168391183,0.090625,Puntarenas_OTROS_Hidrometereológico
0.019857614051103062,0.7877395894345042,5991,GPD,tail,21.39793168391183,0.090625,Puntarenas_OTROS_Hidrometereológico
0.019857614051103062,0.7877395894345042,5992,GPD,tail,21.39793168391183,0.090625,Puntarenas_OTROS_Hidrometereológico
0.019857614051103062,0.7877395894345042,5993,GPD,tail,21.39793168391183,0.090625,Puntarenas_OTROS_Hidrometereológico
0.019857614051103062,0.7877395894345042,5994,GPD,tail,21.39793168391183,0.090625,Puntarenas_OTROS_Hidrometereológico
0.019857614051103062,0.7877395894345042,5995,GPD,tail,21.39793168391183,0.090625,Puntarenas_OTROS_Hidrometereológico
0.019857614051103062,0.7877395894345042,5996,GPD,tail,21.39793168391183,0.090625,Puntarenas_OTROS_Hidrometereológico
0.019857614051103062,0.7877395894345042,5997,GPD,tail,21.39793168391183,0.090625,Puntarenas_OTROS_Hidrometereológico
0.019857614051103062,0.7877395894345042,5998,GPD,tail,21.39793168391183,0.090625,Puntarenas_OTROS_Hidrometereológico
0.019857614051103062,0.7877395894345042,5999,GPD,tail,21.39793168391183,0.090625,Puntarenas_OTROS_Hidrometereológico
0.019857614051103062,0.7877395894345042,6000,GPD,tail,21.39793168391183,0.090625,Puntarenas_OTROS_Hidrometereológico
0.019857614051103062,0.7877395894345042,6001,GPD,tail,21.39793168391183,0.090625,Puntarenas_OTROS_Hidrometereológico
0.019857614051103062,0.7877395894345042,6002,GPD,tail,21.39793168391183,0.090625,Puntarenas_OTROS_Hidrometereológico
0.019857614051103062,0.7877395894345042,6003,GPD,tail,21.39793168391183,0.090625,Puntarenas_OTROS_Hidrometereológico
0.019857614051103062,0.7877395894345042,6004,GPD,tail,21.39793168391183,0.090625,Puntarenas_OTROS_Hidrometereológico
0.019857614051103062,0.7877395894345042,6005,GPD,tail,21.39793168391183,0.090625,Puntarenas_OTROS_Hidrometereológico
0.019857614051103062,0.7877395894345042,6006,GPD,tail,21.39793168391183,0.090625,Puntarenas_OTROS_Hidrometereológico
0.019857614051103062,0.7877395894345042,6007,GPD,tail,21.39793168391183,0.090625,Puntarenas_OTROS_Hidrometereológico
0.019857614051103062,0.7877395894345042,6008,GPD,tail,21.39793168391183,0.090625,Puntarenas_OTROS_Hidrometereológico
0.019857614051103062,0.7877395894345042,6009,GPD,tail,21.39793168391183,0.090625,Puntarenas_OTROS_Hidrometereológico
0.019857614051103062,0.7877395894345042,6010,GPD,tail,21.39793168391183,0.090625,Puntarenas_OTROS_Hidrometereológico
0.019857614051103062,0.7877395894345042,6011,GPD,tail,21.39793168391183,0.090625,Puntarenas_OTROS_Hidrometereológico
0.019857614051103062,0.7877395894345042,6012,GPD,tail,21.39793168391183,0.090625,Puntarenas_OTROS_Hidrometereológico
0.019857614051103062,0.7877395894345042,6013,GPD,tail,21.39793168391183,0.090625,Puntarenas_OTROS_Hidrometereológico
0.019857614051103062,0.7877395894345042,6014,GPD,tail,21.39793168391183,0.090625,Puntarenas_OTROS_Hidrometereológico
0.019857614051103062,0.7877395894345042,6015,GPD,tail,21.39793168391183,0.090625,Puntarenas_OTROS_Hidrometereológico
0.019857614051103062,0.7877395894345042,6016,GPD,tail,21.39793168391183,0.090625,Puntarenas_OTROS_Hidrometereológico
0.019857614051103062,0.7877395894345042,6017,GPD,tail,21.39793168391183,0.090625,Puntarenas_OTROS_Hidrometereológico
0.019857614051103062,0.7877395894345042,6018,GPD,tail,21.39793168391183,0.090625,Puntarenas_OTROS_Hidrometereológico
0.019857614051103062,0.7877395894345042,6019,GPD,tail,21.39793168391183,0.090625,Puntarenas_OTROS_Hidrometereológico
0.019857614051103062,0.7877395894345042,6020,GPD,tail,21.39793168391183,0.090625,Puntarenas_OTROS_Hidrometereológico
0.019857614051103062,0.7877395894345042,6021,GPD,tail,21.39793168391183,0.090625,Puntarenas_OTROS_Hidrometereológico
0.019857614051103062,0.7877395894345042,6022,GPD,tail,21.39793168391183,0.090625,Puntarenas_OTROS_Hidrometereológico
0.019857614051103062,0.7877395894345042,6023,GPD,tail,21.39793168391183,0.090625,Puntarenas_OTROS_Hidrometereológico
0.019857614051103062,0.7877395894345042,6024,GPD,tail,21.39793168391183,0.090625,Puntarenas_OTROS_Hidrometereológico
0.019857614051103062,0.7877395894345042,6025,GPD,tail,21.39793168391183,0.090625,Puntarenas_OTROS_Hidrometereológico
0.019857614051103062,0.7877395894345042,6026,GPD,tail,21.39793168391183,0.090625,Puntarenas_OTROS_Hidrometereológico
0.019857614051103062,0.7877395894345042,6027,GPD,tail,21.39793168391183,0.090625,Puntarenas_OTROS_Hidrometereológico
0.019857614051103062,0.7877395894345042,6028,GPD,tail,21.39793168391183,0.090625,Puntarenas_OTROS_Hidrometereológico
0.019857614051103062,0.7877395894345042,6029,GPD,tail,21.39793168391183,0.090625,Puntarenas_OTROS_Hidrometereológico
0.019857614051103062,0.7877395894345042,6030,GPD,tail,21.39793168391183,0.090625,Puntarenas_OTROS_Hidrometereológico
0.019857614051103062,0.7877395894345042,6031,GPD,tail,21.39793168391183,0.090625,Puntarenas_OTROS_Hidrometereológico
0.019857614051103062,0.7877395894345042,6032,GPD,tail,21.39793168391183,0.090625,Puntarenas_OTROS_Hidrometereológico
0.019857614051103062,0.7877395894345042,6033,GPD,tail,21.39793168391183,0.090625,Puntarenas_OTROS_Hidrometereológico
0.019857614051103062,0.7877395894345042,6034,GPD,tail,21.39793168391183,0.090625,Puntarenas_OTROS_Hidrometereológico
0.019857614051103062,0.7877395894345042,6035,GPD,tail,21.39793168391183,0.090625,Puntarenas_OTROS_Hidrometereológico
0.019857614051103062,0.7877395894345042,6036,GPD,tail,21.39793168391183,0.090625,Puntarenas_OTROS_Hidrometereológico
0.019857614051103062,0.7877395894345042,6037,GPD,tail,21.39793168391183,0.090625,Puntarenas_OTROS_Hidrometereológico
0.019857614051103062,0.7877395894345042,6038,GPD,tail,21.39793168391183,0.090625,Puntarenas_OTROS_Hidrometereológico
0.019857614051103062,0.7877395894345042,6039,GPD,tail,21.39793168391183,0.090625,Puntarenas_OTROS_Hidrometereológico
0.019857614051103062,0.7877395894345042,6040,GPD,tail,21.39793168391183,0.090625,Puntarenas_OTROS_Hidrometereológico
0.019857614051103062,0.7877395894345042,6041,GPD,tail,21.39793168391183,0.090625,Puntarenas_OTROS_Hidrometereológico
0.019857614051103062,0.7877395894345042,6042,GPD,tail,21.39793168391183,0.090625,Puntarenas_OTROS_Hidrometereológico
0.019857614051103062,0.7877395894345042,6043,GPD,tail,21.39793168391183,0.090625,Puntarenas_OTROS_Hidrometereológico
0.019857614051103062,0.7877395894345042,6044,GPD,tail,21.39793168391183,0.090625,Puntarenas_OTROS_Hidrometereológico
0.083521140474995,0.7569743091073067,6045,GPD,tail,21.39793168391183,0.090625,Puntarenas_OTROS_Hidrometereológico
0.083521140474995,0.7569743091073067,6046,GPD,tail,21.39793168391183,0.090625,Puntarenas_OTROS_Hidrometereológico
0.083521140474995,0.7569743091073067,6047,GPD,tail,21.39793168391183,0.090625,Puntarenas_OTROS_Hidrometereológico
0.083521140474995,0.7569743091073067,6048,GPD,tail,21.39793168391183,0.090625,Puntarenas_OTROS_Hidrometereológico
-0.18091228664226294,1.0255131076563462,6049,GPD,tail,21.39793168391183,0.090625,Puntarenas_OTROS_Hidrometereológico
-0.18091228664226294,1.0255131076563462,6050,GPD,tail,21.39793168391183,0.090625,Puntarenas_OTROS_Hidrometereológico
-0.18091228664226294,1.0255131076563462,6051,GPD,tail,21.39793168391183,0.090625,Puntarenas_OTROS_Hidrometereológico
-0.18091228664226294,1.0255131076563462,6052,GPD,tail,21.39793168391183,0.090625,Puntarenas_OTROS_Hidrometereológico
-0.18091228664226294,1.0255131076563462,6053,GPD,tail,21.39793168391183,0.090625,Puntarenas_OTROS_Hidrometereológico
-0.18091228664226294,1.0255131076563462,6054,GPD,tail,21.39793168391183,0.090625,Puntarenas_OTROS_Hidrometereológico
-0.18091228664226294,1.0255131076563462,6055,GPD,tail,21.39793168391183,0.090625,Puntarenas_OTROS_Hidrometereológico
-0.18091228664226294,1.0255131076563462,6056,GPD,tail,21.39793168391183,0.090625,Puntarenas_OTROS_Hidrometereológico
-0.18091228664226294,1.0255131076563462,6057,GPD,tail,21.39793168391183,0.090625,Puntarenas_OTROS_Hidrometereológico
-0.18091228664226294,1.0255131076563462,6058,GPD,tail,21.39793168391183,0.090625,Puntarenas_OTROS_Hidrometereológico
-0.18091228664226294,1.0255131076563462,6059,GPD,tail,21.39793168391183,0.090625,Puntarenas_OTROS_Hidrometereológico
-0.18091228664226294,1.0255131076563462,6060,GPD,tail,21.39793168391183,0.090625,Puntarenas_OTROS_Hidrometereológico
-0.18091228664226294,1.0255131076563462,6061,GPD,tail,21.39793168391183,0.090625,Puntarenas_OTROS_Hidrometereológico
-0.0434764289193863,0.8179945277794275,6062,GPD,tail,21.39793168391183,0.090625,Puntarenas_OTROS_Hidrometereológico
-0.0434764289193863,0.8179945277794275,6063,GPD,tail,21.39793168391183,0.090625,Puntarenas_OTROS_Hidrometereológico
-0.0434764289193863,0.8179945277794275,6064,GPD,tail,21.39793168391183,0.090625,Puntarenas_OTROS_Hidrometereológico
-0.0434764289193863,0.8179945277794275,6065,GPD,tail,21.39793168391183,0.090625,Puntarenas_OTROS_Hidrometereológico
-0.0434764289193863,0.8179945277794275,6066,GPD,tail,21.39793168391183,0.090625,Puntarenas_OTROS_Hidrometereológico
-0.0434764289193863,0.8179945277794275,6067,GPD,tail,21.39793168391183,0.090625,Puntarenas_OTROS_Hidrometereológico
-0.0434764289193863,0.8179945277794275,6068,GPD,tail,21.39793168391183,0.090625,Puntarenas_OTROS_Hidrometereológico
-0.0434764289193863,0.8179945277794275,6069,GPD,tail,21.39793168391183,0.090625,Puntarenas_OTROS_Hidrometereológico
-0.12566270684281608,0.8931243432929782,6070,GPD,tail,21.39793168391183,0.090625,Puntarenas_OTROS_Hidrometereológico
-0.12566270684281608,0.8931243432929782,6071,GPD,tail,21.39793168391183,0.090625,Puntarenas_OTROS_Hidrometereológico
-0.12566270684281608,0.8931243432929782,6072,GPD,tail,21.39793168391183,0.090625,Puntarenas_OTROS_Hidrometereológico
-0.12566270684281608,0.8931243432929782,6073,GPD,tail,21.39793168391183,0.090625,Puntarenas_OTROS_Hidrometereológico
-0.12566270684281608,0.8931243432929782,6074,GPD,tail,21.39793168391183,0.090625,Puntarenas_OTROS_Hidrometereológico
-0.12566270684281608,0.8931243432929782,6075,GPD,tail,21.39793168391183,0.090625,Puntarenas_OTROS_Hidrometereológico
-0.12566270684281608,0.8931243432929782,6076,GPD,tail,21.39793168391183,0.090625,Puntarenas_OTROS_Hidrometereológico
-0.12566270684281608,0.8931243432929782,6077,GPD,tail,21.39793168391183,0.090625,Puntarenas_OTROS_Hidrometereológico
-0.12566270684281608,0.8931243432929782,6078,GPD,tail,21.39793168391183,0.090625,Puntarenas_OTROS_Hidrometereológico
-0.12566270684281608,0.8931243432929782,6079,GPD,tail,21.39793168391183,0.090625,Puntarenas_OTROS_Hidrometereológico
-0.12566270684281608,0.8931243432929782,6080,GPD,tail,21.39793168391183,0.090625,Puntarenas_OTROS_Hidrometereológico
-0.12566270684281608,0.8931243432929782,6081,GPD,tail,21.39793168391183,0.090625,Puntarenas_OTROS_Hidrometereológico
-0.12566270684281608,0.8931243432929782,6082,GPD,tail,21.39793168391183,0.090625,Puntarenas_OTROS_Hidrometereológico
-0.12566270684281608,0.8931243432929782,6083,GPD,tail,21.39793168391183,0.090625,Puntarenas_OTROS_Hidrometereológico
-0.12566270684281608,0.8931243432929782,6084,GPD,tail,21.39793168391183,0.090625,Puntarenas_OTROS_Hidrometereológico
-0.12566270684281608,0.8931243432929782,6085,GPD,tail,21.39793168391183,0.090625,Puntarenas_OTROS_Hidrometereológico
-0.12566270684281608,0.8931243432929782,6086,GPD,tail,21.39793168391183,0.090625,Puntarenas_OTROS_Hidrometereológico
-0.12566270684281608,0.8931243432929782,6087,GPD,tail,21.39793168391183,0.090625,Puntarenas_OTROS_Hidrometereológico
-0.12389024670097065,0.9099243810138067,6088,GPD,tail,21.39793168391183,0.090625,Puntarenas_OTROS_Hidrometereológico
-0.12389024670097065,0.9099243810138067,6089,GPD,tail,21.39793168391183,0.090625,Puntarenas_OTROS_Hidrometereológico
-0.12389024670097065,0.9099243810138067,6090,GPD,tail,21.39793168391183,0.090625,Puntarenas_OTROS_Hidrometereológico
-0.12389024670097065,0.9099243810138067,6091,GPD,tail,21.39793168391183,0.090625,Puntarenas_OTROS_Hidrometereológico
-0.12389024670097065,0.9099243810138067,6092,GPD,tail,21.39793168391183,0.090625,Puntarenas_OTROS_Hidrometereológico
-0.12389024670097065,0.9099243810138067,6093,GPD,tail,21.39793168391183,0.090625,Puntarenas_OTROS_Hidrometereológico
-0.12389024670097065,0.9099243810138067,6094,GPD,tail,21.39793168391183,0.090625,Puntarenas_OTROS_Hidrometereológico
-0.12389024670097065,0.9099243810138067,6095,GPD,tail,21.39793168391183,0.090625,Puntarenas_OTROS_Hidrometereológico
-0.12389024670097065,0.9099243810138067,6096,GPD,tail,21.39793168391183,0.090625,Puntarenas_OTROS_Hidrometereológico
-0.12389024670097065,0.9099243810138067,6097,GPD,tail,21.39793168391183,0.090625,Puntarenas_OTROS_Hidrometereológico
-0.10544823170275693,0.8792203504100969,6098,GPD,tail,21.39793168391183,0.090625,Puntarenas_OTROS_Hidrometereológico
-0.10544823170275693,0.8792203504100969,6099,GPD,tail,21.39793168391183,0.090625,Puntarenas_OTROS_Hidrometereológico
-0.10544823170275693,0.8792203504100969,6100,GPD,tail,21.39793168391183,0.090625,Puntarenas_OTROS_Hidrometereológico
-0.10544823170275693,0.8792203504100969,6101,GPD,tail,21.39793168391183,0.090625,Puntarenas_OTROS_Hidrometereológico
-0.10544823170275693,0.8792203504100969,6102,GPD,tail,21.39793168391183,0.090625,Puntarenas_OTROS_Hidrometereológico
-0.10544823170275693,0.8792203504100969,6103,GPD,tail,21.39793168391183,0.090625,Puntarenas_OTROS_Hidrometereológico
-0.10544823170275693,0.8792203504100969,6104,GPD,tail,21.39793168391183,0.090625,Puntarenas_OTROS_Hidrometereológico
-0.10544823170275693,0.8792203504100969,6105,GPD,tail,21.39793168391183,0.090625,Puntarenas_OTROS_Hidrometereológico
-0.10544823170275693,0.8792203504100969,6106,GPD,tail,21.39793168391183,0.090625,Puntarenas_OTROS_Hidrometereológico
-0.10544823170275693,0.8792203504100969,6107,GPD,tail,21.39793168391183,0.090625,Puntarenas_OTROS_Hidrometereológico
-0.10544823170275693,0.8792203504100969,6108,GPD,tail,21.39793168391183,0.090625,Puntarenas_OTROS_Hidrometereológico
-0.10544823170275693,0.8792203504100969,6109,GPD,tail,21.39793168391183,0.090625,Puntarenas_OTROS_Hidrometereológico
-0.10544823170275693,0.8792203504100969,6110,GPD,tail,21.39793168391183,0.090625,Puntarenas_OTROS_Hidrometereológico
-0.10544823170275693,0.8792203504100969,6111,GPD,tail,21.39793168391183,0.090625,Puntarenas_OTROS_Hidrometereológico
-0.10544823170275693,0.8792203504100969,6112,GPD,tail,21.39793168391183,0.090625,Puntarenas_OTROS_Hidrometereológico
-0.10544823170275693,0.8792203504100969,6113,GPD,tail,21.39793168391183,0.090625,Puntarenas_OTROS_Hidrometereológico
-0.10544823170275693,0.8792203504100969,6114,GPD,tail,21.39793168391183,0.090625,Puntarenas_OTROS_Hidrometereológico
-0.10544823170275693,0.8792203504100969,6115,GPD,tail,21.39793168391183,0.090625,Puntarenas_OTROS_Hidrometereológico
-0.10544823170275693,0.8792203504100969,6116,GPD,tail,21.39793168391183,0.090625,Puntarenas_OTROS_Hidrometereológico
-0.10544823170275693,0.8792203504100969,6117,GPD,tail,21.39793168391183,0.090625,Puntarenas_OTROS_Hidrometereológico
-0.10544823170275693,0.8792203504100969,6118,GPD,tail,21.39793168391183,0.090625,Puntarenas_OTROS_Hidrometereológico
-0.10544823170275693,0.8792203504100969,6119,GPD,tail,21.39793168391183,0.090625,Puntarenas_OTROS_Hidrometereológico
-0.10544823170275693,0.8792203504100969,6120,GPD,tail,21.39793168391183,0.090625,Puntarenas_OTROS_Hidrometereológico
-0.10544823170275693,0.8792203504100969,6121,GPD,tail,21.39793168391183,0.090625,Puntarenas_OTROS_Hidrometereológico
-0.10544823170275693,0.8792203504100969,6122,GPD,tail,21.39793168391183,0.090625,Puntarenas_OTROS_Hidrometereológico
-0.10544823170275693,0.8792203504100969,6123,GPD,tail,21.39793168391183,0.090625,Puntarenas_OTROS_Hidrometereológico
-0.10544823170275693,0.8792203504100969,6124,GPD,tail,21.39793168391183,0.090625,Puntarenas_OTROS_Hidrometereológico
-0.10544823170275693,0.8792203504100969,6125,GPD,tail,21.39793168391183,0.090625,Puntarenas_OTROS_Hidrometereológico
-0.10544823170275693,0.8792203504100969,6126,GPD,tail,21.39793168391183,0.090625,Puntarenas_OTROS_Hidrometereológico
-0.10544823170275693,0.8792203504100969,6127,GPD,tail,21.39793168391183,0.090625,Puntarenas_OTROS_Hidrometereológico
-0.10544823170275693,0.8792203504100969,6128,GPD,tail,21.39793168391183,0.090625,Puntarenas_OTROS_Hidrometereológico
-0.10544823170275693,0.8792203504100969,6129,GPD,tail,21.39793168391183,0.090625,Puntarenas_OTROS_Hidrometereológico
-0.10544823170275693,0.8792203504100969,6130,GPD,tail,21.39793168391183,0.090625,Puntarenas_OTROS_Hidrometereológico
-0.10544823170275693,0.8792203504100969,6131,GPD,tail,21.39793168391183,0.090625,Puntarenas_OTROS_Hidrometereológico
-0.10544823170275693,0.8792203504100969,6132,GPD,tail,21.39793168391183,0.090625,Puntarenas_OTROS_Hidrometereológico
-0.10544823170275693,0.8792203504100969,6133,GPD,tail,21.39793168391183,0.090625,Puntarenas_OTROS_Hidrometereológico
-0.10544823170275693,0.8792203504100969,6134,GPD,tail,21.39793168391183,0.090625,Puntarenas_OTROS_Hidrometereológico
-0.10544823170275693,0.8792203504100969,6135,GPD,tail,21.39793168391183,0.090625,Puntarenas_OTROS_Hidrometereológico
-0.10544823170275693,0.8792203504100969,6136,GPD,tail,21.39793168391183,0.090625,Puntarenas_OTROS_Hidrometereológico
-0.10544823170275693,0.8792203504100969,6137,GPD,tail,21.39793168391183,0.090625,Puntarenas_OTROS_Hidrometereológico
-0.10544823170275693,0.8792203504100969,6138,GPD,tail,21.39793168391183,0.090625,Puntarenas_OTROS_Hidrometereológico
-0.10544823170275693,0.8792203504100969,6139,GPD,tail,21.39793168391183,0.090625,Puntarenas_OTROS_Hidrometereológico
-0.10544823170275693,0.8792203504100969,6140,GPD,tail,21.39793168391183,0.090625,Puntarenas_OTROS_Hidrometereológico
-0.10544823170275693,0.8792203504100969,6141,GPD,tail,21.39793168391183,0.090625,Puntarenas_OTROS_Hidrometereológico
-0.10544823170275693,0.8792203504100969,6142,GPD,tail,21.39793168391183,0.090625,Puntarenas_OTROS_Hidrometereológico
-0.15618877400030998,0.9460923462449812,6143,GPD,tail,21.39793168391183,0.090625,Puntarenas_OTROS_Hidrometereológico
-0.02319784181653564,0.8611258908155232,6144,GPD,tail,21.39793168391183,0.090625,Puntarenas_OTROS_Hidrometereológico
-0.02319784181653564,0.8611258908155232,6145,GPD,tail,21.39793168391183,0.090625,Puntarenas_OTROS_Hidrometereológico
-0.02319784181653564,0.8611258908155232,6146,GPD,tail,21.39793168391183,0.090625,Puntarenas_OTROS_Hidrometereológico
-0.02319784181653564,0.8611258908155232,6147,GPD,tail,21.39793168391183,0.090625,Puntarenas_OTROS_Hidrometereológico
-0.02319784181653564,0.8611258908155232,6148,GPD,tail,21.39793168391183,0.090625,Puntarenas_OTROS_Hidrometereológico
-0.02319784181653564,0.8611258908155232,6149,GPD,tail,21.39793168391183,0.090625,Puntarenas_OTROS_Hidrometereológico
-0.02319784181653564,0.8611258908155232,6150,GPD,tail,21.39793168391183,0.090625,Puntarenas_OTROS_Hidrometereológico
-0.02319784181653564,0.8611258908155232,6151,GPD,tail,21.39793168391183,0.090625,Puntarenas_OTROS_Hidrometereológico
-0.02319784181653564,0.8611258908155232,6152,GPD,tail,21.39793168391183,0.090625,Puntarenas_OTROS_Hidrometereológico
-0.02319784181653564,0.8611258908155232,6153,GPD,tail,21.39793168391183,0.090625,Puntarenas_OTROS_Hidrometereológico
-0.02319784181653564,0.8611258908155232,6154,GPD,tail,21.39793168391183,0.090625,Puntarenas_OTROS_Hidrometereológico
-0.02319784181653564,0.8611258908155232,6155,GPD,tail,21.39793168391183,0.090625,Puntarenas_OTROS_Hidrometereológico
-0.02319784181653564,0.8611258908155232,6156,GPD,tail,21.39793168391183,0.090625,Puntarenas_OTROS_Hidrometereológico
-0.02319784181653564,0.8611258908155232,6157,GPD,tail,21.39793168391183,0.090625,Puntarenas_OTROS_Hidrometereológico
-0.02319784181653564,0.8611258908155232,6158,GPD,tail,21.39793168391183,0.090625,Puntarenas_OTROS_Hidrometereológico
-0.02319784181653564,0.8611258908155232,6159,GPD,tail,21.39793168391183,0.090625,Puntarenas_OTROS_Hidrometereológico
-0.02319784181653564,0.8611258908155232,6160,GPD,tail,21.39793168391183,0.090625,Puntarenas_OTROS_Hidrometereológico
-0.02319784181653564,0.8611258908155232,6161,GPD,tail,21.39793168391183,0.090625,Puntarenas_OTROS_Hidrometereológico
-0.02319784181653564,0.8611258908155232,6162,GPD,tail,21.39793168391183,0.090625,Puntarenas_OTROS_Hidrometereológico
-0.02319784181653564,0.8611258908155232,6163,GPD,tail,21.39793168391183,0.090625,Puntarenas_OTROS_Hidrometereológico
-0.02319784181653564,0.8611258908155232,6164,GPD,tail,21.39793168391183,0.090625,Puntarenas_OTROS_Hidrometereológico
-0.02319784181653564,0.8611258908155232,6165,GPD,tail,21.39793168391183,0.090625,Puntarenas_OTROS_Hidrometereológico
-0.02319784181653564,0.8611258908155232,6166,GPD,tail,21.39793168391183,0.090625,Puntarenas_OTROS_Hidrometereológico
-0.014802206237317431,0.7589153039828095,6167,GPD,tail,21.39793168391183,0.090625,Puntarenas_OTROS_Hidrometereológico
-0.00257282353135606,0.7828067147773512,6168,GPD,tail,21.39793168391183,0.090625,Puntarenas_OTROS_Hidrometereológico
-0.00257282353135606,0.7828067147773512,6169,GPD,tail,21.39793168391183,0.090625,Puntarenas_OTROS_Hidrometereológico
-0.00257282353135606,0.7828067147773512,6170,GPD,tail,21.39793168391183,0.090625,Puntarenas_OTROS_Hidrometereológico
-0.00257282353135606,0.7828067147773512,6171,GPD,tail,21.39793168391183,0.090625,Puntarenas_OTROS_Hidrometereológico
-0.00257282353135606,0.7828067147773512,6172,GPD,tail,21.39793168391183,0.090625,Puntarenas_OTROS_Hidrometereológico
-0.00257282353135606,0.7828067147773512,6173,GPD,tail,21.39793168391183,0.090625,Puntarenas_OTROS_Hidrometereológico
-0.00257282353135606,0.7828067147773512,6174,GPD,tail,21.39793168391183,0.090625,Puntarenas_OTROS_Hidrometereológico
-0.00257282353135606,0.7828067147773512,6175,GPD,tail,21.39793168391183,0.090625,Puntarenas_OTROS_Hidrometereológico
-0.00257282353135606,0.7828067147773512,6176,GPD,tail,21.39793168391183,0.090625,Puntarenas_OTROS_Hidrometereológico
-0.00257282353135606,0.7828067147773512,6177,GPD,tail,21.39793168391183,0.090625,Puntarenas_OTROS_Hidrometereológico
-0.00257282353135606,0.7828067147773512,6178,GPD,tail,21.39793168391183,0.090625,Puntarenas_OTROS_Hidrometereológico
-0.00257282353135606,0.7828067147773512,6179,GPD,tail,21.39793168391183,0.090625,Puntarenas_OTROS_Hidrometereológico
-0.00257282353135606,0.7828067147773512,6180,GPD,tail,21.39793168391183,0.090625,Puntarenas_OTROS_Hidrometereológico
-0.00257282353135606,0.7828067147773512,6181,GPD,tail,21.39793168391183,0.090625,Puntarenas_OTROS_Hidrometereológico
-0.00257282353135606,0.7828067147773512,6182,GPD,tail,21.39793168391183,0.090625,Puntarenas_OTROS_Hidrometereológico
-0.00257282353135606,0.7828067147773512,6183,GPD,tail,21.39793168391183,0.090625,Puntarenas_OTROS_Hidrometereológico
-0.00257282353135606,0.7828067147773512,6184,GPD,tail,21.39793168391183,0.090625,Puntarenas_OTROS_Hidrometereológico
-0.00257282353135606,0.7828067147773512,6185,GPD,tail,21.39793168391183,0.090625,Puntarenas_OTROS_Hidrometereológico
-0.00257282353135606,0.7828067147773512,6186,GPD,tail,21.39793168391183,0.090625,Puntarenas_OTROS_Hidrometereológico
-0.00257282353135606,0.7828067147773512,6187,GPD,tail,21.39793168391183,0.090625,Puntarenas_OTROS_Hidrometereológico
-0.00257282353135606,0.7828067147773512,6188,GPD,tail,21.39793168391183,0.090625,Puntarenas_OTROS_Hidrometereológico
-0.00257282353135606,0.7828067147773512,6189,GPD,tail,21.39793168391183,0.090625,Puntarenas_OTROS_Hidrometereológico
-0.00257282353135606,0.7828067147773512,6190,GPD,tail,21.39793168391183,0.090625,Puntarenas_OTROS_Hidrometereológico
-0.00257282353135606,0.7828067147773512,6191,GPD,tail,21.39793168391183,0.090625,Puntarenas_OTROS_Hidrometereológico
-0.00257282353135606,0.7828067147773512,6192,GPD,tail,21.39793168391183,0.090625,Puntarenas_OTROS_Hidrometereológico
-0.00257282353135606,0.7828067147773512,6193,GPD,tail,21.39793168391183,0.090625,Puntarenas_OTROS_Hidrometereológico
-0.00257282353135606,0.7828067147773512,6194,GPD,tail,21.39793168391183,0.090625,Puntarenas_OTROS_Hidrometereológico
-0.00257282353135606,0.7828067147773512,6195,GPD,tail,21.39793168391183,0.090625,Puntarenas_OTROS_Hidrometereológico
-0.00257282353135606,0.7828067147773512,6196,GPD,tail,21.39793168391183,0.090625,Puntarenas_OTROS_Hidrometereológico
-0.00257282353135606,0.7828067147773512,6197,GPD,tail,21.39793168391183,0.090625,Puntarenas_OTROS_Hidrometereológico
-0.00257282353135606,0.7828067147773512,6198,GPD,tail,21.39793168391183,0.090625,Puntarenas_OTROS_Hidrometereológico
-0.00257282353135606,0.7828067147773512,6199,GPD,tail,21.39793168391183,0.090625,Puntarenas_OTROS_Hidrometereológico
-0.00257282353135606,0.7828067147773512,6200,GPD,tail,21.39793168391183,0.090625,Puntarenas_OTROS_Hidrometereológico
-0.00257282353135606,0.7828067147773512,6201,GPD,tail,21.39793168391183,0.090625,Puntarenas_OTROS_Hidrometereológico
-0.00257282353135606,0.7828067147773512,6202,GPD,tail,21.39793168391183,0.090625,Puntarenas_OTROS_Hidrometereológico
-0.00257282353135606,0.7828067147773512,6203,GPD,tail,21.39793168391183,0.090625,Puntarenas_OTROS_Hidrometereológico
-0.00257282353135606,0.7828067147773512,6204,GPD,tail,21.39793168391183,0.090625,Puntarenas_OTROS_Hidrometereológico
-0.00257282353135606,0.7828067147773512,6205,GPD,tail,21.39793168391183,0.090625,Puntarenas_OTROS_Hidrometereológico
-0.00257282353135606,0.7828067147773512,6206,GPD,tail,21.39793168391183,0.090625,Puntarenas_OTROS_Hidrometereológico
-0.00257282353135606,0.7828067147773512,6207,GPD,tail,21.39793168391183,0.090625,Puntarenas_OTROS_Hidrometereológico
-0.06641546150568724,0.8091242631073069,6208,GPD,tail,21.39793168391183,0.090625,Puntarenas_OTROS_Hidrometereológico
-0.06641546150568724,0.8091242631073069,6209,GPD,tail,21.39793168391183,0.090625,Puntarenas_OTROS_Hidrometereológico
-0.06641546150568724,0.8091242631073069,6210,GPD,tail,21.39793168391183,0.090625,Puntarenas_OTROS_Hidrometereológico
-0.06641546150568724,0.8091242631073069,6211,GPD,tail,21.39793168391183,0.090625,Puntarenas_OTROS_Hidrometereológico
-0.06641546150568724,0.8091242631073069,6212,GPD,tail,21.39793168391183,0.090625,Puntarenas_OTROS_Hidrometereológico
-0.06641546150568724,0.8091242631073069,6213,GPD,tail,21.39793168391183,0.090625,Puntarenas_OTROS_Hidrometereológico
-0.06641546150568724,0.8091242631073069,6214,GPD,tail,21.39793168391183,0.090625,Puntarenas_OTROS_Hidrometereológico
-0.06641546150568724,0.8091242631073069,6215,GPD,tail,21.39793168391183,0.090625,Puntarenas_OTROS_Hidrometereológico
-0.06641546150568724,0.8091242631073069,6216,GPD,tail,21.39793168391183,0.090625,Puntarenas_OTROS_Hidrometereológico
-0.06641546150568724,0.8091242631073069,6217,GPD,tail,21.39793168391183,0.090625,Puntarenas_OTROS_Hidrometereológico
-0.06641546150568724,0.8091242631073069,6218,GPD,tail,21.39793168391183,0.090625,Puntarenas_OTROS_Hidrometereológico
0.00029043046728256805,0.7908658569428498,6219,GPD,tail,21.39793168391183,0.090625,Puntarenas_OTROS_Hidrometereológico
0.00029043046728256805,0.7908658569428498,6220,GPD,tail,21.39793168391183,0.090625,Puntarenas_OTROS_Hidrometereológico
-0.006970300506508768,0.8930032837657691,6221,GPD,tail,21.39793168391183,0.090625,Puntarenas_OTROS_Hidrometereológico
-0.006970300506508768,0.8930032837657691,6222,GPD,tail,21.39793168391183,0.090625,Puntarenas_OTROS_Hidrometereológico
-0.006970300506508768,0.8930032837657691,6223,GPD,tail,21.39793168391183,0.090625,Puntarenas_OTROS_Hidrometereológico
-0.006970300506508768,0.8930032837657691,6224,GPD,tail,21.39793168391183,0.090625,Puntarenas_OTROS_Hidrometereológico
-0.006970300506508768,0.8930032837657691,6225,GPD,tail,21.39793168391183,0.090625,Puntarenas_OTROS_Hidrometereológico
-0.006970300506508768,0.8930032837657691,6226,GPD,tail,21.39793168391183,0.090625,Puntarenas_OTROS_Hidrometereológico
-0.006970300506508768,0.8930032837657691,6227,GPD,tail,21.39793168391183,0.090625,Puntarenas_OTROS_Hidrometereológico
-0.006970300506508768,0.8930032837657691,6228,GPD,tail,21.39793168391183,0.090625,Puntarenas_OTROS_Hidrometereológico
-0.006970300506508768,0.8930032837657691,6229,GPD,tail,21.39793168391183,0.090625,Puntarenas_OTROS_Hidrometereológico
-0.006970300506508768,0.8930032837657691,6230,GPD,tail,21.39793168391183,0.090625,Puntarenas_OTROS_Hidrometereológico
-0.12621834632550966,0.8321486488655826,6231,GPD,tail,21.39793168391183,0.090625,Puntarenas_OTROS_Hidrometereológico
-0.12621834632550966,0.8321486488655826,6232,GPD,tail,21.39793168391183,0.090625,Puntarenas_OTROS_Hidrometereológico
-0.12621834632550966,0.8321486488655826,6233,GPD,tail,21.39793168391183,0.090625,Puntarenas_OTROS_Hidrometereológico
-0.12621834632550966,0.8321486488655826,6234,GPD,tail,21.39793168391183,0.090625,Puntarenas_OTROS_Hidrometereológico
-0.12621834632550966,0.8321486488655826,6235,GPD,tail,21.39793168391183,0.090625,Puntarenas_OTROS_Hidrometereológico
-0.12621834632550966,0.8321486488655826,6236,GPD,tail,21.39793168391183,0.090625,Puntarenas_OTROS_Hidrometereológico
-0.11108393464193365,0.7833125468531356,6237,GPD,tail,21.39793168391183,0.090625,Puntarenas_OTROS_Hidrometereológico
-0.11108393464193365,0.7833125468531356,6238,GPD,tail,21.39793168391183,0.090625,Puntarenas_OTROS_Hidrometereológico
-0.11108393464193365,0.7833125468531356,6239,GPD,tail,21.39793168391183,0.090625,Puntarenas_OTROS_Hidrometereológico
-0.13183634797253385,1.0449511028076952,6240,GPD,tail,21.39793168391183,0.090625,Puntarenas_OTROS_Hidrometereológico
-0.13183634797253385,1.0449511028076952,6241,GPD,tail,21.39793168391183,0.090625,Puntarenas_OTROS_Hidrometereológico
-0.13183634797253385,1.0449511028076952,6242,GPD,tail,21.39793168391183,0.090625,Puntarenas_OTROS_Hidrometereológico
-0.13183634797253385,1.0449511028076952,6243,GPD,tail,21.39793168391183,0.090625,Puntarenas_OTROS_Hidrometereológico
-0.13183634797253385,1.0449511028076952,6244,GPD,tail,21.39793168391183,0.090625,Puntarenas_OTROS_Hidrometereológico
-0.13183634797253385,1.0449511028076952,6245,GPD,tail,21.39793168391183,0.090625,Puntarenas_OTROS_Hidrometereológico
-0.13183634797253385,1.0449511028076952,6246,GPD,tail,21.39793168391183,0.090625,Puntarenas_OTROS_Hidrometereológico
-0.13183634797253385,1.0449511028076952,6247,GPD,tail,21.39793168391183,0.090625,Puntarenas_OTROS_Hidrometereológico
-0.13183634797253385,1.0449511028076952,6248,GPD,tail,21.39793168391183,0.090625,Puntarenas_OTROS_Hidrometereológico
-0.13183634797253385,1.0449511028076952,6249,GPD,tail,21.39793168391183,0.090625,Puntarenas_OTROS_Hidrometereológico
-0.13183634797253385,1.0449511028076952,6250,GPD,tail,21.39793168391183,0.090625,Puntarenas_OTROS_Hidrometereológico
-0.13183634797253385,1.0449511028076952,6251,GPD,tail,21.39793168391183,0.090625,Puntarenas_OTROS_Hidrometereológico
-0.13183634797253385,1.0449511028076952,6252,GPD,tail,21.39793168391183,0.090625,Puntarenas_OTROS_Hidrometereológico
-0.13183634797253385,1.0449511028076952,6253,GPD,tail,21.39793168391183,0.090625,Puntarenas_OTROS_Hidrometereológico
0.03727232081456064,0.7996574263432643,6254,GPD,tail,21.39793168391183,0.090625,Puntarenas_OTROS_Hidrometereológico
0.03727232081456064,0.7996574263432643,6255,GPD,tail,21.39793168391183,0.090625,Puntarenas_OTROS_Hidrometereológico
-0.004957163802256581,0.6908709778919762,6256,GPD,tail,21.39793168391183,0.090625,Puntarenas_OTROS_Hidrometereológico
-0.004957163802256581,0.6908709778919762,6257,GPD,tail,21.39793168391183,0.090625,Puntarenas_OTROS_Hidrometereológico
-0.004957163802256581,0.6908709778919762,6258,GPD,tail,21.39793168391183,0.090625,Puntarenas_OTROS_Hidrometereológico
-0.004957163802256581,0.6908709778919762,6259,GPD,tail,21.39793168391183,0.090625,Puntarenas_OTROS_Hidrometereológico
-0.08493889392203062,0.8815765351853506,6260,GPD,tail,21.39793168391183,0.090625,Puntarenas_OTROS_Hidrometereológico
-0.08493889392203062,0.8815765351853506,6261,GPD,tail,21.39793168391183,0.090625,Puntarenas_OTROS_Hidrometereológico
-0.08493889392203062,0.8815765351853506,6262,GPD,tail,21.39793168391183,0.090625,Puntarenas_OTROS_Hidrometereológico
-0.08493889392203062,0.8815765351853506,6263,GPD,tail,21.39793168391183,0.090625,Puntarenas_OTROS_Hidrometereológico
-0.08493889392203062,0.8815765351853506,6264,GPD,tail,21.39793168391183,0.090625,Puntarenas_OTROS_Hidrometereológico
-0.08493889392203062,0.8815765351853506,6265,GPD,tail,21.39793168391183,0.090625,Puntarenas_OTROS_Hidrometereológico
-0.08493889392203062,0.8815765351853506,6266,GPD,tail,21.39793168391183,0.090625,Puntarenas_OTROS_Hidrometereológico
-0.08493889392203062,0.8815765351853506,6267,GPD,tail,21.39793168391183,0.090625,Puntarenas_OTROS_Hidrometereológico
-0.08493889392203062,0.8815765351853506,6268,GPD,tail,21.39793168391183,0.090625,Puntarenas_OTROS_Hidrometereológico
-0.08493889392203062,0.8815765351853506,6269,GPD,tail,21.39793168391183,0.090625,Puntarenas_OTROS_Hidrometereológico
-0.08493889392203062,0.8815765351853506,6270,GPD,tail,21.39793168391183,0.090625,Puntarenas_OTROS_Hidrometereológico
-0.08493889392203062,0.8815765351853506,6271,GPD,tail,21.39793168391183,0.090625,Puntarenas_OTROS_Hidrometereológico
-0.12171692070305004,1.0571831922260286,6272,GPD,tail,21.39793168391183,0.090625,Puntarenas_OTROS_Hidrometereológico
-0.12171692070305004,1.0571831922260286,6273,GPD,tail,21.39793168391183,0.090625,Puntarenas_OTROS_Hidrometereológico
-0.12171692070305004,1.0571831922260286,6274,GPD,tail,21.39793168391183,0.090625,Puntarenas_OTROS_Hidrometereológico
-0.12171692070305004,1.0571831922260286,6275,GPD,tail,21.39793168391183,0.090625,Puntarenas_OTROS_Hidrometereológico
-0.12171692070305004,1.0571831922260286,6276,GPD,tail,21.39793168391183,0.090625,Puntarenas_OTROS_Hidrometereológico
-0.12171692070305004,1.0571831922260286,6277,GPD,tail,21.39793168391183,0.090625,Puntarenas_OTROS_Hidrometereológico
-0.12171692070305004,1.0571831922260286,6278,GPD,tail,21.39793168391183,0.090625,Puntarenas_OTROS_Hidrometereológico
-0.12171692070305004,1.0571831922260286,6279,GPD,tail,21.39793168391183,0.090625,Puntarenas_OTROS_Hidrometereológico
-0.12171692070305004,1.0571831922260286,6280,GPD,tail,21.39793168391183,0.090625,Puntarenas_OTROS_Hidrometereológico
-0.04680764893518359,0.7587630313297492,6281,GPD,tail,21.39793168391183,0.090625,Puntarenas_OTROS_Hidrometereológico
-0.04680764893518359,0.7587630313297492,6282,GPD,tail,21.39793168391183,0.090625,Puntarenas_OTROS_Hidrometereológico
-0.04680764893518359,0.7587630313297492,6283,GPD,tail,21.39793168391183,0.090625,Puntarenas_OTROS_Hidrometereológico
-0.04680764893518359,0.7587630313297492,6284,GPD,tail,21.39793168391183,0.090625,Puntarenas_OTROS_Hidrometereológico
-0.04680764893518359,0.7587630313297492,6285,GPD,tail,21.39793168391183,0.090625,Puntarenas_OTROS_Hidrometereológico
-0.04680764893518359,0.7587630313297492,6286,GPD,tail,21.39793168391183,0.090625,Puntarenas_OTROS_Hidrometereológico
-0.04680764893518359,0.7587630313297492,6287,GPD,tail,21.39793168391183,0.090625,Puntarenas_OTROS_Hidrometereológico
-0.04680764893518359,0.7587630313297492,6288,GPD,tail,21.39793168391183,0.090625,Puntarenas_OTROS_Hidrometereológico
-0.04680764893518359,0.7587630313297492,6289,GPD,tail,21.39793168391183,0.090625,Puntarenas_OTROS_Hidrometereológico
-0.04680764893518359,0.7587630313297492,6290,GPD,tail,21.39793168391183,0.090625,Puntarenas_OTROS_Hidrometereológico
-0.04680764893518359,0.7587630313297492,6291,GPD,tail,21.39793168391183,0.090625,Puntarenas_OTROS_Hidrometereológico
-0.04680764893518359,0.7587630313297492,6292,GPD,tail,21.39793168391183,0.090625,Puntarenas_OTROS_Hidrometereológico
-0.04680764893518359,0.7587630313297492,6293,GPD,tail,21.39793168391183,0.090625,Puntarenas_OTROS_Hidrometereológico
-0.04680764893518359,0.7587630313297492,6294,GPD,tail,21.39793168391183,0.090625,Puntarenas_OTROS_Hidrometereológico
-0.04680764893518359,0.7587630313297492,6295,GPD,tail,21.39793168391183,0.090625,Puntarenas_OTROS_Hidrometereológico
-0.04680764893518359,0.7587630313297492,6296,GPD,tail,21.39793168391183,0.090625,Puntarenas_OTROS_Hidrometereológico
-0.04680764893518359,0.7587630313297492,6297,GPD,tail,21.39793168391183,0.090625,Puntarenas_OTROS_Hidrometereológico
-0.04680764893518359,0.7587630313297492,6298,GPD,tail,21.39793168391183,0.090625,Puntarenas_OTROS_Hidrometereológico
-0.04680764893518359,0.7587630313297492,6299,GPD,tail,21.39793168391183,0.090625,Puntarenas_OTROS_Hidrometereológico
-0.04680764893518359,0.7587630313297492,6300,GPD,tail,21.39793168391183,0.090625,Puntarenas_OTROS_Hidrometereológico
-0.04680764893518359,0.7587630313297492,6301,GPD,tail,21.39793168391183,0.090625,Puntarenas_OTROS_Hidrometereológico
-0.04680764893518359,0.7587630313297492,6302,GPD,tail,21.39793168391183,0.090625,Puntarenas_OTROS_Hidrometereológico
-0.04680764893518359,0.7587630313297492,6303,GPD,tail,21.39793168391183,0.090625,Puntarenas_OTROS_Hidrometereológico
-0.04680764893518359,0.7587630313297492,6304,GPD,tail,21.39793168391183,0.090625,Puntarenas_OTROS_Hidrometereológico
-0.04680764893518359,0.7587630313297492,6305,GPD,tail,21.39793168391183,0.090625,Puntarenas_OTROS_Hidrometereológico
-0.04680764893518359,0.7587630313297492,6306,GPD,tail,21.39793168391183,0.090625,Puntarenas_OTROS_Hidrometereológico
-0.04680764893518359,0.7587630313297492,6307,GPD,tail,21.39793168391183,0.090625,Puntarenas_OTROS_Hidrometereológico
-0.04680764893518359,0.7587630313297492,6308,GPD,tail,21.39793168391183,0.090625,Puntarenas_OTROS_Hidrometereológico
-0.04680764893518359,0.7587630313297492,6309,GPD,tail,21.39793168391183,0.090625,Puntarenas_OTROS_Hidrometereológico
-0.04680764893518359,0.7587630313297492,6310,GPD,tail,21.39793168391183,0.090625,Puntarenas_OTROS_Hidrometereológico
-0.04680764893518359,0.7587630313297492,6311,GPD,tail,21.39793168391183,0.090625,Puntarenas_OTROS_Hidrometereológico
-0.04680764893518359,0.7587630313297492,6312,GPD,tail,21.39793168391183,0.090625,Puntarenas_OTROS_Hidrometereológico
-0.04680764893518359,0.7587630313297492,6313,GPD,tail,21.39793168391183,0.090625,Puntarenas_OTROS_Hidrometereológico
-0.04680764893518359,0.7587630313297492,6314,GPD,tail,21.39793168391183,0.090625,Puntarenas_OTROS_Hidrometereológico
-0.04680764893518359,0.7587630313297492,6315,GPD,tail,21.39793168391183,0.090625,Puntarenas_OTROS_Hidrometereológico
-0.04680764893518359,0.7587630313297492,6316,GPD,tail,21.39793168391183,0.090625,Puntarenas_OTROS_Hidrometereológico
-0.04680764893518359,0.7587630313297492,6317,GPD,tail,21.39793168391183,0.090625,Puntarenas_OTROS_Hidrometereológico
-0.04680764893518359,0.7587630313297492,6318,GPD,tail,21.39793168391183,0.090625,Puntarenas_OTROS_Hidrometereológico
-0.04680764893518359,0.7587630313297492,6319,GPD,tail,21.39793168391183,0.090625,Puntarenas_OTROS_Hidrometereológico
-0.04680764893518359,0.7587630313297492,6320,GPD,tail,21.39793168391183,0.090625,Puntarenas_OTROS_Hidrometereológico
-0.04680764893518359,0.7587630313297492,6321,GPD,tail,21.39793168391183,0.090625,Puntarenas_OTROS_Hidrometereológico
0.0021677791141086547,0.8592772891984032,6322,GPD,tail,21.39793168391183,0.090625,Puntarenas_OTROS_Hidrometereológico
0.0021677791141086547,0.8592772891984032,6323,GPD,tail,21.39793168391183,0.090625,Puntarenas_OTROS_Hidrometereológico
0.0021677791141086547,0.8592772891984032,6324,GPD,tail,21.39793168391183,0.090625,Puntarenas_OTROS_Hidrometereológico
0.0021677791141086547,0.8592772891984032,6325,GPD,tail,21.39793168391183,0.090625,Puntarenas_OTROS_Hidrometereológico
0.0021677791141086547,0.8592772891984032,6326,GPD,tail,21.39793168391183,0.090625,Puntarenas_OTROS_Hidrometereológico
0.0021677791141086547,0.8592772891984032,6327,GPD,tail,21.39793168391183,0.090625,Puntarenas_OTROS_Hidrometereológico
0.0021677791141086547,0.8592772891984032,6328,GPD,tail,21.39793168391183,0.090625,Puntarenas_OTROS_Hidrometereológico
0.0021677791141086547,0.8592772891984032,6329,GPD,tail,21.39793168391183,0.090625,Puntarenas_OTROS_Hidrometereológico
0.0021677791141086547,0.8592772891984032,6330,GPD,tail,21.39793168391183,0.090625,Puntarenas_OTROS_Hidrometereológico
0.0021677791141086547,0.8592772891984032,6331,GPD,tail,21.39793168391183,0.090625,Puntarenas_OTROS_Hidrometereológico
0.0021677791141086547,0.8592772891984032,6332,GPD,tail,21.39793168391183,0.090625,Puntarenas_OTROS_Hidrometereológico
0.0021677791141086547,0.8592772891984032,6333,GPD,tail,21.39793168391183,0.090625,Puntarenas_OTROS_Hidrometereológico
0.0021677791141086547,0.8592772891984032,6334,GPD,tail,21.39793168391183,0.090625,Puntarenas_OTROS_Hidrometereológico
0.0021677791141086547,0.8592772891984032,6335,GPD,tail,21.39793168391183,0.090625,Puntarenas_OTROS_Hidrometereológico
-0.14787830536229943,0.8762173754302628,6336,GPD,tail,21.39793168391183,0.090625,Puntarenas_OTROS_Hidrometereológico
-0.14787830536229943,0.8762173754302628,6337,GPD,tail,21.39793168391183,0.090625,Puntarenas_OTROS_Hidrometereológico
-0.14787830536229943,0.8762173754302628,6338,GPD,tail,21.39793168391183,0.090625,Puntarenas_OTROS_Hidrometereológico
-0.14787830536229943,0.8762173754302628,6339,GPD,tail,21.39793168391183,0.090625,Puntarenas_OTROS_Hidrometereológico
-0.14787830536229943,0.8762173754302628,6340,GPD,tail,21.39793168391183,0.090625,Puntarenas_OTROS_Hidrometereológico
-0.14787830536229943,0.8762173754302628,6341,GPD,tail,21.39793168391183,0.090625,Puntarenas_OTROS_Hidrometereológico
-0.14787830536229943,0.8762173754302628,6342,GPD,tail,21.39793168391183,0.090625,Puntarenas_OTROS_Hidrometereológico
-0.02993846794665117,0.9539693325519779,6343,GPD,tail,21.39793168391183,0.090625,Puntarenas_OTROS_Hidrometereológico
-0.02993846794665117,0.9539693325519779,6344,GPD,tail,21.39793168391183,0.090625,Puntarenas_OTROS_Hidrometereológico
-0.02993846794665117,0.9539693325519779,6345,GPD,tail,21.39793168391183,0.090625,Puntarenas_OTROS_Hidrometereológico
-0.02993846794665117,0.9539693325519779,6346,GPD,tail,21.39793168391183,0.090625,Puntarenas_OTROS_Hidrometereológico
-0.02993846794665117,0.9539693325519779,6347,GPD,tail,21.39793168391183,0.090625,Puntarenas_OTROS_Hidrometereológico
-0.02993846794665117,0.9539693325519779,6348,GPD,tail,21.39793168391183,0.090625,Puntarenas_OTROS_Hidrometereológico
-0.02993846794665117,0.9539693325519779,6349,GPD,tail,21.39793168391183,0.090625,Puntarenas_OTROS_Hidrometereológico
-0.02993846794665117,0.9539693325519779,6350,GPD,tail,21.39793168391183,0.090625,Puntarenas_OTROS_Hidrometereológico
-0.02993846794665117,0.9539693325519779,6351,GPD,tail,21.39793168391183,0.090625,Puntarenas_OTROS_Hidrometereológico
-0.02993846794665117,0.9539693325519779,6352,GPD,tail,21.39793168391183,0.090625,Puntarenas_OTROS_Hidrometereológico
-0.02993846794665117,0.9539693325519779,6353,GPD,tail,21.39793168391183,0.090625,Puntarenas_OTROS_Hidrometereológico
-0.02993846794665117,0.9539693325519779,6354,GPD,tail,21.39793168391183,0.090625,Puntarenas_OTROS_Hidrometereológico
-0.02993846794665117,0.9539693325519779,6355,GPD,tail,21.39793168391183,0.090625,Puntarenas_OTROS_Hidrometereológico
-0.02993846794665117,0.9539693325519779,6356,GPD,tail,21.39793168391183,0.090625,Puntarenas_OTROS_Hidrometereológico
-0.02993846794665117,0.9539693325519779,6357,GPD,tail,21.39793168391183,0.090625,Puntarenas_OTROS_Hidrometereológico
-0.02993846794665117,0.9539693325519779,6358,GPD,tail,21.39793168391183,0.090625,Puntarenas_OTROS_Hidrometereológico
-0.02993846794665117,0.9539693325519779,6359,GPD,tail,21.39793168391183,0.090625,Puntarenas_OTROS_Hidrometereológico
-0.02993846794665117,0.9539693325519779,6360,GPD,tail,21.39793168391183,0.090625,Puntarenas_OTROS_Hidrometereológico
-0.02993846794665117,0.9539693325519779,6361,GPD,tail,21.39793168391183,0.090625,Puntarenas_OTROS_Hidrometereológico
-0.02993846794665117,0.9539693325519779,6362,GPD,tail,21.39793168391183,0.090625,Puntarenas_OTROS_Hidrometereológico
-0.02993846794665117,0.9539693325519779,6363,GPD,tail,21.39793168391183,0.090625,Puntarenas_OTROS_Hidrometereológico
0.014785458040211287,0.783649307759767,6364,GPD,tail,21.39793168391183,0.090625,Puntarenas_OTROS_Hidrometereológico
0.014785458040211287,0.783649307759767,6365,GPD,tail,21.39793168391183,0.090625,Puntarenas_OTROS_Hidrometereológico
-0.16376520195804647,1.012398657730213,6366,GPD,tail,21.39793168391183,0.090625,Puntarenas_OTROS_Hidrometereológico
-0.16376520195804647,1.012398657730213,6367,GPD,tail,21.39793168391183,0.090625,Puntarenas_OTROS_Hidrometereológico
-0.16376520195804647,1.012398657730213,6368,GPD,tail,21.39793168391183,0.090625,Puntarenas_OTROS_Hidrometereológico
-0.16376520195804647,1.012398657730213,6369,GPD,tail,21.39793168391183,0.090625,Puntarenas_OTROS_Hidrometereológico
-0.16376520195804647,1.012398657730213,6370,GPD,tail,21.39793168391183,0.090625,Puntarenas_OTROS_Hidrometereológico
-0.12315411718859495,1.0980241125314554,6371,GPD,tail,21.39793168391183,0.090625,Puntarenas_OTROS_Hidrometereológico
-0.12315411718859495,1.0980241125314554,6372,GPD,tail,21.39793168391183,0.090625,Puntarenas_OTROS_Hidrometereológico
-0.12315411718859495,1.0980241125314554,6373,GPD,tail,21.39793168391183,0.090625,Puntarenas_OTROS_Hidrometereológico
-0.12315411718859495,1.0980241125314554,6374,GPD,tail,21.39793168391183,0.090625,Puntarenas_OTROS_Hidrometereológico
-0.12315411718859495,1.0980241125314554,6375,GPD,tail,21.39793168391183,0.090625,Puntarenas_OTROS_Hidrometereológico
-0.12315411718859495,1.0980241125314554,6376,GPD,tail,21.39793168391183,0.090625,Puntarenas_OTROS_Hidrometereológico
-0.12315411718859495,1.0980241125314554,6377,GPD,tail,21.39793168391183,0.090625,Puntarenas_OTROS_Hidrometereológico
-0.12315411718859495,1.0980241125314554,6378,GPD,tail,21.39793168391183,0.090625,Puntarenas_OTROS_Hidrometereológico
-0.12315411718859495,1.0980241125314554,6379,GPD,tail,21.39793168391183,0.090625,Puntarenas_OTROS_Hidrometereológico
-0.12315411718859495,1.0980241125314554,6380,GPD,tail,21.39793168391183,0.090625,Puntarenas_OTROS_Hidrometereológico
-0.12315411718859495,1.0980241125314554,6381,GPD,tail,21.39793168391183,0.090625,Puntarenas_OTROS_Hidrometereológico
-0.12315411718859495,1.0980241125314554,6382,GPD,tail,21.39793168391183,0.090625,Puntarenas_OTROS_Hidrometereológico
-0.12315411718859495,1.0980241125314554,6383,GPD,tail,21.39793168391183,0.090625,Puntarenas_OTROS_Hidrometereológico
-0.12315411718859495,1.0980241125314554,6384,GPD,tail,21.39793168391183,0.090625,Puntarenas_OTROS_Hidrometereológico
-0.12315411718859495,1.0980241125314554,6385,GPD,tail,21.39793168391183,0.090625,Puntarenas_OTROS_Hidrometereológico
-0.12315411718859495,1.0980241125314554,6386,GPD,tail,21.39793168391183,0.090625,Puntarenas_OTROS_Hidrometereológico
-0.12315411718859495,1.0980241125314554,6387,GPD,tail,21.39793168391183,0.090625,Puntarenas_OTROS_Hidrometereológico
-0.12315411718859495,1.0980241125314554,6388,GPD,tail,21.39793168391183,0.090625,Puntarenas_OTROS_Hidrometereológico
-0.12315411718859495,1.0980241125314554,6389,GPD,tail,21.39793168391183,0.090625,Puntarenas_OTROS_Hidrometereológico
-0.12315411718859495,1.0980241125314554,6390,GPD,tail,21.39793168391183,0.090625,Puntarenas_OTROS_Hidrometereológico
-0.12315411718859495,1.0980241125314554,6391,GPD,tail,21.39793168391183,0.090625,Puntarenas_OTROS_Hidrometereológico
-0.12315411718859495,1.0980241125314554,6392,GPD,tail,21.39793168391183,0.090625,Puntarenas_OTROS_Hidrometereológico
-0.12315411718859495,1.0980241125314554,6393,GPD,tail,21.39793168391183,0.090625,Puntarenas_OTROS_Hidrometereológico
-0.12315411718859495,1.0980241125314554,6394,GPD,tail,21.39793168391183,0.090625,Puntarenas_OTROS_Hidrometereológico
-0.0265888065723191,0.9075172363559488,6395,GPD,tail,21.39793168391183,0.090625,Puntarenas_OTROS_Hidrometereológico
-0.0265888065723191,0.9075172363559488,6396,GPD,tail,21.39793168391183,0.090625,Puntarenas_OTROS_Hidrometereológico
-0.0265888065723191,0.9075172363559488,6397,GPD,tail,21.39793168391183,0.090625,Puntarenas_OTROS_Hidrometereológico
-0.0265888065723191,0.9075172363559488,6398,GPD,tail,21.39793168391183,0.090625,Puntarenas_OTROS_Hidrometereológico
-0.0265888065723191,0.9075172363559488,6399,GPD,tail,21.39793168391183,0.090625,Puntarenas_OTROS_Hidrometereológico
-0.0265888065723191,0.9075172363559488,6400,GPD,tail,21.39793168391183,0.090625,Puntarenas_OTROS_Hidrometereológico
-0.0265888065723191,0.9075172363559488,6401,GPD,tail,21.39793168391183,0.090625,Puntarenas_OTROS_Hidrometereológico
-0.0265888065723191,0.9075172363559488,6402,GPD,tail,21.39793168391183,0.090625,Puntarenas_OTROS_Hidrometereológico
-0.0265888065723191,0.9075172363559488,6403,GPD,tail,21.39793168391183,0.090625,Puntarenas_OTROS_Hidrometereológico
-0.0265888065723191,0.9075172363559488,6404,GPD,tail,21.39793168391183,0.090625,Puntarenas_OTROS_Hidrometereológico
-0.0265888065723191,0.9075172363559488,6405,GPD,tail,21.39793168391183,0.090625,Puntarenas_OTROS_Hidrometereológico
-0.0265888065723191,0.9075172363559488,6406,GPD,tail,21.39793168391183,0.090625,Puntarenas_OTROS_Hidrometereológico
-0.03566913507859194,0.9125571367907085,6407,GPD,tail,21.39793168391183,0.090625,Puntarenas_OTROS_Hidrometereológico
-0.03566913507859194,0.9125571367907085,6408,GPD,tail,21.39793168391183,0.090625,Puntarenas_OTROS_Hidrometereológico
-0.07264015618473307,0.7561451456520375,6409,GPD,tail,21.39793168391183,0.090625,Puntarenas_OTROS_Hidrometereológico
-0.07264015618473307,0.7561451456520375,6410,GPD,tail,21.39793168391183,0.090625,Puntarenas_OTROS_Hidrometereológico
-0.07264015618473307,0.7561451456520375,6411,GPD,tail,21.39793168391183,0.090625,Puntarenas_OTROS_Hidrometereológico
-0.07264015618473307,0.7561451456520375,6412,GPD,tail,21.39793168391183,0.090625,Puntarenas_OTROS_Hidrometereológico
-0.07264015618473307,0.7561451456520375,6413,GPD,tail,21.39793168391183,0.090625,Puntarenas_OTROS_Hidrometereológico
-0.07264015618473307,0.7561451456520375,6414,GPD,tail,21.39793168391183,0.090625,Puntarenas_OTROS_Hidrometereológico
-0.07264015618473307,0.7561451456520375,6415,GPD,tail,21.39793168391183,0.090625,Puntarenas_OTROS_Hidrometereológico
-0.16624620301145815,1.0015064244607963,6416,GPD,tail,21.39793168391183,0.090625,Puntarenas_OTROS_Hidrometereológico
-0.16624620301145815,1.0015064244607963,6417,GPD,tail,21.39793168391183,0.090625,Puntarenas_OTROS_Hidrometereológico
-0.16624620301145815,1.0015064244607963,6418,GPD,tail,21.39793168391183,0.090625,Puntarenas_OTROS_Hidrometereológico
-0.04366077872358584,0.8239311351164487,6419,GPD,tail,21.39793168391183,0.090625,Puntarenas_OTROS_Hidrometereológico
-0.04366077872358584,0.8239311351164487,6420,GPD,tail,21.39793168391183,0.090625,Puntarenas_OTROS_Hidrometereológico
-0.04366077872358584,0.8239311351164487,6421,GPD,tail,21.39793168391183,0.090625,Puntarenas_OTROS_Hidrometereológico
-0.04366077872358584,0.8239311351164487,6422,GPD,tail,21.39793168391183,0.090625,Puntarenas_OTROS_Hidrometereológico
-0.04366077872358584,0.8239311351164487,6423,GPD,tail,21.39793168391183,0.090625,Puntarenas_OTROS_Hidrometereológico
-0.04366077872358584,0.8239311351164487,6424,GPD,tail,21.39793168391183,0.090625,Puntarenas_OTROS_Hidrometereológico
-0.04366077872358584,0.8239311351164487,6425,GPD,tail,21.39793168391183,0.090625,Puntarenas_OTROS_Hidrometereológico
-0.04366077872358584,0.8239311351164487,6426,GPD,tail,21.39793168391183,0.090625,Puntarenas_OTROS_Hidrometereológico
-0.08907347082400865,0.9240753033347033,6427,GPD,tail,21.39793168391183,0.090625,Puntarenas_OTROS_Hidrometereológico
-0.08907347082400865,0.9240753033347033,6428,GPD,tail,21.39793168391183,0.090625,Puntarenas_OTROS_Hidrometereológico
-0.08907347082400865,0.9240753033347033,6429,GPD,tail,21.39793168391183,0.090625,Puntarenas_OTROS_Hidrometereológico
-0.08907347082400865,0.9240753033347033,6430,GPD,tail,21.39793168391183,0.090625,Puntarenas_OTROS_Hidrometereológico
-0.08907347082400865,0.9240753033347033,6431,GPD,tail,21.39793168391183,0.090625,Puntarenas_OTROS_Hidrometereológico
-0.08907347082400865,0.9240753033347033,6432,GPD,tail,21.39793168391183,0.090625,Puntarenas_OTROS_Hidrometereológico
-0.05307907156443387,0.952128651685589,6433,GPD,tail,21.39793168391183,0.090625,Puntarenas_OTROS_Hidrometereológico
-0.0823809714623254,0.9383961479664589,6434,GPD,tail,21.39793168391183,0.090625,Puntarenas_OTROS_Hidrometereológico
-0.0823809714623254,0.9383961479664589,6435,GPD,tail,21.39793168391183,0.090625,Puntarenas_OTROS_Hidrometereológico
-0.05650308912812593,0.8461313167430132,6436,GPD,tail,21.39793168391183,0.090625,Puntarenas_OTROS_Hidrometereológico
-0.05650308912812593,0.8461313167430132,6437,GPD,tail,21.39793168391183,0.090625,Puntarenas_OTROS_Hidrometereológico
-0.05650308912812593,0.8461313167430132,6438,GPD,tail,21.39793168391183,0.090625,Puntarenas_OTROS_Hidrometereológico
-0.05650308912812593,0.8461313167430132,6439,GPD,tail,21.39793168391183,0.090625,Puntarenas_OTROS_Hidrometereológico
-0.05650308912812593,0.8461313167430132,6440,GPD,tail,21.39793168391183,0.090625,Puntarenas_OTROS_Hidrometereológico
-0.05650308912812593,0.8461313167430132,6441,GPD,tail,21.39793168391183,0.090625,Puntarenas_OTROS_Hidrometereológico
-0.05650308912812593,0.8461313167430132,6442,GPD,tail,21.39793168391183,0.090625,Puntarenas_OTROS_Hidrometereológico
-0.05650308912812593,0.8461313167430132,6443,GPD,tail,21.39793168391183,0.090625,Puntarenas_OTROS_Hidrometereológico
-0.05650308912812593,0.8461313167430132,6444,GPD,tail,21.39793168391183,0.090625,Puntarenas_OTROS_Hidrometereológico
-0.05650308912812593,0.8461313167430132,6445,GPD,tail,21.39793168391183,0.090625,Puntarenas_OTROS_Hidrometereológico
-0.05650308912812593,0.8461313167430132,6446,GPD,tail,21.39793168391183,0.090625,Puntarenas_OTROS_Hidrometereológico
-0.05650308912812593,0.8461313167430132,6447,GPD,tail,21.39793168391183,0.090625,Puntarenas_OTROS_Hidrometereológico
-0.05650308912812593,0.8461313167430132,6448,GPD,tail,21.39793168391183,0.090625,Puntarenas_OTROS_Hidrometereológico
-0.05650308912812593,0.8461313167430132,6449,GPD,tail,21.39793168391183,0.090625,Puntarenas_OTROS_Hidrometereológico
-0.05650308912812593,0.8461313167430132,6450,GPD,tail,21.39793168391183,0.090625,Puntarenas_OTROS_Hidrometereológico
-0.05650308912812593,0.8461313167430132,6451,GPD,tail,21.39793168391183,0.090625,Puntarenas_OTROS_Hidrometereológico
-0.05650308912812593,0.8461313167430132,6452,GPD,tail,21.39793168391183,0.090625,Puntarenas_OTROS_Hidrometereológico
-0.05650308912812593,0.8461313167430132,6453,GPD,tail,21.39793168391183,0.090625,Puntarenas_OTROS_Hidrometereológico
-0.05650308912812593,0.8461313167430132,6454,GPD,tail,21.39793168391183,0.090625,Puntarenas_OTROS_Hidrometereológico
-0.05650308912812593,0.8461313167430132,6455,GPD,tail,21.39793168391183,0.090625,Puntarenas_OTROS_Hidrometereológico
-0.05650308912812593,0.8461313167430132,6456,GPD,tail,21.39793168391183,0.090625,Puntarenas_OTROS_Hidrometereológico
-0.05650308912812593,0.8461313167430132,6457,GPD,tail,21.39793168391183,0.090625,Puntarenas_OTROS_Hidrometereológico
-0.05650308912812593,0.8461313167430132,6458,GPD,tail,21.39793168391183,0.090625,Puntarenas_OTROS_Hidrometereológico
-0.05650308912812593,0.8461313167430132,6459,GPD,tail,21.39793168391183,0.090625,Puntarenas_OTROS_Hidrometereológico
-0.05650308912812593,0.8461313167430132,6460,GPD,tail,21.39793168391183,0.090625,Puntarenas_OTROS_Hidrometereológico
-0.05650308912812593,0.8461313167430132,6461,GPD,tail,21.39793168391183,0.090625,Puntarenas_OTROS_Hidrometereológico
-0.05650308912812593,0.8461313167430132,6462,GPD,tail,21.39793168391183,0.090625,Puntarenas_OTROS_Hidrometereológico
-0.05650308912812593,0.8461313167430132,6463,GPD,tail,21.39793168391183,0.090625,Puntarenas_OTROS_Hidrometereológico
-0.05650308912812593,0.8461313167430132,6464,GPD,tail,21.39793168391183,0.090625,Puntarenas_OTROS_Hidrometereológico
-0.05650308912812593,0.8461313167430132,6465,GPD,tail,21.39793168391183,0.090625,Puntarenas_OTROS_Hidrometereológico
-0.05650308912812593,0.8461313167430132,6466,GPD,tail,21.39793168391183,0.090625,Puntarenas_OTROS_Hidrometereológico
-0.05650308912812593,0.8461313167430132,6467,GPD,tail,21.39793168391183,0.090625,Puntarenas_OTROS_Hidrometereológico
-0.05650308912812593,0.8461313167430132,6468,GPD,tail,21.39793168391183,0.090625,Puntarenas_OTROS_Hidrometereológico
-0.05650308912812593,0.8461313167430132,6469,GPD,tail,21.39793168391183,0.090625,Puntarenas_OTROS_Hidrometereológico
-0.05650308912812593,0.8461313167430132,6470,GPD,tail,21.39793168391183,0.090625,Puntarenas_OTROS_Hidrometereológico
-0.05650308912812593,0.8461313167430132,6471,GPD,tail,21.39793168391183,0.090625,Puntarenas_OTROS_Hidrometereológico
-0.05650308912812593,0.8461313167430132,6472,GPD,tail,21.39793168391183,0.090625,Puntarenas_OTROS_Hidrometereológico
-0.05650308912812593,0.8461313167430132,6473,GPD,tail,21.39793168391183,0.090625,Puntarenas_OTROS_Hidrometereológico
-0.05650308912812593,0.8461313167430132,6474,GPD,tail,21.39793168391183,0.090625,Puntarenas_OTROS_Hidrometereológico
-0.05650308912812593,0.8461313167430132,6475,GPD,tail,21.39793168391183,0.090625,Puntarenas_OTROS_Hidrometereológico
-0.05650308912812593,0.8461313167430132,6476,GPD,tail,21.39793168391183,0.090625,Puntarenas_OTROS_Hidrometereológico
-0.05650308912812593,0.8461313167430132,6477,GPD,tail,21.39793168391183,0.090625,Puntarenas_OTROS_Hidrometereológico
-0.05650308912812593,0.8461313167430132,6478,GPD,tail,21.39793168391183,0.090625,Puntarenas_OTROS_Hidrometereológico
-0.05650308912812593,0.8461313167430132,6479,GPD,tail,21.39793168391183,0.090625,Puntarenas_OTROS_Hidrometereológico
-0.05650308912812593,0.8461313167430132,6480,GPD,tail,21.39793168391183,0.090625,Puntarenas_OTROS_Hidrometereológico
-0.05650308912812593,0.8461313167430132,6481,GPD,tail,21.39793168391183,0.090625,Puntarenas_OTROS_Hidrometereológico
-0.05650308912812593,0.8461313167430132,6482,GPD,tail,21.39793168391183,0.090625,Puntarenas_OTROS_Hidrometereológico
-0.05650308912812593,0.8461313167430132,6483,GPD,tail,21.39793168391183,0.090625,Puntarenas_OTROS_Hidrometereológico
-0.05650308912812593,0.8461313167430132,6484,GPD,tail,21.39793168391183,0.090625,Puntarenas_OTROS_Hidrometereológico
-0.05650308912812593,0.8461313167430132,6485,GPD,tail,21.39793168391183,0.090625,Puntarenas_OTROS_Hidrometereológico
-0.05650308912812593,0.8461313167430132,6486,GPD,tail,21.39793168391183,0.090625,Puntarenas_OTROS_Hidrometereológico
-0.05650308912812593,0.8461313167430132,6487,GPD,tail,21.39793168391183,0.090625,Puntarenas_OTROS_Hidrometereológico
-0.05650308912812593,0.8461313167430132,6488,GPD,tail,21.39793168391183,0.090625,Puntarenas_OTROS_Hidrometereológico
-0.05650308912812593,0.8461313167430132,6489,GPD,tail,21.39793168391183,0.090625,Puntarenas_OTROS_Hidrometereológico
-0.05650308912812593,0.8461313167430132,6490,GPD,tail,21.39793168391183,0.090625,Puntarenas_OTROS_Hidrometereológico
-0.05650308912812593,0.8461313167430132,6491,GPD,tail,21.39793168391183,0.090625,Puntarenas_OTROS_Hidrometereológico
-0.05650308912812593,0.8461313167430132,6492,GPD,tail,21.39793168391183,0.090625,Puntarenas_OTROS_Hidrometereológico
-0.05650308912812593,0.8461313167430132,6493,GPD,tail,21.39793168391183,0.090625,Puntarenas_OTROS_Hidrometereológico
-0.05650308912812593,0.8461313167430132,6494,GPD,tail,21.39793168391183,0.090625,Puntarenas_OTROS_Hidrometereológico
-0.05650308912812593,0.8461313167430132,6495,GPD,tail,21.39793168391183,0.090625,Puntarenas_OTROS_Hidrometereológico
-0.05650308912812593,0.8461313167430132,6496,GPD,tail,21.39793168391183,0.090625,Puntarenas_OTROS_Hidrometereológico
-0.05650308912812593,0.8461313167430132,6497,GPD,tail,21.39793168391183,0.090625,Puntarenas_OTROS_Hidrometereológico
-0.08949101890639227,0.9473898556513854,6498,GPD,tail,21.39793168391183,0.090625,Puntarenas_OTROS_Hidrometereológico
-0.08949101890639227,0.9473898556513854,6499,GPD,tail,21.39793168391183,0.090625,Puntarenas_OTROS_Hidrometereológico
-0.08949101890639227,0.9473898556513854,6500,GPD,tail,21.39793168391183,0.090625,Puntarenas_OTROS_Hidrometereológico
-0.08949101890639227,0.9473898556513854,6501,GPD,tail,21.39793168391183,0.090625,Puntarenas_OTROS_Hidrometereológico
-0.08949101890639227,0.9473898556513854,6502,GPD,tail,21.39793168391183,0.090625,Puntarenas_OTROS_Hidrometereológico
-0.08949101890639227,0.9473898556513854,6503,GPD,tail,21.39793168391183,0.090625,Puntarenas_OTROS_Hidrometereológico
-0.08949101890639227,0.9473898556513854,6504,GPD,tail,21.39793168391183,0.090625,Puntarenas_OTROS_Hidrometereológico
-0.08949101890639227,0.9473898556513854,6505,GPD,tail,21.39793168391183,0.090625,Puntarenas_OTROS_Hidrometereológico
-0.08949101890639227,0.9473898556513854,6506,GPD,tail,21.39793168391183,0.090625,Puntarenas_OTROS_Hidrometereológico
-0.08949101890639227,0.9473898556513854,6507,GPD,tail,21.39793168391183,0.090625,Puntarenas_OTROS_Hidrometereológico
-0.08949101890639227,0.9473898556513854,6508,GPD,tail,21.39793168391183,0.090625,Puntarenas_OTROS_Hidrometereológico
-0.08949101890639227,0.9473898556513854,6509,GPD,tail,21.39793168391183,0.090625,Puntarenas_OTROS_Hidrometereológico
-0.08949101890639227,0.9473898556513854,6510,GPD,tail,21.39793168391183,0.090625,Puntarenas_OTROS_Hidrometereológico
-0.08949101890639227,0.9473898556513854,6511,GPD,tail,21.39793168391183,0.090625,Puntarenas_OTROS_Hidrometereológico
-0.08949101890639227,0.9473898556513854,6512,GPD,tail,21.39793168391183,0.090625,Puntarenas_OTROS_Hidrometereológico
-0.08949101890639227,0.9473898556513854,6513,GPD,tail,21.39793168391183,0.090625,Puntarenas_OTROS_Hidrometereológico
-0.08949101890639227,0.9473898556513854,6514,GPD,tail,21.39793168391183,0.090625,Puntarenas_OTROS_Hidrometereológico
-0.08949101890639227,0.9473898556513854,6515,GPD,tail,21.39793168391183,0.090625,Puntarenas_OTROS_Hidrometereológico
-0.08949101890639227,0.9473898556513854,6516,GPD,tail,21.39793168391183,0.090625,Puntarenas_OTROS_Hidrometereológico
-0.08949101890639227,0.9473898556513854,6517,GPD,tail,21.39793168391183,0.090625,Puntarenas_OTROS_Hidrometereológico
-0.08949101890639227,0.9473898556513854,6518,GPD,tail,21.39793168391183,0.090625,Puntarenas_OTROS_Hidrometereológico
-0.08949101890639227,0.9473898556513854,6519,GPD,tail,21.39793168391183,0.090625,Puntarenas_OTROS_Hidrometereológico
-0.08949101890639227,0.9473898556513854,6520,GPD,tail,21.39793168391183,0.090625,Puntarenas_OTROS_Hidrometereológico
-0.08949101890639227,0.9473898556513854,6521,GPD,tail,21.39793168391183,0.090625,Puntarenas_OTROS_Hidrometereológico
-0.08949101890639227,0.9473898556513854,6522,GPD,tail,21.39793168391183,0.090625,Puntarenas_OTROS_Hidrometereológico
-0.08949101890639227,0.9473898556513854,6523,GPD,tail,21.39793168391183,0.090625,Puntarenas_OTROS_Hidrometereológico
-0.08949101890639227,0.9473898556513854,6524,GPD,tail,21.39793168391183,0.090625,Puntarenas_OTROS_Hidrometereológico
-0.08949101890639227,0.9473898556513854,6525,GPD,tail,21.39793168391183,0.090625,Puntarenas_OTROS_Hidrometereológico
-0.08949101890639227,0.9473898556513854,6526,GPD,tail,21.39793168391183,0.090625,Puntarenas_OTROS_Hidrometereológico
-0.08949101890639227,0.9473898556513854,6527,GPD,tail,21.39793168391183,0.090625,Puntarenas_OTROS_Hidrometereológico
-0.08949101890639227,0.9473898556513854,6528,GPD,tail,21.39793168391183,0.090625,Puntarenas_OTROS_Hidrometereológico
-0.08949101890639227,0.9473898556513854,6529,GPD,tail,21.39793168391183,0.090625,Puntarenas_OTROS_Hidrometereológico
-0.08949101890639227,0.9473898556513854,6530,GPD,tail,21.39793168391183,0.090625,Puntarenas_OTROS_Hidrometereológico
-0.08949101890639227,0.9473898556513854,6531,GPD,tail,21.39793168391183,0.090625,Puntarenas_OTROS_Hidrometereológico
-0.08949101890639227,0.9473898556513854,6532,GPD,tail,21.39793168391183,0.090625,Puntarenas_OTROS_Hidrometereológico
-0.08949101890639227,0.9473898556513854,6533,GPD,tail,21.39793168391183,0.090625,Puntarenas_OTROS_Hidrometereológico
-0.08949101890639227,0.9473898556513854,6534,GPD,tail,21.39793168391183,0.090625,Puntarenas_OTROS_Hidrometereológico
-0.08949101890639227,0.9473898556513854,6535,GPD,tail,21.39793168391183,0.090625,Puntarenas_OTROS_Hidrometereológico
-0.08949101890639227,0.9473898556513854,6536,GPD,tail,21.39793168391183,0.090625,Puntarenas_OTROS_Hidrometereológico
-0.08949101890639227,0.9473898556513854,6537,GPD,tail,21.39793168391183,0.090625,Puntarenas_OTROS_Hidrometereológico
-0.08949101890639227,0.9473898556513854,6538,GPD,tail,21.39793168391183,0.090625,Puntarenas_OTROS_Hidrometereológico
-0.08949101890639227,0.9473898556513854,6539,GPD,tail,21.39793168391183,0.090625,Puntarenas_OTROS_Hidrometereológico
-0.08949101890639227,0.9473898556513854,6540,GPD,tail,21.39793168391183,0.090625,Puntarenas_OTROS_Hidrometereológico
-0.08949101890639227,0.9473898556513854,6541,GPD,tail,21.39793168391183,0.090625,Puntarenas_OTROS_Hidrometereológico
-0.08949101890639227,0.9473898556513854,6542,GPD,tail,21.39793168391183,0.090625,Puntarenas_OTROS_Hidrometereológico
-0.08949101890639227,0.9473898556513854,6543,GPD,tail,21.39793168391183,0.090625,Puntarenas_OTROS_Hidrometereológico
-0.08949101890639227,0.9473898556513854,6544,GPD,tail,21.39793168391183,0.090625,Puntarenas_OTROS_Hidrometereológico
-0.08949101890639227,0.9473898556513854,6545,GPD,tail,21.39793168391183,0.090625,Puntarenas_OTROS_Hidrometereológico
-0.08949101890639227,0.9473898556513854,6546,GPD,tail,21.39793168391183,0.090625,Puntarenas_OTROS_Hidrometereológico
-0.08949101890639227,0.9473898556513854,6547,GPD,tail,21.39793168391183,0.090625,Puntarenas_OTROS_Hidrometereológico
-0.08949101890639227,0.9473898556513854,6548,GPD,tail,21.39793168391183,0.090625,Puntarenas_OTROS_Hidrometereológico
-0.08949101890639227,0.9473898556513854,6549,GPD,tail,21.39793168391183,0.090625,Puntarenas_OTROS_Hidrometereológico
-0.08949101890639227,0.9473898556513854,6550,GPD,tail,21.39793168391183,0.090625,Puntarenas_OTROS_Hidrometereológico
-0.08949101890639227,0.9473898556513854,6551,GPD,tail,21.39793168391183,0.090625,Puntarenas_OTROS_Hidrometereológico
-0.08949101890639227,0.9473898556513854,6552,GPD,tail,21.39793168391183,0.090625,Puntarenas_OTROS_Hidrometereológico
-0.08949101890639227,0.9473898556513854,6553,GPD,tail,21.39793168391183,0.090625,Puntarenas_OTROS_Hidrometereológico
-0.08949101890639227,0.9473898556513854,6554,GPD,tail,21.39793168391183,0.090625,Puntarenas_OTROS_Hidrometereológico
-0.08949101890639227,0.9473898556513854,6555,GPD,tail,21.39793168391183,0.090625,Puntarenas_OTROS_Hidrometereológico
-0.08949101890639227,0.9473898556513854,6556,GPD,tail,21.39793168391183,0.090625,Puntarenas_OTROS_Hidrometereológico
-0.08949101890639227,0.9473898556513854,6557,GPD,tail,21.39793168391183,0.090625,Puntarenas_OTROS_Hidrometereológico
-0.08949101890639227,0.9473898556513854,6558,GPD,tail,21.39793168391183,0.090625,Puntarenas_OTROS_Hidrometereológico
-0.08949101890639227,0.9473898556513854,6559,GPD,tail,21.39793168391183,0.090625,Puntarenas_OTROS_Hidrometereológico
-0.08949101890639227,0.9473898556513854,6560,GPD,tail,21.39793168391183,0.090625,Puntarenas_OTROS_Hidrometereológico
-0.08949101890639227,0.9473898556513854,6561,GPD,tail,21.39793168391183,0.090625,Puntarenas_OTROS_Hidrometereológico
-0.08949101890639227,0.9473898556513854,6562,GPD,tail,21.39793168391183,0.090625,Puntarenas_OTROS_Hidrometereológico
-0.08949101890639227,0.9473898556513854,6563,GPD,tail,21.39793168391183,0.090625,Puntarenas_OTROS_Hidrometereológico
-0.08949101890639227,0.9473898556513854,6564,GPD,tail,21.39793168391183,0.090625,Puntarenas_OTROS_Hidrometereológico
-0.08949101890639227,0.9473898556513854,6565,GPD,tail,21.39793168391183,0.090625,Puntarenas_OTROS_Hidrometereológico
-0.08949101890639227,0.9473898556513854,6566,GPD,tail,21.39793168391183,0.090625,Puntarenas_OTROS_Hidrometereológico
-0.08949101890639227,0.9473898556513854,6567,GPD,tail,21.39793168391183,0.090625,Puntarenas_OTROS_Hidrometereológico
-0.08949101890639227,0.9473898556513854,6568,GPD,tail,21.39793168391183,0.090625,Puntarenas_OTROS_Hidrometereológico
-0.08949101890639227,0.9473898556513854,6569,GPD,tail,21.39793168391183,0.090625,Puntarenas_OTROS_Hidrometereológico
-0.08949101890639227,0.9473898556513854,6570,GPD,tail,21.39793168391183,0.090625,Puntarenas_OTROS_Hidrometereológico
-0.08949101890639227,0.9473898556513854,6571,GPD,tail,21.39793168391183,0.090625,Puntarenas_OTROS_Hidrometereológico
-0.08949101890639227,0.9473898556513854,6572,GPD,tail,21.39793168391183,0.090625,Puntarenas_OTROS_Hidrometereológico
-0.08949101890639227,0.9473898556513854,6573,GPD,tail,21.39793168391183,0.090625,Puntarenas_OTROS_Hidrometereológico
-0.08949101890639227,0.9473898556513854,6574,GPD,tail,21.39793168391183,0.090625,Puntarenas_OTROS_Hidrometereológico
-0.08949101890639227,0.9473898556513854,6575,GPD,tail,21.39793168391183,0.090625,Puntarenas_OTROS_Hidrometereológico
-0.08949101890639227,0.9473898556513854,6576,GPD,tail,21.39793168391183,0.090625,Puntarenas_OTROS_Hidrometereológico
-0.10600917131858183,0.8457567806712559,6577,GPD,tail,21.39793168391183,0.090625,Puntarenas_OTROS_Hidrometereológico
-0.10600917131858183,0.8457567806712559,6578,GPD,tail,21.39793168391183,0.090625,Puntarenas_OTROS_Hidrometereológico
-0.10600917131858183,0.8457567806712559,6579,GPD,tail,21.39793168391183,0.090625,Puntarenas_OTROS_Hidrometereológico
-0.10600917131858183,0.8457567806712559,6580,GPD,tail,21.39793168391183,0.090625,Puntarenas_OTROS_Hidrometereológico
-0.10600917131858183,0.8457567806712559,6581,GPD,tail,21.39793168391183,0.090625,Puntarenas_OTROS_Hidrometereológico
-0.10600917131858183,0.8457567806712559,6582,GPD,tail,21.39793168391183,0.090625,Puntarenas_OTROS_Hidrometereológico
0.013048600791699463,0.8860515605799241,6583,GPD,tail,21.39793168391183,0.090625,Puntarenas_OTROS_Hidrometereológico
0.013048600791699463,0.8860515605799241,6584,GPD,tail,21.39793168391183,0.090625,Puntarenas_OTROS_Hidrometereológico
0.013048600791699463,0.8860515605799241,6585,GPD,tail,21.39793168391183,0.090625,Puntarenas_OTROS_Hidrometereológico
0.013048600791699463,0.8860515605799241,6586,GPD,tail,21.39793168391183,0.090625,Puntarenas_OTROS_Hidrometereológico
0.013048600791699463,0.8860515605799241,6587,GPD,tail,21.39793168391183,0.090625,Puntarenas_OTROS_Hidrometereológico
0.013048600791699463,0.8860515605799241,6588,GPD,tail,21.39793168391183,0.090625,Puntarenas_OTROS_Hidrometereológico
0.013048600791699463,0.8860515605799241,6589,GPD,tail,21.39793168391183,0.090625,Puntarenas_OTROS_Hidrometereológico
0.013048600791699463,0.8860515605799241,6590,GPD,tail,21.39793168391183,0.090625,Puntarenas_OTROS_Hidrometereológico
0.013048600791699463,0.8860515605799241,6591,GPD,tail,21.39793168391183,0.090625,Puntarenas_OTROS_Hidrometereológico
0.013048600791699463,0.8860515605799241,6592,GPD,tail,21.39793168391183,0.090625,Puntarenas_OTROS_Hidrometereológico
0.013048600791699463,0.8860515605799241,6593,GPD,tail,21.39793168391183,0.090625,Puntarenas_OTROS_Hidrometereológico
0.09160477033744453,0.8060990643790455,6594,GPD,tail,21.39793168391183,0.090625,Puntarenas_OTROS_Hidrometereológico
0.09160477033744453,0.8060990643790455,6595,GPD,tail,21.39793168391183,0.090625,Puntarenas_OTROS_Hidrometereológico
0.09160477033744453,0.8060990643790455,6596,GPD,tail,21.39793168391183,0.090625,Puntarenas_OTROS_Hidrometereológico
-0.05672037894965058,0.7422647078348824,6597,GPD,tail,21.39793168391183,0.090625,Puntarenas_OTROS_Hidrometereológico
-0.05672037894965058,0.7422647078348824,6598,GPD,tail,21.39793168391183,0.090625,Puntarenas_OTROS_Hidrometereológico
-0.05672037894965058,0.7422647078348824,6599,GPD,tail,21.39793168391183,0.090625,Puntarenas_OTROS_Hidrometereológico
-0.05672037894965058,0.7422647078348824,6600,GPD,tail,21.39793168391183,0.090625,Puntarenas_OTROS_Hidrometereológico
-0.05672037894965058,0.7422647078348824,6601,GPD,tail,21.39793168391183,0.090625,Puntarenas_OTROS_Hidrometereológico
-0.05672037894965058,0.7422647078348824,6602,GPD,tail,21.39793168391183,0.090625,Puntarenas_OTROS_Hidrometereológico
-0.05672037894965058,0.7422647078348824,6603,GPD,tail,21.39793168391183,0.090625,Puntarenas_OTROS_Hidrometereológico
-0.05672037894965058,0.7422647078348824,6604,GPD,tail,21.39793168391183,0.090625,Puntarenas_OTROS_Hidrometereológico
-0.05672037894965058,0.7422647078348824,6605,GPD,tail,21.39793168391183,0.090625,Puntarenas_OTROS_Hidrometereológico
-0.05672037894965058,0.7422647078348824,6606,GPD,tail,21.39793168391183,0.090625,Puntarenas_OTROS_Hidrometereológico
-0.05672037894965058,0.7422647078348824,6607,GPD,tail,21.39793168391183,0.090625,Puntarenas_OTROS_Hidrometereológico
-0.05672037894965058,0.7422647078348824,6608,GPD,tail,21.39793168391183,0.090625,Puntarenas_OTROS_Hidrometereológico
-0.05672037894965058,0.7422647078348824,6609,GPD,tail,21.39793168391183,0.090625,Puntarenas_OTROS_Hidrometereológico
-0.05672037894965058,0.7422647078348824,6610,GPD,tail,21.39793168391183,0.090625,Puntarenas_OTROS_Hidrometereológico
-0.05672037894965058,0.7422647078348824,6611,GPD,tail,21.39793168391183,0.090625,Puntarenas_OTROS_Hidrometereológico
-0.05672037894965058,0.7422647078348824,6612,GPD,tail,21.39793168391183,0.090625,Puntarenas_OTROS_Hidrometereológico
-0.05672037894965058,0.7422647078348824,6613,GPD,tail,21.39793168391183,0.090625,Puntarenas_OTROS_Hidrometereológico
-0.05672037894965058,0.7422647078348824,6614,GPD,tail,21.39793168391183,0.090625,Puntarenas_OTROS_Hidrometereológico
-0.05672037894965058,0.7422647078348824,6615,GPD,tail,21.39793168391183,0.090625,Puntarenas_OTROS_Hidrometereológico
-0.05672037894965058,0.7422647078348824,6616,GPD,tail,21.39793168391183,0.090625,Puntarenas_OTROS_Hidrometereológico
-0.13653188276606773,0.8585776144753807,6617,GPD,tail,21.39793168391183,0.090625,Puntarenas_OTROS_Hidrometereológico
-0.13653188276606773,0.8585776144753807,6618,GPD,tail,21.39793168391183,0.090625,Puntarenas_OTROS_Hidrometereológico
-0.13653188276606773,0.8585776144753807,6619,GPD,tail,21.39793168391183,0.090625,Puntarenas_OTROS_Hidrometereológico
-0.13653188276606773,0.8585776144753807,6620,GPD,tail,21.39793168391183,0.090625,Puntarenas_OTROS_Hidrometereológico
-0.13653188276606773,0.8585776144753807,6621,GPD,tail,21.39793168391183,0.090625,Puntarenas_OTROS_Hidrometereológico
-0.13653188276606773,0.8585776144753807,6622,GPD,tail,21.39793168391183,0.090625,Puntarenas_OTROS_Hidrometereológico
-0.13653188276606773,0.8585776144753807,6623,GPD,tail,21.39793168391183,0.090625,Puntarenas_OTROS_Hidrometereológico
-0.13653188276606773,0.8585776144753807,6624,GPD,tail,21.39793168391183,0.090625,Puntarenas_OTROS_Hidrometereológico
-0.13653188276606773,0.8585776144753807,6625,GPD,tail,21.39793168391183,0.090625,Puntarenas_OTROS_Hidrometereológico
-0.13653188276606773,0.8585776144753807,6626,GPD,tail,21.39793168391183,0.090625,Puntarenas_OTROS_Hidrometereológico
-0.13653188276606773,0.8585776144753807,6627,GPD,tail,21.39793168391183,0.090625,Puntarenas_OTROS_Hidrometereológico
-0.13653188276606773,0.8585776144753807,6628,GPD,tail,21.39793168391183,0.090625,Puntarenas_OTROS_Hidrometereológico
-0.13653188276606773,0.8585776144753807,6629,GPD,tail,21.39793168391183,0.090625,Puntarenas_OTROS_Hidrometereológico
-0.13653188276606773,0.8585776144753807,6630,GPD,tail,21.39793168391183,0.090625,Puntarenas_OTROS_Hidrometereológico
-0.13653188276606773,0.8585776144753807,6631,GPD,tail,21.39793168391183,0.090625,Puntarenas_OTROS_Hidrometereológico
-0.13653188276606773,0.8585776144753807,6632,GPD,tail,21.39793168391183,0.090625,Puntarenas_OTROS_Hidrometereológico
-0.13653188276606773,0.8585776144753807,6633,GPD,tail,21.39793168391183,0.090625,Puntarenas_OTROS_Hidrometereológico
-0.13653188276606773,0.8585776144753807,6634,GPD,tail,21.39793168391183,0.090625,Puntarenas_OTROS_Hidrometereológico
-0.13653188276606773,0.8585776144753807,6635,GPD,tail,21.39793168391183,0.090625,Puntarenas_OTROS_Hidrometereológico
-0.13653188276606773,0.8585776144753807,6636,GPD,tail,21.39793168391183,0.090625,Puntarenas_OTROS_Hidrometereológico
-0.13653188276606773,0.8585776144753807,6637,GPD,tail,21.39793168391183,0.090625,Puntarenas_OTROS_Hidrometereológico
-0.13653188276606773,0.8585776144753807,6638,GPD,tail,21.39793168391183,0.090625,Puntarenas_OTROS_Hidrometereológico
-0.07626703837522178,0.8781280758893997,6639,GPD,tail,21.39793168391183,0.090625,Puntarenas_OTROS_Hidrometereológico
-0.07626703837522178,0.8781280758893997,6640,GPD,tail,21.39793168391183,0.090625,Puntarenas_OTROS_Hidrometereológico
-0.07626703837522178,0.8781280758893997,6641,GPD,tail,21.39793168391183,0.090625,Puntarenas_OTROS_Hidrometereológico
-0.07626703837522178,0.8781280758893997,6642,GPD,tail,21.39793168391183,0.090625,Puntarenas_OTROS_Hidrometereológico
-0.07626703837522178,0.8781280758893997,6643,GPD,tail,21.39793168391183,0.090625,Puntarenas_OTROS_Hidrometereológico
-0.0982609519412501,0.8522286561115817,6644,GPD,tail,21.39793168391183,0.090625,Puntarenas_OTROS_Hidrometereológico
-0.0982609519412501,0.8522286561115817,6645,GPD,tail,21.39793168391183,0.090625,Puntarenas_OTROS_Hidrometereológico
-0.0982609519412501,0.8522286561115817,6646,GPD,tail,21.39793168391183,0.090625,Puntarenas_OTROS_Hidrometereológico
-0.0982609519412501,0.8522286561115817,6647,GPD,tail,21.39793168391183,0.090625,Puntarenas_OTROS_Hidrometereológico
-0.0982609519412501,0.8522286561115817,6648,GPD,tail,21.39793168391183,0.090625,Puntarenas_OTROS_Hidrometereológico
-0.0982609519412501,0.8522286561115817,6649,GPD,tail,21.39793168391183,0.090625,Puntarenas_OTROS_Hidrometereológico
-0.0982609519412501,0.8522286561115817,6650,GPD,tail,21.39793168391183,0.090625,Puntarenas_OTROS_Hidrometereológico
-0.0982609519412501,0.8522286561115817,6651,GPD,tail,21.39793168391183,0.090625,Puntarenas_OTROS_Hidrometereológico
-0.0982609519412501,0.8522286561115817,6652,GPD,tail,21.39793168391183,0.090625,Puntarenas_OTROS_Hidrometereológico
-0.0982609519412501,0.8522286561115817,6653,GPD,tail,21.39793168391183,0.090625,Puntarenas_OTROS_Hidrometereológico
-0.0982609519412501,0.8522286561115817,6654,GPD,tail,21.39793168391183,0.090625,Puntarenas_OTROS_Hidrometereológico
-0.0982609519412501,0.8522286561115817,6655,GPD,tail,21.39793168391183,0.090625,Puntarenas_OTROS_Hidrometereológico
-0.0982609519412501,0.8522286561115817,6656,GPD,tail,21.39793168391183,0.090625,Puntarenas_OTROS_Hidrometereológico
-0.0982609519412501,0.8522286561115817,6657,GPD,tail,21.39793168391183,0.090625,Puntarenas_OTROS_Hidrometereológico
-0.0982609519412501,0.8522286561115817,6658,GPD,tail,21.39793168391183,0.090625,Puntarenas_OTROS_Hidrometereológico
-0.0982609519412501,0.8522286561115817,6659,GPD,tail,21.39793168391183,0.090625,Puntarenas_OTROS_Hidrometereológico
-0.0982609519412501,0.8522286561115817,6660,GPD,tail,21.39793168391183,0.090625,Puntarenas_OTROS_Hidrometereológico
-0.0982609519412501,0.8522286561115817,6661,GPD,tail,21.39793168391183,0.090625,Puntarenas_OTROS_Hidrometereológico
-0.0982609519412501,0.8522286561115817,6662,GPD,tail,21.39793168391183,0.090625,Puntarenas_OTROS_Hidrometereológico
-0.0982609519412501,0.8522286561115817,6663,GPD,tail,21.39793168391183,0.090625,Puntarenas_OTROS_Hidrometereológico
-0.0982609519412501,0.8522286561115817,6664,GPD,tail,21.39793168391183,0.090625,Puntarenas_OTROS_Hidrometereológico
-0.0982609519412501,0.8522286561115817,6665,GPD,tail,21.39793168391183,0.090625,Puntarenas_OTROS_Hidrometereológico
-0.0982609519412501,0.8522286561115817,6666,GPD,tail,21.39793168391183,0.090625,Puntarenas_OTROS_Hidrometereológico
-0.0982609519412501,0.8522286561115817,6667,GPD,tail,21.39793168391183,0.090625,Puntarenas_OTROS_Hidrometereológico
-0.0982609519412501,0.8522286561115817,6668,GPD,tail,21.39793168391183,0.090625,Puntarenas_OTROS_Hidrometereológico
-0.0982609519412501,0.8522286561115817,6669,GPD,tail,21.39793168391183,0.090625,Puntarenas_OTROS_Hidrometereológico
-0.0982609519412501,0.8522286561115817,6670,GPD,tail,21.39793168391183,0.090625,Puntarenas_OTROS_Hidrometereológico
-0.0982609519412501,0.8522286561115817,6671,GPD,tail,21.39793168391183,0.090625,Puntarenas_OTROS_Hidrometereológico
-0.0982609519412501,0.8522286561115817,6672,GPD,tail,21.39793168391183,0.090625,Puntarenas_OTROS_Hidrometereológico
-0.0982609519412501,0.8522286561115817,6673,GPD,tail,21.39793168391183,0.090625,Puntarenas_OTROS_Hidrometereológico
-0.0982609519412501,0.8522286561115817,6674,GPD,tail,21.39793168391183,0.090625,Puntarenas_OTROS_Hidrometereológico
-0.0982609519412501,0.8522286561115817,6675,GPD,tail,21.39793168391183,0.090625,Puntarenas_OTROS_Hidrometereológico
-0.0982609519412501,0.8522286561115817,6676,GPD,tail,21.39793168391183,0.090625,Puntarenas_OTROS_Hidrometereológico
-0.0982609519412501,0.8522286561115817,6677,GPD,tail,21.39793168391183,0.090625,Puntarenas_OTROS_Hidrometereológico
-0.0982609519412501,0.8522286561115817,6678,GPD,tail,21.39793168391183,0.090625,Puntarenas_OTROS_Hidrometereológico
-0.0982609519412501,0.8522286561115817,6679,GPD,tail,21.39793168391183,0.090625,Puntarenas_OTROS_Hidrometereológico
-0.0982609519412501,0.8522286561115817,6680,GPD,tail,21.39793168391183,0.090625,Puntarenas_OTROS_Hidrometereológico
-0.0982609519412501,0.8522286561115817,6681,GPD,tail,21.39793168391183,0.090625,Puntarenas_OTROS_Hidrometereológico
-0.0982609519412501,0.8522286561115817,6682,GPD,tail,21.39793168391183,0.090625,Puntarenas_OTROS_Hidrometereológico
-0.0982609519412501,0.8522286561115817,6683,GPD,tail,21.39793168391183,0.090625,Puntarenas_OTROS_Hidrometereológico
-0.0982609519412501,0.8522286561115817,6684,GPD,tail,21.39793168391183,0.090625,Puntarenas_OTROS_Hidrometereológico
-0.0982609519412501,0.8522286561115817,6685,GPD,tail,21.39793168391183,0.090625,Puntarenas_OTROS_Hidrometereológico
-0.0982609519412501,0.8522286561115817,6686,GPD,tail,21.39793168391183,0.090625,Puntarenas_OTROS_Hidrometereológico
-0.0982609519412501,0.8522286561115817,6687,GPD,tail,21.39793168391183,0.090625,Puntarenas_OTROS_Hidrometereológico
-0.0982609519412501,0.8522286561115817,6688,GPD,tail,21.39793168391183,0.090625,Puntarenas_OTROS_Hidrometereológico
-0.0982609519412501,0.8522286561115817,6689,GPD,tail,21.39793168391183,0.090625,Puntarenas_OTROS_Hidrometereológico
-0.0982609519412501,0.8522286561115817,6690,GPD,tail,21.39793168391183,0.090625,Puntarenas_OTROS_Hidrometereológico
-0.0982609519412501,0.8522286561115817,6691,GPD,tail,21.39793168391183,0.090625,Puntarenas_OTROS_Hidrometereológico
-0.0982609519412501,0.8522286561115817,6692,GPD,tail,21.39793168391183,0.090625,Puntarenas_OTROS_Hidrometereológico
-0.0982609519412501,0.8522286561115817,6693,GPD,tail,21.39793168391183,0.090625,Puntarenas_OTROS_Hidrometereológico
-0.0982609519412501,0.8522286561115817,6694,GPD,tail,21.39793168391183,0.090625,Puntarenas_OTROS_Hidrometereológico
-0.0982609519412501,0.8522286561115817,6695,GPD,tail,21.39793168391183,0.090625,Puntarenas_OTROS_Hidrometereológico
-0.0982609519412501,0.8522286561115817,6696,GPD,tail,21.39793168391183,0.090625,Puntarenas_OTROS_Hidrometereológico
-0.0982609519412501,0.8522286561115817,6697,GPD,tail,21.39793168391183,0.090625,Puntarenas_OTROS_Hidrometereológico
-0.0982609519412501,0.8522286561115817,6698,GPD,tail,21.39793168391183,0.090625,Puntarenas_OTROS_Hidrometereológico
-0.0982609519412501,0.8522286561115817,6699,GPD,tail,21.39793168391183,0.090625,Puntarenas_OTROS_Hidrometereológico
-0.0982609519412501,0.8522286561115817,6700,GPD,tail,21.39793168391183,0.090625,Puntarenas_OTROS_Hidrometereológico
-0.0982609519412501,0.8522286561115817,6701,GPD,tail,21.39793168391183,0.090625,Puntarenas_OTROS_Hidrometereológico
-0.0982609519412501,0.8522286561115817,6702,GPD,tail,21.39793168391183,0.090625,Puntarenas_OTROS_Hidrometereológico
-0.0982609519412501,0.8522286561115817,6703,GPD,tail,21.39793168391183,0.090625,Puntarenas_OTROS_Hidrometereológico
-0.0982609519412501,0.8522286561115817,6704,GPD,tail,21.39793168391183,0.090625,Puntarenas_OTROS_Hidrometereológico
-0.0982609519412501,0.8522286561115817,6705,GPD,tail,21.39793168391183,0.090625,Puntarenas_OTROS_Hidrometereológico
-0.0982609519412501,0.8522286561115817,6706,GPD,tail,21.39793168391183,0.090625,Puntarenas_OTROS_Hidrometereológico
-0.0982609519412501,0.8522286561115817,6707,GPD,tail,21.39793168391183,0.090625,Puntarenas_OTROS_Hidrometereológico
-0.0982609519412501,0.8522286561115817,6708,GPD,tail,21.39793168391183,0.090625,Puntarenas_OTROS_Hidrometereológico
0.032204562795841815,0.813225663489289,6709,GPD,tail,21.39793168391183,0.090625,Puntarenas_OTROS_Hidrometereológico
0.032204562795841815,0.813225663489289,6710,GPD,tail,21.39793168391183,0.090625,Puntarenas_OTROS_Hidrometereológico
0.032204562795841815,0.813225663489289,6711,GPD,tail,21.39793168391183,0.090625,Puntarenas_OTROS_Hidrometereológico
0.032204562795841815,0.813225663489289,6712,GPD,tail,21.39793168391183,0.090625,Puntarenas_OTROS_Hidrometereológico
0.032204562795841815,0.813225663489289,6713,GPD,tail,21.39793168391183,0.090625,Puntarenas_OTROS_Hidrometereológico
0.032204562795841815,0.813225663489289,6714,GPD,tail,21.39793168391183,0.090625,Puntarenas_OTROS_Hidrometereológico
0.032204562795841815,0.813225663489289,6715,GPD,tail,21.39793168391183,0.090625,Puntarenas_OTROS_Hidrometereológico
0.032204562795841815,0.813225663489289,6716,GPD,tail,21.39793168391183,0.090625,Puntarenas_OTROS_Hidrometereológico
0.032204562795841815,0.813225663489289,6717,GPD,tail,21.39793168391183,0.090625,Puntarenas_OTROS_Hidrometereológico
0.032204562795841815,0.813225663489289,6718,GPD,tail,21.39793168391183,0.090625,Puntarenas_OTROS_Hidrometereológico
0.032204562795841815,0.813225663489289,6719,GPD,tail,21.39793168391183,0.090625,Puntarenas_OTROS_Hidrometereológico
0.032204562795841815,0.813225663489289,6720,GPD,tail,21.39793168391183,0.090625,Puntarenas_OTROS_Hidrometereológico
0.032204562795841815,0.813225663489289,6721,GPD,tail,21.39793168391183,0.090625,Puntarenas_OTROS_Hidrometereológico
0.032204562795841815,0.813225663489289,6722,GPD,tail,21.39793168391183,0.090625,Puntarenas_OTROS_Hidrometereológico
0.032204562795841815,0.813225663489289,6723,GPD,tail,21.39793168391183,0.090625,Puntarenas_OTROS_Hidrometereológico
0.032204562795841815,0.813225663489289,6724,GPD,tail,21.39793168391183,0.090625,Puntarenas_OTROS_Hidrometereológico
0.032204562795841815,0.813225663489289,6725,GPD,tail,21.39793168391183,0.090625,Puntarenas_OTROS_Hidrometereológico
0.032204562795841815,0.813225663489289,6726,GPD,tail,21.39793168391183,0.090625,Puntarenas_OTROS_Hidrometereológico
0.032204562795841815,0.813225663489289,6727,GPD,tail,21.39793168391183,0.090625,Puntarenas_OTROS_Hidrometereológico
0.032204562795841815,0.813225663489289,6728,GPD,tail,21.39793168391183,0.090625,Puntarenas_OTROS_Hidrometereológico
0.032204562795841815,0.813225663489289,6729,GPD,tail,21.39793168391183,0.090625,Puntarenas_OTROS_Hidrometereológico
0.032204562795841815,0.813225663489289,6730,GPD,tail,21.39793168391183,0.090625,Puntarenas_OTROS_Hidrometereológico
0.0017618773994592662,0.8191725892670917,6731,GPD,tail,21.39793168391183,0.090625,Puntarenas_OTROS_Hidrometereológico
-0.026579836808708797,0.8136032774357794,6732,GPD,tail,21.39793168391183,0.090625,Puntarenas_OTROS_Hidrometereológico
-0.026579836808708797,0.8136032774357794,6733,GPD,tail,21.39793168391183,0.090625,Puntarenas_OTROS_Hidrometereológico
-0.026579836808708797,0.8136032774357794,6734,GPD,tail,21.39793168391183,0.090625,Puntarenas_OTROS_Hidrometereológico
-0.026579836808708797,0.8136032774357794,6735,GPD,tail,21.39793168391183,0.090625,Puntarenas_OTROS_Hidrometereológico
-0.026579836808708797,0.8136032774357794,6736,GPD,tail,21.39793168391183,0.090625,Puntarenas_OTROS_Hidrometereológico
-0.026579836808708797,0.8136032774357794,6737,GPD,tail,21.39793168391183,0.090625,Puntarenas_OTROS_Hidrometereológico
-0.026579836808708797,0.8136032774357794,6738,GPD,tail,21.39793168391183,0.090625,Puntarenas_OTROS_Hidrometereológico
-0.026579836808708797,0.8136032774357794,6739,GPD,tail,21.39793168391183,0.090625,Puntarenas_OTROS_Hidrometereológico
-0.026579836808708797,0.8136032774357794,6740,GPD,tail,21.39793168391183,0.090625,Puntarenas_OTROS_Hidrometereológico
-0.026579836808708797,0.8136032774357794,6741,GPD,tail,21.39793168391183,0.090625,Puntarenas_OTROS_Hidrometereológico
-0.026579836808708797,0.8136032774357794,6742,GPD,tail,21.39793168391183,0.090625,Puntarenas_OTROS_Hidrometereológico
-0.026579836808708797,0.8136032774357794,6743,GPD,tail,21.39793168391183,0.090625,Puntarenas_OTROS_Hidrometereológico
-0.026579836808708797,0.8136032774357794,6744,GPD,tail,21.39793168391183,0.090625,Puntarenas_OTROS_Hidrometereológico
-0.026579836808708797,0.8136032774357794,6745,GPD,tail,21.39793168391183,0.090625,Puntarenas_OTROS_Hidrometereológico
-0.026579836808708797,0.8136032774357794,6746,GPD,tail,21.39793168391183,0.090625,Puntarenas_OTROS_Hidrometereológico
-0.026579836808708797,0.8136032774357794,6747,GPD,tail,21.39793168391183,0.090625,Puntarenas_OTROS_Hidrometereológico
-0.026579836808708797,0.8136032774357794,6748,GPD,tail,21.39793168391183,0.090625,Puntarenas_OTROS_Hidrometereológico
-0.026579836808708797,0.8136032774357794,6749,GPD,tail,21.39793168391183,0.090625,Puntarenas_OTROS_Hidrometereológico
-0.09864187019829682,0.8738057111406006,6750,GPD,tail,21.39793168391183,0.090625,Puntarenas_OTROS_Hidrometereológico
-0.09864187019829682,0.8738057111406006,6751,GPD,tail,21.39793168391183,0.090625,Puntarenas_OTROS_Hidrometereológico
-0.09864187019829682,0.8738057111406006,6752,GPD,tail,21.39793168391183,0.090625,Puntarenas_OTROS_Hidrometereológico
-0.09864187019829682,0.8738057111406006,6753,GPD,tail,21.39793168391183,0.090625,Puntarenas_OTROS_Hidrometereológico
-0.09864187019829682,0.8738057111406006,6754,GPD,tail,21.39793168391183,0.090625,Puntarenas_OTROS_Hidrometereológico
-0.09864187019829682,0.8738057111406006,6755,GPD,tail,21.39793168391183,0.090625,Puntarenas_OTROS_Hidrometereológico
-0.09864187019829682,0.8738057111406006,6756,GPD,tail,21.39793168391183,0.090625,Puntarenas_OTROS_Hidrometereológico
-0.09864187019829682,0.8738057111406006,6757,GPD,tail,21.39793168391183,0.090625,Puntarenas_OTROS_Hidrometereológico
-0.09864187019829682,0.8738057111406006,6758,GPD,tail,21.39793168391183,0.090625,Puntarenas_OTROS_Hidrometereológico
-0.09864187019829682,0.8738057111406006,6759,GPD,tail,21.39793168391183,0.090625,Puntarenas_OTROS_Hidrometereológico
-0.09864187019829682,0.8738057111406006,6760,GPD,tail,21.39793168391183,0.090625,Puntarenas_OTROS_Hidrometereológico
-0.09864187019829682,0.8738057111406006,6761,GPD,tail,21.39793168391183,0.090625,Puntarenas_OTROS_Hidrometereológico
-0.09864187019829682,0.8738057111406006,6762,GPD,tail,21.39793168391183,0.090625,Puntarenas_OTROS_Hidrometereológico
-0.1336741419403544,0.9512832524792428,6763,GPD,tail,21.39793168391183,0.090625,Puntarenas_OTROS_Hidrometereológico
-0.1336741419403544,0.9512832524792428,6764,GPD,tail,21.39793168391183,0.090625,Puntarenas_OTROS_Hidrometereológico
-0.1336741419403544,0.9512832524792428,6765,GPD,tail,21.39793168391183,0.090625,Puntarenas_OTROS_Hidrometereológico
-0.1336741419403544,0.9512832524792428,6766,GPD,tail,21.39793168391183,0.090625,Puntarenas_OTROS_Hidrometereológico
-0.1336741419403544,0.9512832524792428,6767,GPD,tail,21.39793168391183,0.090625,Puntarenas_OTROS_Hidrometereológico
-0.1336741419403544,0.9512832524792428,6768,GPD,tail,21.39793168391183,0.090625,Puntarenas_OTROS_Hidrometereológico
-0.1336741419403544,0.9512832524792428,6769,GPD,tail,21.39793168391183,0.090625,Puntarenas_OTROS_Hidrometereológico
-0.1336741419403544,0.9512832524792428,6770,GPD,tail,21.39793168391183,0.090625,Puntarenas_OTROS_Hidrometereológico
-0.1336741419403544,0.9512832524792428,6771,GPD,tail,21.39793168391183,0.090625,Puntarenas_OTROS_Hidrometereológico
-0.1336741419403544,0.9512832524792428,6772,GPD,tail,21.39793168391183,0.090625,Puntarenas_OTROS_Hidrometereológico
-0.14694366144605406,0.95162043455128,6773,GPD,tail,21.39793168391183,0.090625,Puntarenas_OTROS_Hidrometereológico
-0.14694366144605406,0.95162043455128,6774,GPD,tail,21.39793168391183,0.090625,Puntarenas_OTROS_Hidrometereológico
-0.14694366144605406,0.95162043455128,6775,GPD,tail,21.39793168391183,0.090625,Puntarenas_OTROS_Hidrometereológico
-0.14694366144605406,0.95162043455128,6776,GPD,tail,21.39793168391183,0.090625,Puntarenas_OTROS_Hidrometereológico
-0.14694366144605406,0.95162043455128,6777,GPD,tail,21.39793168391183,0.090625,Puntarenas_OTROS_Hidrometereológico
-0.14694366144605406,0.95162043455128,6778,GPD,tail,21.39793168391183,0.090625,Puntarenas_OTROS_Hidrometereológico
-0.14694366144605406,0.95162043455128,6779,GPD,tail,21.39793168391183,0.090625,Puntarenas_OTROS_Hidrometereológico
-0.14694366144605406,0.95162043455128,6780,GPD,tail,21.39793168391183,0.090625,Puntarenas_OTROS_Hidrometereológico
-0.14694366144605406,0.95162043455128,6781,GPD,tail,21.39793168391183,0.090625,Puntarenas_OTROS_Hidrometereológico
-0.10738374917664478,0.9418483662773421,6782,GPD,tail,21.39793168391183,0.090625,Puntarenas_OTROS_Hidrometereológico
-0.10738374917664478,0.9418483662773421,6783,GPD,tail,21.39793168391183,0.090625,Puntarenas_OTROS_Hidrometereológico
-0.10738374917664478,0.9418483662773421,6784,GPD,tail,21.39793168391183,0.090625,Puntarenas_OTROS_Hidrometereológico
-0.10738374917664478,0.9418483662773421,6785,GPD,tail,21.39793168391183,0.090625,Puntarenas_OTROS_Hidrometereológico
-0.10738374917664478,0.9418483662773421,6786,GPD,tail,21.39793168391183,0.090625,Puntarenas_OTROS_Hidrometereológico
-0.10738374917664478,0.9418483662773421,6787,GPD,tail,21.39793168391183,0.090625,Puntarenas_OTROS_Hidrometereológico
-0.10738374917664478,0.9418483662773421,6788,GPD,tail,21.39793168391183,0.090625,Puntarenas_OTROS_Hidrometereológico
-0.10738374917664478,0.9418483662773421,6789,GPD,tail,21.39793168391183,0.090625,Puntarenas_OTROS_Hidrometereológico
-0.10738374917664478,0.9418483662773421,6790,GPD,tail,21.39793168391183,0.090625,Puntarenas_OTROS_Hidrometereológico
-0.10738374917664478,0.9418483662773421,6791,GPD,tail,21.39793168391183,0.090625,Puntarenas_OTROS_Hidrometereológico
-0.10738374917664478,0.9418483662773421,6792,GPD,tail,21.39793168391183,0.090625,Puntarenas_OTROS_Hidrometereológico
-0.10738374917664478,0.9418483662773421,6793,GPD,tail,21.39793168391183,0.090625,Puntarenas_OTROS_Hidrometereológico
-0.10738374917664478,0.9418483662773421,6794,GPD,tail,21.39793168391183,0.090625,Puntarenas_OTROS_Hidrometereológico
-0.10738374917664478,0.9418483662773421,6795,GPD,tail,21.39793168391183,0.090625,Puntarenas_OTROS_Hidrometereológico
-0.10738374917664478,0.9418483662773421,6796,GPD,tail,21.39793168391183,0.090625,Puntarenas_OTROS_Hidrometereológico
-0.10738374917664478,0.9418483662773421,6797,GPD,tail,21.39793168391183,0.090625,Puntarenas_OTROS_Hidrometereológico
-0.10738374917664478,0.9418483662773421,6798,GPD,tail,21.39793168391183,0.090625,Puntarenas_OTROS_Hidrometereológico
-0.10738374917664478,0.9418483662773421,6799,GPD,tail,21.39793168391183,0.090625,Puntarenas_OTROS_Hidrometereológico
-0.10738374917664478,0.9418483662773421,6800,GPD,tail,21.39793168391183,0.090625,Puntarenas_OTROS_Hidrometereológico
-0.10738374917664478,0.9418483662773421,6801,GPD,tail,21.39793168391183,0.090625,Puntarenas_OTROS_Hidrometereológico
-0.10738374917664478,0.9418483662773421,6802,GPD,tail,21.39793168391183,0.090625,Puntarenas_OTROS_Hidrometereológico
-0.10738374917664478,0.9418483662773421,6803,GPD,tail,21.39793168391183,0.090625,Puntarenas_OTROS_Hidrometereológico
-0.10738374917664478,0.9418483662773421,6804,GPD,tail,21.39793168391183,0.090625,Puntarenas_OTROS_Hidrometereológico
-0.10738374917664478,0.9418483662773421,6805,GPD,tail,21.39793168391183,0.090625,Puntarenas_OTROS_Hidrometereológico
-0.10738374917664478,0.9418483662773421,6806,GPD,tail,21.39793168391183,0.090625,Puntarenas_OTROS_Hidrometereológico
-0.10738374917664478,0.9418483662773421,6807,GPD,tail,21.39793168391183,0.090625,Puntarenas_OTROS_Hidrometereológico
-0.10738374917664478,0.9418483662773421,6808,GPD,tail,21.39793168391183,0.090625,Puntarenas_OTROS_Hidrometereológico
-0.10738374917664478,0.9418483662773421,6809,GPD,tail,21.39793168391183,0.090625,Puntarenas_OTROS_Hidrometereológico
-0.10738374917664478,0.9418483662773421,6810,GPD,tail,21.39793168391183,0.090625,Puntarenas_OTROS_Hidrometereológico
-0.10738374917664478,0.9418483662773421,6811,GPD,tail,21.39793168391183,0.090625,Puntarenas_OTROS_Hidrometereológico
-0.10738374917664478,0.9418483662773421,6812,GPD,tail,21.39793168391183,0.090625,Puntarenas_OTROS_Hidrometereológico
-0.10738374917664478,0.9418483662773421,6813,GPD,tail,21.39793168391183,0.090625,Puntarenas_OTROS_Hidrometereológico
-0.10738374917664478,0.9418483662773421,6814,GPD,tail,21.39793168391183,0.090625,Puntarenas_OTROS_Hidrometereológico
-0.10738374917664478,0.9418483662773421,6815,GPD,tail,21.39793168391183,0.090625,Puntarenas_OTROS_Hidrometereológico
-0.10738374917664478,0.9418483662773421,6816,GPD,tail,21.39793168391183,0.090625,Puntarenas_OTROS_Hidrometereológico
-0.10738374917664478,0.9418483662773421,6817,GPD,tail,21.39793168391183,0.090625,Puntarenas_OTROS_Hidrometereológico
-0.10738374917664478,0.9418483662773421,6818,GPD,tail,21.39793168391183,0.090625,Puntarenas_OTROS_Hidrometereológico
-0.10738374917664478,0.9418483662773421,6819,GPD,tail,21.39793168391183,0.090625,Puntarenas_OTROS_Hidrometereológico
-0.10738374917664478,0.9418483662773421,6820,GPD,tail,21.39793168391183,0.090625,Puntarenas_OTROS_Hidrometereológico
-0.10738374917664478,0.9418483662773421,6821,GPD,tail,21.39793168391183,0.090625,Puntarenas_OTROS_Hidrometereológico
-0.10738374917664478,0.9418483662773421,6822,GPD,tail,21.39793168391183,0.090625,Puntarenas_OTROS_Hidrometereológico
-0.10738374917664478,0.9418483662773421,6823,GPD,tail,21.39793168391183,0.090625,Puntarenas_OTROS_Hidrometereológico
-0.10738374917664478,0.9418483662773421,6824,GPD,tail,21.39793168391183,0.090625,Puntarenas_OTROS_Hidrometereológico
-0.10738374917664478,0.9418483662773421,6825,GPD,tail,21.39793168391183,0.090625,Puntarenas_OTROS_Hidrometereológico
-0.10738374917664478,0.9418483662773421,6826,GPD,tail,21.39793168391183,0.090625,Puntarenas_OTROS_Hidrometereológico
-0.10738374917664478,0.9418483662773421,6827,GPD,tail,21.39793168391183,0.090625,Puntarenas_OTROS_Hidrometereológico
-0.10738374917664478,0.9418483662773421,6828,GPD,tail,21.39793168391183,0.090625,Puntarenas_OTROS_Hidrometereológico
-0.10738374917664478,0.9418483662773421,6829,GPD,tail,21.39793168391183,0.090625,Puntarenas_OTROS_Hidrometereológico
-0.10738374917664478,0.9418483662773421,6830,GPD,tail,21.39793168391183,0.090625,Puntarenas_OTROS_Hidrometereológico
-0.10738374917664478,0.9418483662773421,6831,GPD,tail,21.39793168391183,0.090625,Puntarenas_OTROS_Hidrometereológico
-0.10738374917664478,0.9418483662773421,6832,GPD,tail,21.39793168391183,0.090625,Puntarenas_OTROS_Hidrometereológico
-0.10738374917664478,0.9418483662773421,6833,GPD,tail,21.39793168391183,0.090625,Puntarenas_OTROS_Hidrometereológico
-0.10738374917664478,0.9418483662773421,6834,GPD,tail,21.39793168391183,0.090625,Puntarenas_OTROS_Hidrometereológico
-0.10738374917664478,0.9418483662773421,6835,GPD,tail,21.39793168391183,0.090625,Puntarenas_OTROS_Hidrometereológico
-0.10738374917664478,0.9418483662773421,6836,GPD,tail,21.39793168391183,0.090625,Puntarenas_OTROS_Hidrometereológico
-0.10738374917664478,0.9418483662773421,6837,GPD,tail,21.39793168391183,0.090625,Puntarenas_OTROS_Hidrometereológico
-0.10738374917664478,0.9418483662773421,6838,GPD,tail,21.39793168391183,0.090625,Puntarenas_OTROS_Hidrometereológico
-0.10738374917664478,0.9418483662773421,6839,GPD,tail,21.39793168391183,0.090625,Puntarenas_OTROS_Hidrometereológico
-0.10738374917664478,0.9418483662773421,6840,GPD,tail,21.39793168391183,0.090625,Puntarenas_OTROS_Hidrometereológico
-0.10738374917664478,0.9418483662773421,6841,GPD,tail,21.39793168391183,0.090625,Puntarenas_OTROS_Hidrometereológico
-0.10738374917664478,0.9418483662773421,6842,GPD,tail,21.39793168391183,0.090625,Puntarenas_OTROS_Hidrometereológico
-0.10738374917664478,0.9418483662773421,6843,GPD,tail,21.39793168391183,0.090625,Puntarenas_OTROS_Hidrometereológico
-0.10738374917664478,0.9418483662773421,6844,GPD,tail,21.39793168391183,0.090625,Puntarenas_OTROS_Hidrometereológico
-0.10738374917664478,0.9418483662773421,6845,GPD,tail,21.39793168391183,0.090625,Puntarenas_OTROS_Hidrometereológico
-0.10738374917664478,0.9418483662773421,6846,GPD,tail,21.39793168391183,0.090625,Puntarenas_OTROS_Hidrometereológico
-0.10738374917664478,0.9418483662773421,6847,GPD,tail,21.39793168391183,0.090625,Puntarenas_OTROS_Hidrometereológico
-0.10738374917664478,0.9418483662773421,6848,GPD,tail,21.39793168391183,0.090625,Puntarenas_OTROS_Hidrometereológico
-0.10738374917664478,0.9418483662773421,6849,GPD,tail,21.39793168391183,0.090625,Puntarenas_OTROS_Hidrometereológico
-0.10738374917664478,0.9418483662773421,6850,GPD,tail,21.39793168391183,0.090625,Puntarenas_OTROS_Hidrometereológico
-0.10738374917664478,0.9418483662773421,6851,GPD,tail,21.39793168391183,0.090625,Puntarenas_OTROS_Hidrometereológico
-0.10738374917664478,0.9418483662773421,6852,GPD,tail,21.39793168391183,0.090625,Puntarenas_OTROS_Hidrometereológico
-0.10738374917664478,0.9418483662773421,6853,GPD,tail,21.39793168391183,0.090625,Puntarenas_OTROS_Hidrometereológico
-0.10738374917664478,0.9418483662773421,6854,GPD,tail,21.39793168391183,0.090625,Puntarenas_OTROS_Hidrometereológico
-0.10738374917664478,0.9418483662773421,6855,GPD,tail,21.39793168391183,0.090625,Puntarenas_OTROS_Hidrometereológico
-0.10738374917664478,0.9418483662773421,6856,GPD,tail,21.39793168391183,0.090625,Puntarenas_OTROS_Hidrometereológico
-0.10738374917664478,0.9418483662773421,6857,GPD,tail,21.39793168391183,0.090625,Puntarenas_OTROS_Hidrometereológico
-0.10738374917664478,0.9418483662773421,6858,GPD,tail,21.39793168391183,0.090625,Puntarenas_OTROS_Hidrometereológico
-0.10738374917664478,0.9418483662773421,6859,GPD,tail,21.39793168391183,0.090625,Puntarenas_OTROS_Hidrometereológico
-0.10738374917664478,0.9418483662773421,6860,GPD,tail,21.39793168391183,0.090625,Puntarenas_OTROS_Hidrometereológico
-0.10738374917664478,0.9418483662773421,6861,GPD,tail,21.39793168391183,0.090625,Puntarenas_OTROS_Hidrometereológico
-0.10738374917664478,0.9418483662773421,6862,GPD,tail,21.39793168391183,0.090625,Puntarenas_OTROS_Hidrometereológico
-0.10738374917664478,0.9418483662773421,6863,GPD,tail,21.39793168391183,0.090625,Puntarenas_OTROS_Hidrometereológico
-0.10738374917664478,0.9418483662773421,6864,GPD,tail,21.39793168391183,0.090625,Puntarenas_OTROS_Hidrometereológico
-0.10738374917664478,0.9418483662773421,6865,GPD,tail,21.39793168391183,0.090625,Puntarenas_OTROS_Hidrometereológico
-0.10738374917664478,0.9418483662773421,6866,GPD,tail,21.39793168391183,0.090625,Puntarenas_OTROS_Hidrometereológico
-0.10014881010891241,0.928366927327954,6867,GPD,tail,21.39793168391183,0.090625,Puntarenas_OTROS_Hidrometereológico
-0.10014881010891241,0.928366927327954,6868,GPD,tail,21.39793168391183,0.090625,Puntarenas_OTROS_Hidrometereológico
-0.10014881010891241,0.928366927327954,6869,GPD,tail,21.39793168391183,0.090625,Puntarenas_OTROS_Hidrometereológico
-0.10014881010891241,0.928366927327954,6870,GPD,tail,21.39793168391183,0.090625,Puntarenas_OTROS_Hidrometereológico
-0.0757690483244981,0.916184899348806,6871,GPD,tail,21.39793168391183,0.090625,Puntarenas_OTROS_Hidrometereológico
-0.0757690483244981,0.916184899348806,6872,GPD,tail,21.39793168391183,0.090625,Puntarenas_OTROS_Hidrometereológico
-0.0757690483244981,0.916184899348806,6873,GPD,tail,21.39793168391183,0.090625,Puntarenas_OTROS_Hidrometereológico
-0.0757690483244981,0.916184899348806,6874,GPD,tail,21.39793168391183,0.090625,Puntarenas_OTROS_Hidrometereológico
-0.0757690483244981,0.916184899348806,6875,GPD,tail,21.39793168391183,0.090625,Puntarenas_OTROS_Hidrometereológico
-0.0757690483244981,0.916184899348806,6876,GPD,tail,21.39793168391183,0.090625,Puntarenas_OTROS_Hidrometereológico
-0.14851750065511918,0.8825968738006723,6877,GPD,tail,21.39793168391183,0.090625,Puntarenas_OTROS_Hidrometereológico
-0.14851750065511918,0.8825968738006723,6878,GPD,tail,21.39793168391183,0.090625,Puntarenas_OTROS_Hidrometereológico
-0.14851750065511918,0.8825968738006723,6879,GPD,tail,21.39793168391183,0.090625,Puntarenas_OTROS_Hidrometereológico
-0.14851750065511918,0.8825968738006723,6880,GPD,tail,21.39793168391183,0.090625,Puntarenas_OTROS_Hidrometereológico
-0.14851750065511918,0.8825968738006723,6881,GPD,tail,21.39793168391183,0.090625,Puntarenas_OTROS_Hidrometereológico
-0.14851750065511918,0.8825968738006723,6882,GPD,tail,21.39793168391183,0.090625,Puntarenas_OTROS_Hidrometereológico
-0.14851750065511918,0.8825968738006723,6883,GPD,tail,21.39793168391183,0.090625,Puntarenas_OTROS_Hidrometereológico
-0.14851750065511918,0.8825968738006723,6884,GPD,tail,21.39793168391183,0.090625,Puntarenas_OTROS_Hidrometereológico
-0.14851750065511918,0.8825968738006723,6885,GPD,tail,21.39793168391183,0.090625,Puntarenas_OTROS_Hidrometereológico
-0.14851750065511918,0.8825968738006723,6886,GPD,tail,21.39793168391183,0.090625,Puntarenas_OTROS_Hidrometereológico
-0.14851750065511918,0.8825968738006723,6887,GPD,tail,21.39793168391183,0.090625,Puntarenas_OTROS_Hidrometereológico
-0.14851750065511918,0.8825968738006723,6888,GPD,tail,21.39793168391183,0.090625,Puntarenas_OTROS_Hidrometereológico
-0.14851750065511918,0.8825968738006723,6889,GPD,tail,21.39793168391183,0.090625,Puntarenas_OTROS_Hidrometereológico
-0.14851750065511918,0.8825968738006723,6890,GPD,tail,21.39793168391183,0.090625,Puntarenas_OTROS_Hidrometereológico
-0.14851750065511918,0.8825968738006723,6891,GPD,tail,21.39793168391183,0.090625,Puntarenas_OTROS_Hidrometereológico
-0.14851750065511918,0.8825968738006723,6892,GPD,tail,21.39793168391183,0.090625,Puntarenas_OTROS_Hidrometereológico
-0.14851750065511918,0.8825968738006723,6893,GPD,tail,21.39793168391183,0.090625,Puntarenas_OTROS_Hidrometereológico
-0.14851750065511918,0.8825968738006723,6894,GPD,tail,21.39793168391183,0.090625,Puntarenas_OTROS_Hidrometereológico
-0.14851750065511918,0.8825968738006723,6895,GPD,tail,21.39793168391183,0.090625,Puntarenas_OTROS_Hidrometereológico
-0.14851750065511918,0.8825968738006723,6896,GPD,tail,21.39793168391183,0.090625,Puntarenas_OTROS_Hidrometereológico
-0.14851750065511918,0.8825968738006723,6897,GPD,tail,21.39793168391183,0.090625,Puntarenas_OTROS_Hidrometereológico
-0.14851750065511918,0.8825968738006723,6898,GPD,tail,21.39793168391183,0.090625,Puntarenas_OTROS_Hidrometereológico
-0.14851750065511918,0.8825968738006723,6899,GPD,tail,21.39793168391183,0.090625,Puntarenas_OTROS_Hidrometereológico
-0.14851750065511918,0.8825968738006723,6900,GPD,tail,21.39793168391183,0.090625,Puntarenas_OTROS_Hidrometereológico
-0.14851750065511918,0.8825968738006723,6901,GPD,tail,21.39793168391183,0.090625,Puntarenas_OTROS_Hidrometereológico
-0.14851750065511918,0.8825968738006723,6902,GPD,tail,21.39793168391183,0.090625,Puntarenas_OTROS_Hidrometereológico
-0.14851750065511918,0.8825968738006723,6903,GPD,tail,21.39793168391183,0.090625,Puntarenas_OTROS_Hidrometereológico
-0.14851750065511918,0.8825968738006723,6904,GPD,tail,21.39793168391183,0.090625,Puntarenas_OTROS_Hidrometereológico
-0.14851750065511918,0.8825968738006723,6905,GPD,tail,21.39793168391183,0.090625,Puntarenas_OTROS_Hidrometereológico
-0.14851750065511918,0.8825968738006723,6906,GPD,tail,21.39793168391183,0.090625,Puntarenas_OTROS_Hidrometereológico
-0.14851750065511918,0.8825968738006723,6907,GPD,tail,21.39793168391183,0.090625,Puntarenas_OTROS_Hidrometereológico
-0.14851750065511918,0.8825968738006723,6908,GPD,tail,21.39793168391183,0.090625,Puntarenas_OTROS_Hidrometereológico
-0.14851750065511918,0.8825968738006723,6909,GPD,tail,21.39793168391183,0.090625,Puntarenas_OTROS_Hidrometereológico
-0.14851750065511918,0.8825968738006723,6910,GPD,tail,21.39793168391183,0.090625,Puntarenas_OTROS_Hidrometereológico
-0.14851750065511918,0.8825968738006723,6911,GPD,tail,21.39793168391183,0.090625,Puntarenas_OTROS_Hidrometereológico
-0.003968212839245727,0.7626845263354031,6912,GPD,tail,21.39793168391183,0.090625,Puntarenas_OTROS_Hidrometereológico
-0.003968212839245727,0.7626845263354031,6913,GPD,tail,21.39793168391183,0.090625,Puntarenas_OTROS_Hidrometereológico
-0.003968212839245727,0.7626845263354031,6914,GPD,tail,21.39793168391183,0.090625,Puntarenas_OTROS_Hidrometereológico
-0.003968212839245727,0.7626845263354031,6915,GPD,tail,21.39793168391183,0.090625,Puntarenas_OTROS_Hidrometereológico
-0.003968212839245727,0.7626845263354031,6916,GPD,tail,21.39793168391183,0.090625,Puntarenas_OTROS_Hidrometereológico
-0.003968212839245727,0.7626845263354031,6917,GPD,tail,21.39793168391183,0.090625,Puntarenas_OTROS_Hidrometereológico
-0.003968212839245727,0.7626845263354031,6918,GPD,tail,21.39793168391183,0.090625,Puntarenas_OTROS_Hidrometereológico
-0.003968212839245727,0.7626845263354031,6919,GPD,tail,21.39793168391183,0.090625,Puntarenas_OTROS_Hidrometereológico
-0.003968212839245727,0.7626845263354031,6920,GPD,tail,21.39793168391183,0.090625,Puntarenas_OTROS_Hidrometereológico
-0.003968212839245727,0.7626845263354031,6921,GPD,tail,21.39793168391183,0.090625,Puntarenas_OTROS_Hidrometereológico
-0.003968212839245727,0.7626845263354031,6922,GPD,tail,21.39793168391183,0.090625,Puntarenas_OTROS_Hidrometereológico
-0.003968212839245727,0.7626845263354031,6923,GPD,tail,21.39793168391183,0.090625,Puntarenas_OTROS_Hidrometereológico
-0.003968212839245727,0.7626845263354031,6924,GPD,tail,21.39793168391183,0.090625,Puntarenas_OTROS_Hidrometereológico
-0.003968212839245727,0.7626845263354031,6925,GPD,tail,21.39793168391183,0.090625,Puntarenas_OTROS_Hidrometereológico
0.10753066684627181,0.7051174336459084,6926,GPD,tail,21.39793168391183,0.090625,Puntarenas_OTROS_Hidrometereológico
-0.0466395411403774,0.8240495163053795,6927,GPD,tail,21.39793168391183,0.090625,Puntarenas_OTROS_Hidrometereológico
-0.0466395411403774,0.8240495163053795,6928,GPD,tail,21.39793168391183,0.090625,Puntarenas_OTROS_Hidrometereológico
-0.0466395411403774,0.8240495163053795,6929,GPD,tail,21.39793168391183,0.090625,Puntarenas_OTROS_Hidrometereológico
-0.0466395411403774,0.8240495163053795,6930,GPD,tail,21.39793168391183,0.090625,Puntarenas_OTROS_Hidrometereológico
-0.0466395411403774,0.8240495163053795,6931,GPD,tail,21.39793168391183,0.090625,Puntarenas_OTROS_Hidrometereológico
-0.0466395411403774,0.8240495163053795,6932,GPD,tail,21.39793168391183,0.090625,Puntarenas_OTROS_Hidrometereológico
-0.0466395411403774,0.8240495163053795,6933,GPD,tail,21.39793168391183,0.090625,Puntarenas_OTROS_Hidrometereológico
-0.0466395411403774,0.8240495163053795,6934,GPD,tail,21.39793168391183,0.090625,Puntarenas_OTROS_Hidrometereológico
-0.0466395411403774,0.8240495163053795,6935,GPD,tail,21.39793168391183,0.090625,Puntarenas_OTROS_Hidrometereológico
-0.0466395411403774,0.8240495163053795,6936,GPD,tail,21.39793168391183,0.090625,Puntarenas_OTROS_Hidrometereológico
-0.0466395411403774,0.8240495163053795,6937,GPD,tail,21.39793168391183,0.090625,Puntarenas_OTROS_Hidrometereológico
-0.0466395411403774,0.8240495163053795,6938,GPD,tail,21.39793168391183,0.090625,Puntarenas_OTROS_Hidrometereológico
-0.0466395411403774,0.8240495163053795,6939,GPD,tail,21.39793168391183,0.090625,Puntarenas_OTROS_Hidrometereológico
-0.0466395411403774,0.8240495163053795,6940,GPD,tail,21.39793168391183,0.090625,Puntarenas_OTROS_Hidrometereológico
-0.0466395411403774,0.8240495163053795,6941,GPD,tail,21.39793168391183,0.090625,Puntarenas_OTROS_Hidrometereológico
-0.0466395411403774,0.8240495163053795,6942,GPD,tail,21.39793168391183,0.090625,Puntarenas_OTROS_Hidrometereológico
-0.0466395411403774,0.8240495163053795,6943,GPD,tail,21.39793168391183,0.090625,Puntarenas_OTROS_Hidrometereológico
-0.0466395411403774,0.8240495163053795,6944,GPD,tail,21.39793168391183,0.090625,Puntarenas_OTROS_Hidrometereológico
-0.0466395411403774,0.8240495163053795,6945,GPD,tail,21.39793168391183,0.090625,Puntarenas_OTROS_Hidrometereológico
-0.0466395411403774,0.8240495163053795,6946,GPD,tail,21.39793168391183,0.090625,Puntarenas_OTROS_Hidrometereológico
-0.0466395411403774,0.8240495163053795,6947,GPD,tail,21.39793168391183,0.090625,Puntarenas_OTROS_Hidrometereológico
-0.09984156612648122,0.8720853838520818,6948,GPD,tail,21.39793168391183,0.090625,Puntarenas_OTROS_Hidrometereológico
-0.09984156612648122,0.8720853838520818,6949,GPD,tail,21.39793168391183,0.090625,Puntarenas_OTROS_Hidrometereológico
-0.09984156612648122,0.8720853838520818,6950,GPD,tail,21.39793168391183,0.090625,Puntarenas_OTROS_Hidrometereológico
-0.09984156612648122,0.8720853838520818,6951,GPD,tail,21.39793168391183,0.090625,Puntarenas_OTROS_Hidrometereológico
-0.09984156612648122,0.8720853838520818,6952,GPD,tail,21.39793168391183,0.090625,Puntarenas_OTROS_Hidrometereológico
-0.09984156612648122,0.8720853838520818,6953,GPD,tail,21.39793168391183,0.090625,Puntarenas_OTROS_Hidrometereológico
-0.09984156612648122,0.8720853838520818,6954,GPD,tail,21.39793168391183,0.090625,Puntarenas_OTROS_Hidrometereológico
-0.09984156612648122,0.8720853838520818,6955,GPD,tail,21.39793168391183,0.090625,Puntarenas_OTROS_Hidrometereológico
-0.09984156612648122,0.8720853838520818,6956,GPD,tail,21.39793168391183,0.090625,Puntarenas_OTROS_Hidrometereológico
-0.09984156612648122,0.8720853838520818,6957,GPD,tail,21.39793168391183,0.090625,Puntarenas_OTROS_Hidrometereológico
-0.09984156612648122,0.8720853838520818,6958,GPD,tail,21.39793168391183,0.090625,Puntarenas_OTROS_Hidrometereológico
-0.09984156612648122,0.8720853838520818,6959,GPD,tail,21.39793168391183,0.090625,Puntarenas_OTROS_Hidrometereológico
-0.09984156612648122,0.8720853838520818,6960,GPD,tail,21.39793168391183,0.090625,Puntarenas_OTROS_Hidrometereológico
-0.09984156612648122,0.8720853838520818,6961,GPD,tail,21.39793168391183,0.090625,Puntarenas_OTROS_Hidrometereológico
-0.09984156612648122,0.8720853838520818,6962,GPD,tail,21.39793168391183,0.090625,Puntarenas_OTROS_Hidrometereológico
-0.09984156612648122,0.8720853838520818,6963,GPD,tail,21.39793168391183,0.090625,Puntarenas_OTROS_Hidrometereológico
-0.09984156612648122,0.8720853838520818,6964,GPD,tail,21.39793168391183,0.090625,Puntarenas_OTROS_Hidrometereológico
-0.09984156612648122,0.8720853838520818,6965,GPD,tail,21.39793168391183,0.090625,Puntarenas_OTROS_Hidrometereológico
-0.09984156612648122,0.8720853838520818,6966,GPD,tail,21.39793168391183,0.090625,Puntarenas_OTROS_Hidrometereológico
-0.09984156612648122,0.8720853838520818,6967,GPD,tail,21.39793168391183,0.090625,Puntarenas_OTROS_Hidrometereológico
-0.09984156612648122,0.8720853838520818,6968,GPD,tail,21.39793168391183,0.090625,Puntarenas_OTROS_Hidrometereológico
-0.09984156612648122,0.8720853838520818,6969,GPD,tail,21.39793168391183,0.090625,Puntarenas_OTROS_Hidrometereológico
-0.09984156612648122,0.8720853838520818,6970,GPD,tail,21.39793168391183,0.090625,Puntarenas_OTROS_Hidrometereológico
-0.026441846480044648,0.8786860934263638,6971,GPD,tail,21.39793168391183,0.090625,Puntarenas_OTROS_Hidrometereológico
-0.026441846480044648,0.8786860934263638,6972,GPD,tail,21.39793168391183,0.090625,Puntarenas_OTROS_Hidrometereológico
-0.026441846480044648,0.8786860934263638,6973,GPD,tail,21.39793168391183,0.090625,Puntarenas_OTROS_Hidrometereológico
-0.026441846480044648,0.8786860934263638,6974,GPD,tail,21.39793168391183,0.090625,Puntarenas_OTROS_Hidrometereológico
-0.026441846480044648,0.8786860934263638,6975,GPD,tail,21.39793168391183,0.090625,Puntarenas_OTROS_Hidrometereológico
-0.026441846480044648,0.8786860934263638,6976,GPD,tail,21.39793168391183,0.090625,Puntarenas_OTROS_Hidrometereológico
-0.026441846480044648,0.8786860934263638,6977,GPD,tail,21.39793168391183,0.090625,Puntarenas_OTROS_Hidrometereológico
-0.026441846480044648,0.8786860934263638,6978,GPD,tail,21.39793168391183,0.090625,Puntarenas_OTROS_Hidrometereológico
-0.026441846480044648,0.8786860934263638,6979,GPD,tail,21.39793168391183,0.090625,Puntarenas_OTROS_Hidrometereológico
-0.026441846480044648,0.8786860934263638,6980,GPD,tail,21.39793168391183,0.090625,Puntarenas_OTROS_Hidrometereológico
-0.026441846480044648,0.8786860934263638,6981,GPD,tail,21.39793168391183,0.090625,Puntarenas_OTROS_Hidrometereológico
-0.026441846480044648,0.8786860934263638,6982,GPD,tail,21.39793168391183,0.090625,Puntarenas_OTROS_Hidrometereológico
-0.026441846480044648,0.8786860934263638,6983,GPD,tail,21.39793168391183,0.090625,Puntarenas_OTROS_Hidrometereológico
-0.026441846480044648,0.8786860934263638,6984,GPD,tail,21.39793168391183,0.090625,Puntarenas_OTROS_Hidrometereológico
-0.026441846480044648,0.8786860934263638,6985,GPD,tail,21.39793168391183,0.090625,Puntarenas_OTROS_Hidrometereológico
-0.026441846480044648,0.8786860934263638,6986,GPD,tail,21.39793168391183,0.090625,Puntarenas_OTROS_Hidrometereológico
-0.026441846480044648,0.8786860934263638,6987,GPD,tail,21.39793168391183,0.090625,Puntarenas_OTROS_Hidrometereológico
-0.026441846480044648,0.8786860934263638,6988,GPD,tail,21.39793168391183,0.090625,Puntarenas_OTROS_Hidrometereológico
-0.026441846480044648,0.8786860934263638,6989,GPD,tail,21.39793168391183,0.090625,Puntarenas_OTROS_Hidrometereológico
-0.026441846480044648,0.8786860934263638,6990,GPD,tail,21.39793168391183,0.090625,Puntarenas_OTROS_Hidrometereológico
-0.026441846480044648,0.8786860934263638,6991,GPD,tail,21.39793168391183,0.090625,Puntarenas_OTROS_Hidrometereológico
-0.026441846480044648,0.8786860934263638,6992,GPD,tail,21.39793168391183,0.090625,Puntarenas_OTROS_Hidrometereológico
-0.09303722940556414,0.9732490611622526,6993,GPD,tail,21.39793168391183,0.090625,Puntarenas_OTROS_Hidrometereológico
-0.09303722940556414,0.9732490611622526,6994,GPD,tail,21.39793168391183,0.090625,Puntarenas_OTROS_Hidrometereológico
-0.09303722940556414,0.9732490611622526,6995,GPD,tail,21.39793168391183,0.090625,Puntarenas_OTROS_Hidrometereológico
-0.09303722940556414,0.9732490611622526,6996,GPD,tail,21.39793168391183,0.090625,Puntarenas_OTROS_Hidrometereológico
-0.09303722940556414,0.9732490611622526,6997,GPD,tail,21.39793168391183,0.090625,Puntarenas_OTROS_Hidrometereológico
-0.09303722940556414,0.9732490611622526,6998,GPD,tail,21.39793168391183,0.090625,Puntarenas_OTROS_Hidrometereológico
-0.16191658418142246,0.8815647328152226,6999,GPD,tail,21.39793168391183,0.090625,Puntarenas_OTROS_Hidrometereológico
-0.16191658418142246,0.8815647328152226,7000,GPD,tail,21.39793168391183,0.090625,Puntarenas_OTROS_Hidrometereológico
-0.16191658418142246,0.8815647328152226,7001,GPD,tail,21.39793168391183,0.090625,Puntarenas_OTROS_Hidrometereológico
-0.16191658418142246,0.8815647328152226,7002,GPD,tail,21.39793168391183,0.090625,Puntarenas_OTROS_Hidrometereológico
-0.16191658418142246,0.8815647328152226,7003,GPD,tail,21.39793168391183,0.090625,Puntarenas_OTROS_Hidrometereológico
-0.16191658418142246,0.8815647328152226,7004,GPD,tail,21.39793168391183,0.090625,Puntarenas_OTROS_Hidrometereológico
-0.16191658418142246,0.8815647328152226,7005,GPD,tail,21.39793168391183,0.090625,Puntarenas_OTROS_Hidrometereológico
-0.16191658418142246,0.8815647328152226,7006,GPD,tail,21.39793168391183,0.090625,Puntarenas_OTROS_Hidrometereológico
-0.16191658418142246,0.8815647328152226,7007,GPD,tail,21.39793168391183,0.090625,Puntarenas_OTROS_Hidrometereológico
-0.16191658418142246,0.8815647328152226,7008,GPD,tail,21.39793168391183,0.090625,Puntarenas_OTROS_Hidrometereológico
-0.16191658418142246,0.8815647328152226,7009,GPD,tail,21.39793168391183,0.090625,Puntarenas_OTROS_Hidrometereológico
-0.04222690218387423,0.9176901383850838,7010,GPD,tail,21.39793168391183,0.090625,Puntarenas_OTROS_Hidrometereológico
-0.04222690218387423,0.9176901383850838,7011,GPD,tail,21.39793168391183,0.090625,Puntarenas_OTROS_Hidrometereológico
-0.04222690218387423,0.9176901383850838,7012,GPD,tail,21.39793168391183,0.090625,Puntarenas_OTROS_Hidrometereológico
-0.04222690218387423,0.9176901383850838,7013,GPD,tail,21.39793168391183,0.090625,Puntarenas_OTROS_Hidrometereológico
-0.04222690218387423,0.9176901383850838,7014,GPD,tail,21.39793168391183,0.090625,Puntarenas_OTROS_Hidrometereológico
-0.04222690218387423,0.9176901383850838,7015,GPD,tail,21.39793168391183,0.090625,Puntarenas_OTROS_Hidrometereológico
-0.04222690218387423,0.9176901383850838,7016,GPD,tail,21.39793168391183,0.090625,Puntarenas_OTROS_Hidrometereológico
-0.04222690218387423,0.9176901383850838,7017,GPD,tail,21.39793168391183,0.090625,Puntarenas_OTROS_Hidrometereológico
-0.04222690218387423,0.9176901383850838,7018,GPD,tail,21.39793168391183,0.090625,Puntarenas_OTROS_Hidrometereológico
-0.04222690218387423,0.9176901383850838,7019,GPD,tail,21.39793168391183,0.090625,Puntarenas_OTROS_Hidrometereológico
-0.04222690218387423,0.9176901383850838,7020,GPD,tail,21.39793168391183,0.090625,Puntarenas_OTROS_Hidrometereológico
-0.16092066151254442,0.9609117707714616,7021,GPD,tail,21.39793168391183,0.090625,Puntarenas_OTROS_Hidrometereológico
-0.16092066151254442,0.9609117707714616,7022,GPD,tail,21.39793168391183,0.090625,Puntarenas_OTROS_Hidrometereológico
-0.16092066151254442,0.9609117707714616,7023,GPD,tail,21.39793168391183,0.090625,Puntarenas_OTROS_Hidrometereológico
-0.16092066151254442,0.9609117707714616,7024,GPD,tail,21.39793168391183,0.090625,Puntarenas_OTROS_Hidrometereológico
-0.16092066151254442,0.9609117707714616,7025,GPD,tail,21.39793168391183,0.090625,Puntarenas_OTROS_Hidrometereológico
-0.16092066151254442,0.9609117707714616,7026,GPD,tail,21.39793168391183,0.090625,Puntarenas_OTROS_Hidrometereológico
-0.16092066151254442,0.9609117707714616,7027,GPD,tail,21.39793168391183,0.090625,Puntarenas_OTROS_Hidrometereológico
-0.16092066151254442,0.9609117707714616,7028,GPD,tail,21.39793168391183,0.090625,Puntarenas_OTROS_Hidrometereológico
-0.16092066151254442,0.9609117707714616,7029,GPD,tail,21.39793168391183,0.090625,Puntarenas_OTROS_Hidrometereológico
-0.16092066151254442,0.9609117707714616,7030,GPD,tail,21.39793168391183,0.090625,Puntarenas_OTROS_Hidrometereológico
-0.16092066151254442,0.9609117707714616,7031,GPD,tail,21.39793168391183,0.090625,Puntarenas_OTROS_Hidrometereológico
-0.16092066151254442,0.9609117707714616,7032,GPD,tail,21.39793168391183,0.090625,Puntarenas_OTROS_Hidrometereológico
-0.16092066151254442,0.9609117707714616,7033,GPD,tail,21.39793168391183,0.090625,Puntarenas_OTROS_Hidrometereológico
-0.16092066151254442,0.9609117707714616,7034,GPD,tail,21.39793168391183,0.090625,Puntarenas_OTROS_Hidrometereológico
-0.16092066151254442,0.9609117707714616,7035,GPD,tail,21.39793168391183,0.090625,Puntarenas_OTROS_Hidrometereológico
-0.16092066151254442,0.9609117707714616,7036,GPD,tail,21.39793168391183,0.090625,Puntarenas_OTROS_Hidrometereológico
-0.16092066151254442,0.9609117707714616,7037,GPD,tail,21.39793168391183,0.090625,Puntarenas_OTROS_Hidrometereológico
-0.16092066151254442,0.9609117707714616,7038,GPD,tail,21.39793168391183,0.090625,Puntarenas_OTROS_Hidrometereológico
-0.16092066151254442,0.9609117707714616,7039,GPD,tail,21.39793168391183,0.090625,Puntarenas_OTROS_Hidrometereológico
-0.16092066151254442,0.9609117707714616,7040,GPD,tail,21.39793168391183,0.090625,Puntarenas_OTROS_Hidrometereológico
-0.16092066151254442,0.9609117707714616,7041,GPD,tail,21.39793168391183,0.090625,Puntarenas_OTROS_Hidrometereológico
-0.16092066151254442,0.9609117707714616,7042,GPD,tail,21.39793168391183,0.090625,Puntarenas_OTROS_Hidrometereológico
-0.16092066151254442,0.9609117707714616,7043,GPD,tail,21.39793168391183,0.090625,Puntarenas_OTROS_Hidrometereológico
-0.16092066151254442,0.9609117707714616,7044,GPD,tail,21.39793168391183,0.090625,Puntarenas_OTROS_Hidrometereológico
-0.16092066151254442,0.9609117707714616,7045,GPD,tail,21.39793168391183,0.090625,Puntarenas_OTROS_Hidrometereológico
-0.16092066151254442,0.9609117707714616,7046,GPD,tail,21.39793168391183,0.090625,Puntarenas_OTROS_Hidrometereológico
-0.16092066151254442,0.9609117707714616,7047,GPD,tail,21.39793168391183,0.090625,Puntarenas_OTROS_Hidrometereológico
-0.16092066151254442,0.9609117707714616,7048,GPD,tail,21.39793168391183,0.090625,Puntarenas_OTROS_Hidrometereológico
-0.047317452676493676,0.8326735431806852,7049,GPD,tail,21.39793168391183,0.090625,Puntarenas_OTROS_Hidrometereológico
-0.047317452676493676,0.8326735431806852,7050,GPD,tail,21.39793168391183,0.090625,Puntarenas_OTROS_Hidrometereológico
-0.047317452676493676,0.8326735431806852,7051,GPD,tail,21.39793168391183,0.090625,Puntarenas_OTROS_Hidrometereológico
-0.047317452676493676,0.8326735431806852,7052,GPD,tail,21.39793168391183,0.090625,Puntarenas_OTROS_Hidrometereológico
-0.047317452676493676,0.8326735431806852,7053,GPD,tail,21.39793168391183,0.090625,Puntarenas_OTROS_Hidrometereológico
-0.047317452676493676,0.8326735431806852,7054,GPD,tail,21.39793168391183,0.090625,Puntarenas_OTROS_Hidrometereológico
-0.047317452676493676,0.8326735431806852,7055,GPD,tail,21.39793168391183,0.090625,Puntarenas_OTROS_Hidrometereológico
-0.047317452676493676,0.8326735431806852,7056,GPD,tail,21.39793168391183,0.090625,Puntarenas_OTROS_Hidrometereológico
-0.047317452676493676,0.8326735431806852,7057,GPD,tail,21.39793168391183,0.090625,Puntarenas_OTROS_Hidrometereológico
-0.047317452676493676,0.8326735431806852,7058,GPD,tail,21.39793168391183,0.090625,Puntarenas_OTROS_Hidrometereológico
-0.047317452676493676,0.8326735431806852,7059,GPD,tail,21.39793168391183,0.090625,Puntarenas_OTROS_Hidrometereológico
-0.047317452676493676,0.8326735431806852,7060,GPD,tail,21.39793168391183,0.090625,Puntarenas_OTROS_Hidrometereológico
-0.047317452676493676,0.8326735431806852,7061,GPD,tail,21.39793168391183,0.090625,Puntarenas_OTROS_Hidrometereológico
-0.047317452676493676,0.8326735431806852,7062,GPD,tail,21.39793168391183,0.090625,Puntarenas_OTROS_Hidrometereológico
-0.047317452676493676,0.8326735431806852,7063,GPD,tail,21.39793168391183,0.090625,Puntarenas_OTROS_Hidrometereológico
-0.047317452676493676,0.8326735431806852,7064,GPD,tail,21.39793168391183,0.090625,Puntarenas_OTROS_Hidrometereológico
-0.047317452676493676,0.8326735431806852,7065,GPD,tail,21.39793168391183,0.090625,Puntarenas_OTROS_Hidrometereológico
-0.047317452676493676,0.8326735431806852,7066,GPD,tail,21.39793168391183,0.090625,Puntarenas_OTROS_Hidrometereológico
-0.047317452676493676,0.8326735431806852,7067,GPD,tail,21.39793168391183,0.090625,Puntarenas_OTROS_Hidrometereológico
-0.08241169255494596,0.9365683590100199,7068,GPD,tail,21.39793168391183,0.090625,Puntarenas_OTROS_Hidrometereológico
-0.08241169255494596,0.9365683590100199,7069,GPD,tail,21.39793168391183,0.090625,Puntarenas_OTROS_Hidrometereológico
-0.1152511835181374,0.9181821373239836,7070,GPD,tail,21.39793168391183,0.090625,Puntarenas_OTROS_Hidrometereológico
-0.1152511835181374,0.9181821373239836,7071,GPD,tail,21.39793168391183,0.090625,Puntarenas_OTROS_Hidrometereológico
-0.1152511835181374,0.9181821373239836,7072,GPD,tail,21.39793168391183,0.090625,Puntarenas_OTROS_Hidrometereológico
-0.1152511835181374,0.9181821373239836,7073,GPD,tail,21.39793168391183,0.090625,Puntarenas_OTROS_Hidrometereológico
-0.1152511835181374,0.9181821373239836,7074,GPD,tail,21.39793168391183,0.090625,Puntarenas_OTROS_Hidrometereológico
-0.1152511835181374,0.9181821373239836,7075,GPD,tail,21.39793168391183,0.090625,Puntarenas_OTROS_Hidrometereológico
-0.1152511835181374,0.9181821373239836,7076,GPD,tail,21.39793168391183,0.090625,Puntarenas_OTROS_Hidrometereológico
-0.1152511835181374,0.9181821373239836,7077,GPD,tail,21.39793168391183,0.090625,Puntarenas_OTROS_Hidrometereológico
-0.1152511835181374,0.9181821373239836,7078,GPD,tail,21.39793168391183,0.090625,Puntarenas_OTROS_Hidrometereológico
-0.1152511835181374,0.9181821373239836,7079,GPD,tail,21.39793168391183,0.090625,Puntarenas_OTROS_Hidrometereológico
-0.1152511835181374,0.9181821373239836,7080,GPD,tail,21.39793168391183,0.090625,Puntarenas_OTROS_Hidrometereológico
-0.1152511835181374,0.9181821373239836,7081,GPD,tail,21.39793168391183,0.090625,Puntarenas_OTROS_Hidrometereológico
-0.1152511835181374,0.9181821373239836,7082,GPD,tail,21.39793168391183,0.090625,Puntarenas_OTROS_Hidrometereológico
-0.1152511835181374,0.9181821373239836,7083,GPD,tail,21.39793168391183,0.090625,Puntarenas_OTROS_Hidrometereológico
-0.1152511835181374,0.9181821373239836,7084,GPD,tail,21.39793168391183,0.090625,Puntarenas_OTROS_Hidrometereológico
-0.1152511835181374,0.9181821373239836,7085,GPD,tail,21.39793168391183,0.090625,Puntarenas_OTROS_Hidrometereológico
-0.1152511835181374,0.9181821373239836,7086,GPD,tail,21.39793168391183,0.090625,Puntarenas_OTROS_Hidrometereológico
-0.1152511835181374,0.9181821373239836,7087,GPD,tail,21.39793168391183,0.090625,Puntarenas_OTROS_Hidrometereológico
-0.1152511835181374,0.9181821373239836,7088,GPD,tail,21.39793168391183,0.090625,Puntarenas_OTROS_Hidrometereológico
-0.1152511835181374,0.9181821373239836,7089,GPD,tail,21.39793168391183,0.090625,Puntarenas_OTROS_Hidrometereológico
-0.1152511835181374,0.9181821373239836,7090,GPD,tail,21.39793168391183,0.090625,Puntarenas_OTROS_Hidrometereológico
-0.1152511835181374,0.9181821373239836,7091,GPD,tail,21.39793168391183,0.090625,Puntarenas_OTROS_Hidrometereológico
-0.1152511835181374,0.9181821373239836,7092,GPD,tail,21.39793168391183,0.090625,Puntarenas_OTROS_Hidrometereológico
-0.1152511835181374,0.9181821373239836,7093,GPD,tail,21.39793168391183,0.090625,Puntarenas_OTROS_Hidrometereológico
-0.1152511835181374,0.9181821373239836,7094,GPD,tail,21.39793168391183,0.090625,Puntarenas_OTROS_Hidrometereológico
-0.1152511835181374,0.9181821373239836,7095,GPD,tail,21.39793168391183,0.090625,Puntarenas_OTROS_Hidrometereológico
-0.1152511835181374,0.9181821373239836,7096,GPD,tail,21.39793168391183,0.090625,Puntarenas_OTROS_Hidrometereológico
-0.1152511835181374,0.9181821373239836,7097,GPD,tail,21.39793168391183,0.090625,Puntarenas_OTROS_Hidrometereológico
-0.1152511835181374,0.9181821373239836,7098,GPD,tail,21.39793168391183,0.090625,Puntarenas_OTROS_Hidrometereológico
-0.1152511835181374,0.9181821373239836,7099,GPD,tail,21.39793168391183,0.090625,Puntarenas_OTROS_Hidrometereológico
-0.1152511835181374,0.9181821373239836,7100,GPD,tail,21.39793168391183,0.090625,Puntarenas_OTROS_Hidrometereológico
-0.1152511835181374,0.9181821373239836,7101,GPD,tail,21.39793168391183,0.090625,Puntarenas_OTROS_Hidrometereológico
-0.1152511835181374,0.9181821373239836,7102,GPD,tail,21.39793168391183,0.090625,Puntarenas_OTROS_Hidrometereológico
-0.1152511835181374,0.9181821373239836,7103,GPD,tail,21.39793168391183,0.090625,Puntarenas_OTROS_Hidrometereológico
-0.1152511835181374,0.9181821373239836,7104,GPD,tail,21.39793168391183,0.090625,Puntarenas_OTROS_Hidrometereológico
-0.1152511835181374,0.9181821373239836,7105,GPD,tail,21.39793168391183,0.090625,Puntarenas_OTROS_Hidrometereológico
-0.1152511835181374,0.9181821373239836,7106,GPD,tail,21.39793168391183,0.090625,Puntarenas_OTROS_Hidrometereológico
-0.1152511835181374,0.9181821373239836,7107,GPD,tail,21.39793168391183,0.090625,Puntarenas_OTROS_Hidrometereológico
-0.1152511835181374,0.9181821373239836,7108,GPD,tail,21.39793168391183,0.090625,Puntarenas_OTROS_Hidrometereológico
-0.1152511835181374,0.9181821373239836,7109,GPD,tail,21.39793168391183,0.090625,Puntarenas_OTROS_Hidrometereológico
-0.1152511835181374,0.9181821373239836,7110,GPD,tail,21.39793168391183,0.090625,Puntarenas_OTROS_Hidrometereológico
-0.1152511835181374,0.9181821373239836,7111,GPD,tail,21.39793168391183,0.090625,Puntarenas_OTROS_Hidrometereológico
-0.1152511835181374,0.9181821373239836,7112,GPD,tail,21.39793168391183,0.090625,Puntarenas_OTROS_Hidrometereológico
-0.1152511835181374,0.9181821373239836,7113,GPD,tail,21.39793168391183,0.090625,Puntarenas_OTROS_Hidrometereológico
-0.1152511835181374,0.9181821373239836,7114,GPD,tail,21.39793168391183,0.090625,Puntarenas_OTROS_Hidrometereológico
-0.1152511835181374,0.9181821373239836,7115,GPD,tail,21.39793168391183,0.090625,Puntarenas_OTROS_Hidrometereológico
-0.1152511835181374,0.9181821373239836,7116,GPD,tail,21.39793168391183,0.090625,Puntarenas_OTROS_Hidrometereológico
-0.1152511835181374,0.9181821373239836,7117,GPD,tail,21.39793168391183,0.090625,Puntarenas_OTROS_Hidrometereológico
-0.1152511835181374,0.9181821373239836,7118,GPD,tail,21.39793168391183,0.090625,Puntarenas_OTROS_Hidrometereológico
-0.1152511835181374,0.9181821373239836,7119,GPD,tail,21.39793168391183,0.090625,Puntarenas_OTROS_Hidrometereológico
-0.1152511835181374,0.9181821373239836,7120,GPD,tail,21.39793168391183,0.090625,Puntarenas_OTROS_Hidrometereológico
-0.1152511835181374,0.9181821373239836,7121,GPD,tail,21.39793168391183,0.090625,Puntarenas_OTROS_Hidrometereológico
-0.1152511835181374,0.9181821373239836,7122,GPD,tail,21.39793168391183,0.090625,Puntarenas_OTROS_Hidrometereológico
-0.1152511835181374,0.9181821373239836,7123,GPD,tail,21.39793168391183,0.090625,Puntarenas_OTROS_Hidrometereológico
-0.1152511835181374,0.9181821373239836,7124,GPD,tail,21.39793168391183,0.090625,Puntarenas_OTROS_Hidrometereológico
-0.1152511835181374,0.9181821373239836,7125,GPD,tail,21.39793168391183,0.090625,Puntarenas_OTROS_Hidrometereológico
-0.1152511835181374,0.9181821373239836,7126,GPD,tail,21.39793168391183,0.090625,Puntarenas_OTROS_Hidrometereológico
-0.1152511835181374,0.9181821373239836,7127,GPD,tail,21.39793168391183,0.090625,Puntarenas_OTROS_Hidrometereológico
-0.1152511835181374,0.9181821373239836,7128,GPD,tail,21.39793168391183,0.090625,Puntarenas_OTROS_Hidrometereológico
-0.1278594148360699,0.9412578758725426,7129,GPD,tail,21.39793168391183,0.090625,Puntarenas_OTROS_Hidrometereológico
-0.1278594148360699,0.9412578758725426,7130,GPD,tail,21.39793168391183,0.090625,Puntarenas_OTROS_Hidrometereológico
-0.1278594148360699,0.9412578758725426,7131,GPD,tail,21.39793168391183,0.090625,Puntarenas_OTROS_Hidrometereológico
-0.1278594148360699,0.9412578758725426,7132,GPD,tail,21.39793168391183,0.090625,Puntarenas_OTROS_Hidrometereológico
-0.1278594148360699,0.9412578758725426,7133,GPD,tail,21.39793168391183,0.090625,Puntarenas_OTROS_Hidrometereológico
-0.1278594148360699,0.9412578758725426,7134,GPD,tail,21.39793168391183,0.090625,Puntarenas_OTROS_Hidrometereológico
-0.1278594148360699,0.9412578758725426,7135,GPD,tail,21.39793168391183,0.090625,Puntarenas_OTROS_Hidrometereológico
-0.1278594148360699,0.9412578758725426,7136,GPD,tail,21.39793168391183,0.090625,Puntarenas_OTROS_Hidrometereológico
-0.1278594148360699,0.9412578758725426,7137,GPD,tail,21.39793168391183,0.090625,Puntarenas_OTROS_Hidrometereológico
-0.1278594148360699,0.9412578758725426,7138,GPD,tail,21.39793168391183,0.090625,Puntarenas_OTROS_Hidrometereológico
-0.1278594148360699,0.9412578758725426,7139,GPD,tail,21.39793168391183,0.090625,Puntarenas_OTROS_Hidrometereológico
-0.1278594148360699,0.9412578758725426,7140,GPD,tail,21.39793168391183,0.090625,Puntarenas_OTROS_Hidrometereológico
-0.1278594148360699,0.9412578758725426,7141,GPD,tail,21.39793168391183,0.090625,Puntarenas_OTROS_Hidrometereológico
-0.1278594148360699,0.9412578758725426,7142,GPD,tail,21.39793168391183,0.090625,Puntarenas_OTROS_Hidrometereológico
-0.1278594148360699,0.9412578758725426,7143,GPD,tail,21.39793168391183,0.090625,Puntarenas_OTROS_Hidrometereológico
-0.1278594148360699,0.9412578758725426,7144,GPD,tail,21.39793168391183,0.090625,Puntarenas_OTROS_Hidrometereológico
-0.1278594148360699,0.9412578758725426,7145,GPD,tail,21.39793168391183,0.090625,Puntarenas_OTROS_Hidrometereológico
-0.1278594148360699,0.9412578758725426,7146,GPD,tail,21.39793168391183,0.090625,Puntarenas_OTROS_Hidrometereológico
-0.1278594148360699,0.9412578758725426,7147,GPD,tail,21.39793168391183,0.090625,Puntarenas_OTROS_Hidrometereológico
-0.1278594148360699,0.9412578758725426,7148,GPD,tail,21.39793168391183,0.090625,Puntarenas_OTROS_Hidrometereológico
-0.1278594148360699,0.9412578758725426,7149,GPD,tail,21.39793168391183,0.090625,Puntarenas_OTROS_Hidrometereológico
-0.1278594148360699,0.9412578758725426,7150,GPD,tail,21.39793168391183,0.090625,Puntarenas_OTROS_Hidrometereológico
-0.1278594148360699,0.9412578758725426,7151,GPD,tail,21.39793168391183,0.090625,Puntarenas_OTROS_Hidrometereológico
-0.1278594148360699,0.9412578758725426,7152,GPD,tail,21.39793168391183,0.090625,Puntarenas_OTROS_Hidrometereológico
-0.1278594148360699,0.9412578758725426,7153,GPD,tail,21.39793168391183,0.090625,Puntarenas_OTROS_Hidrometereológico
-0.1278594148360699,0.9412578758725426,7154,GPD,tail,21.39793168391183,0.090625,Puntarenas_OTROS_Hidrometereológico
-0.1278594148360699,0.9412578758725426,7155,GPD,tail,21.39793168391183,0.090625,Puntarenas_OTROS_Hidrometereológico
-0.1278594148360699,0.9412578758725426,7156,GPD,tail,21.39793168391183,0.090625,Puntarenas_OTROS_Hidrometereológico
-0.1278594148360699,0.9412578758725426,7157,GPD,tail,21.39793168391183,0.090625,Puntarenas_OTROS_Hidrometereológico
-0.1278594148360699,0.9412578758725426,7158,GPD,tail,21.39793168391183,0.090625,Puntarenas_OTROS_Hidrometereológico
-0.1278594148360699,0.9412578758725426,7159,GPD,tail,21.39793168391183,0.090625,Puntarenas_OTROS_Hidrometereológico
-0.1278594148360699,0.9412578758725426,7160,GPD,tail,21.39793168391183,0.090625,Puntarenas_OTROS_Hidrometereológico
-0.1278594148360699,0.9412578758725426,7161,GPD,tail,21.39793168391183,0.090625,Puntarenas_OTROS_Hidrometereológico
-0.1278594148360699,0.9412578758725426,7162,GPD,tail,21.39793168391183,0.090625,Puntarenas_OTROS_Hidrometereológico
-0.1278594148360699,0.9412578758725426,7163,GPD,tail,21.39793168391183,0.090625,Puntarenas_OTROS_Hidrometereológico
-0.1278594148360699,0.9412578758725426,7164,GPD,tail,21.39793168391183,0.090625,Puntarenas_OTROS_Hidrometereológico
-0.1278594148360699,0.9412578758725426,7165,GPD,tail,21.39793168391183,0.090625,Puntarenas_OTROS_Hidrometereológico
-0.1278594148360699,0.9412578758725426,7166,GPD,tail,21.39793168391183,0.090625,Puntarenas_OTROS_Hidrometereológico
-0.1278594148360699,0.9412578758725426,7167,GPD,tail,21.39793168391183,0.090625,Puntarenas_OTROS_Hidrometereológico
-0.1278594148360699,0.9412578758725426,7168,GPD,tail,21.39793168391183,0.090625,Puntarenas_OTROS_Hidrometereológico
-0.0802482454555303,0.9617159921689588,7169,GPD,tail,21.39793168391183,0.090625,Puntarenas_OTROS_Hidrometereológico
-0.19954814456754905,1.0191094629344475,7170,GPD,tail,21.39793168391183,0.090625,Puntarenas_OTROS_Hidrometereológico
-0.19954814456754905,1.0191094629344475,7171,GPD,tail,21.39793168391183,0.090625,Puntarenas_OTROS_Hidrometereológico
0.01654971364945984,0.9646599140063088,7172,GPD,tail,21.39793168391183,0.090625,Puntarenas_OTROS_Hidrometereológico
0.01654971364945984,0.9646599140063088,7173,GPD,tail,21.39793168391183,0.090625,Puntarenas_OTROS_Hidrometereológico
0.01654971364945984,0.9646599140063088,7174,GPD,tail,21.39793168391183,0.090625,Puntarenas_OTROS_Hidrometereológico
0.01654971364945984,0.9646599140063088,7175,GPD,tail,21.39793168391183,0.090625,Puntarenas_OTROS_Hidrometereológico
0.01654971364945984,0.9646599140063088,7176,GPD,tail,21.39793168391183,0.090625,Puntarenas_OTROS_Hidrometereológico
0.01654971364945984,0.9646599140063088,7177,GPD,tail,21.39793168391183,0.090625,Puntarenas_OTROS_Hidrometereológico
0.01654971364945984,0.9646599140063088,7178,GPD,tail,21.39793168391183,0.090625,Puntarenas_OTROS_Hidrometereológico
-0.21333250692627553,1.1335922481011682,7179,GPD,tail,21.39793168391183,0.090625,Puntarenas_OTROS_Hidrometereológico
-0.21333250692627553,1.1335922481011682,7180,GPD,tail,21.39793168391183,0.090625,Puntarenas_OTROS_Hidrometereológico
-0.21333250692627553,1.1335922481011682,7181,GPD,tail,21.39793168391183,0.090625,Puntarenas_OTROS_Hidrometereológico
-0.21333250692627553,1.1335922481011682,7182,GPD,tail,21.39793168391183,0.090625,Puntarenas_OTROS_Hidrometereológico
-0.21333250692627553,1.1335922481011682,7183,GPD,tail,21.39793168391183,0.090625,Puntarenas_OTROS_Hidrometereológico
-0.21333250692627553,1.1335922481011682,7184,GPD,tail,21.39793168391183,0.090625,Puntarenas_OTROS_Hidrometereológico
-0.21333250692627553,1.1335922481011682,7185,GPD,tail,21.39793168391183,0.090625,Puntarenas_OTROS_Hidrometereológico
-0.21333250692627553,1.1335922481011682,7186,GPD,tail,21.39793168391183,0.090625,Puntarenas_OTROS_Hidrometereológico
-0.21333250692627553,1.1335922481011682,7187,GPD,tail,21.39793168391183,0.090625,Puntarenas_OTROS_Hidrometereológico
-0.21333250692627553,1.1335922481011682,7188,GPD,tail,21.39793168391183,0.090625,Puntarenas_OTROS_Hidrometereológico
-0.21333250692627553,1.1335922481011682,7189,GPD,tail,21.39793168391183,0.090625,Puntarenas_OTROS_Hidrometereológico
-0.21333250692627553,1.1335922481011682,7190,GPD,tail,21.39793168391183,0.090625,Puntarenas_OTROS_Hidrometereológico
0.060771845302407035,0.7785756679651762,7191,GPD,tail,21.39793168391183,0.090625,Puntarenas_OTROS_Hidrometereológico
0.14630553035423616,0.7570217643129307,7192,GPD,tail,21.39793168391183,0.090625,Puntarenas_OTROS_Hidrometereológico
0.17762685449603927,0.6283013185259357,7193,GPD,tail,21.39793168391183,0.090625,Puntarenas_OTROS_Hidrometereológico
0.17762685449603927,0.6283013185259357,7194,GPD,tail,21.39793168391183,0.090625,Puntarenas_OTROS_Hidrometereológico
0.20205492804542305,0.7059709012555648,7195,GPD,tail,21.39793168391183,0.090625,Puntarenas_OTROS_Hidrometereológico
0.20205492804542305,0.7059709012555648,7196,GPD,tail,21.39793168391183,0.090625,Puntarenas_OTROS_Hidrometereológico
0.20205492804542305,0.7059709012555648,7197,GPD,tail,21.39793168391183,0.090625,Puntarenas_OTROS_Hidrometereológico
0.20205492804542305,0.7059709012555648,7198,GPD,tail,21.39793168391183,0.090625,Puntarenas_OTROS_Hidrometereológico
-0.017779639346847675,0.6492882737135238,7199,GPD,tail,21.39793168391183,0.090625,Puntarenas_OTROS_Hidrometereológico
0.13745740763936998,0.6078969947862365,7200,GPD,tail,21.39793168391183,0.090625,Puntarenas_OTROS_Hidrometereológico
0.13745740763936998,0.6078969947862365,7201,GPD,tail,21.39793168391183,0.090625,Puntarenas_OTROS_Hidrometereológico
0.13745740763936998,0.6078969947862365,7202,GPD,tail,21.39793168391183,0.090625,Puntarenas_OTROS_Hidrometereológico
0.13745740763936998,0.6078969947862365,7203,GPD,tail,21.39793168391183,0.090625,Puntarenas_OTROS_Hidrometereológico
0.13745740763936998,0.6078969947862365,7204,GPD,tail,21.39793168391183,0.090625,Puntarenas_OTROS_Hidrometereológico
0.13745740763936998,0.6078969947862365,7205,GPD,tail,21.39793168391183,0.090625,Puntarenas_OTROS_Hidrometereológico
0.13745740763936998,0.6078969947862365,7206,GPD,tail,21.39793168391183,0.090625,Puntarenas_OTROS_Hidrometereológico
0.13745740763936998,0.6078969947862365,7207,GPD,tail,21.39793168391183,0.090625,Puntarenas_OTROS_Hidrometereológico
0.13745740763936998,0.6078969947862365,7208,GPD,tail,21.39793168391183,0.090625,Puntarenas_OTROS_Hidrometereológico
0.13745740763936998,0.6078969947862365,7209,GPD,tail,21.39793168391183,0.090625,Puntarenas_OTROS_Hidrometereológico
0.13745740763936998,0.6078969947862365,7210,GPD,tail,21.39793168391183,0.090625,Puntarenas_OTROS_Hidrometereológico
-0.06469165952600253,0.8949236099012332,7211,GPD,tail,21.39793168391183,0.090625,Puntarenas_OTROS_Hidrometereológico
-0.06469165952600253,0.8949236099012332,7212,GPD,tail,21.39793168391183,0.090625,Puntarenas_OTROS_Hidrometereológico
-0.055935046204053304,0.743633423792025,7213,GPD,tail,21.39793168391183,0.090625,Puntarenas_OTROS_Hidrometereológico
-0.009233890709767927,0.7173490866409377,7214,GPD,tail,21.39793168391183,0.090625,Puntarenas_OTROS_Hidrometereológico
-0.009233890709767927,0.7173490866409377,7215,GPD,tail,21.39793168391183,0.090625,Puntarenas_OTROS_Hidrometereológico
-0.009233890709767927,0.7173490866409377,7216,GPD,tail,21.39793168391183,0.090625,Puntarenas_OTROS_Hidrometereológico
-0.009233890709767927,0.7173490866409377,7217,GPD,tail,21.39793168391183,0.090625,Puntarenas_OTROS_Hidrometereológico
-0.009233890709767927,0.7173490866409377,7218,GPD,tail,21.39793168391183,0.090625,Puntarenas_OTROS_Hidrometereológico
-0.009233890709767927,0.7173490866409377,7219,GPD,tail,21.39793168391183,0.090625,Puntarenas_OTROS_Hidrometereológico
-0.009233890709767927,0.7173490866409377,7220,GPD,tail,21.39793168391183,0.090625,Puntarenas_OTROS_Hidrometereológico
-0.009233890709767927,0.7173490866409377,7221,GPD,tail,21.39793168391183,0.090625,Puntarenas_OTROS_Hidrometereológico
-0.009233890709767927,0.7173490866409377,7222,GPD,tail,21.39793168391183,0.090625,Puntarenas_OTROS_Hidrometereológico
-0.009233890709767927,0.7173490866409377,7223,GPD,tail,21.39793168391183,0.090625,Puntarenas_OTROS_Hidrometereológico
-0.009233890709767927,0.7173490866409377,7224,GPD,tail,21.39793168391183,0.090625,Puntarenas_OTROS_Hidrometereológico
-0.009233890709767927,0.7173490866409377,7225,GPD,tail,21.39793168391183,0.090625,Puntarenas_OTROS_Hidrometereológico
-0.009233890709767927,0.7173490866409377,7226,GPD,tail,21.39793168391183,0.090625,Puntarenas_OTROS_Hidrometereológico
-0.009233890709767927,0.7173490866409377,7227,GPD,tail,21.39793168391183,0.090625,Puntarenas_OTROS_Hidrometereológico
-0.009233890709767927,0.7173490866409377,7228,GPD,tail,21.39793168391183,0.090625,Puntarenas_OTROS_Hidrometereológico
-0.009233890709767927,0.7173490866409377,7229,GPD,tail,21.39793168391183,0.090625,Puntarenas_OTROS_Hidrometereológico
-0.009233890709767927,0.7173490866409377,7230,GPD,tail,21.39793168391183,0.090625,Puntarenas_OTROS_Hidrometereológico
0.016236242522578475,0.8727289005344964,7231,GPD,tail,21.39793168391183,0.090625,Puntarenas_OTROS_Hidrometereológico
0.016236242522578475,0.8727289005344964,7232,GPD,tail,21.39793168391183,0.090625,Puntarenas_OTROS_Hidrometereológico
0.016236242522578475,0.8727289005344964,7233,GPD,tail,21.39793168391183,0.090625,Puntarenas_OTROS_Hidrometereológico
0.016236242522578475,0.8727289005344964,7234,GPD,tail,21.39793168391183,0.090625,Puntarenas_OTROS_Hidrometereológico
-0.08533347032923433,0.7602084088720087,7235,GPD,tail,21.39793168391183,0.090625,Puntarenas_OTROS_Hidrometereológico
-0.08096211973093201,1.0055959644711319,7236,GPD,tail,21.39793168391183,0.090625,Puntarenas_OTROS_Hidrometereológico
-0.08096211973093201,1.0055959644711319,7237,GPD,tail,21.39793168391183,0.090625,Puntarenas_OTROS_Hidrometereológico
-0.12927361242011437,0.8033581875046858,7238,GPD,tail,21.39793168391183,0.090625,Puntarenas_OTROS_Hidrometereológico
-0.12927361242011437,0.8033581875046858,7239,GPD,tail,21.39793168391183,0.090625,Puntarenas_OTROS_Hidrometereológico
-0.12927361242011437,0.8033581875046858,7240,GPD,tail,21.39793168391183,0.090625,Puntarenas_OTROS_Hidrometereológico
-0.12927361242011437,0.8033581875046858,7241,GPD,tail,21.39793168391183,0.090625,Puntarenas_OTROS_Hidrometereológico
-0.12927361242011437,0.8033581875046858,7242,GPD,tail,21.39793168391183,0.090625,Puntarenas_OTROS_Hidrometereológico
-0.13931904819680926,0.8749542047859653,7243,GPD,tail,21.39793168391183,0.090625,Puntarenas_OTROS_Hidrometereológico
-0.13931904819680926,0.8749542047859653,7244,GPD,tail,21.39793168391183,0.090625,Puntarenas_OTROS_Hidrometereológico
-0.13931904819680926,0.8749542047859653,7245,GPD,tail,21.39793168391183,0.090625,Puntarenas_OTROS_Hidrometereológico
-0.13931904819680926,0.8749542047859653,7246,GPD,tail,21.39793168391183,0.090625,Puntarenas_OTROS_Hidrometereológico
-0.13931904819680926,0.8749542047859653,7247,GPD,tail,21.39793168391183,0.090625,Puntarenas_OTROS_Hidrometereológico
-0.13931904819680926,0.8749542047859653,7248,GPD,tail,21.39793168391183,0.090625,Puntarenas_OTROS_Hidrometereológico
-0.13931904819680926,0.8749542047859653,7249,GPD,tail,21.39793168391183,0.090625,Puntarenas_OTROS_Hidrometereológico
-0.13931904819680926,0.8749542047859653,7250,GPD,tail,21.39793168391183,0.090625,Puntarenas_OTROS_Hidrometereológico
-0.13931904819680926,0.8749542047859653,7251,GPD,tail,21.39793168391183,0.090625,Puntarenas_OTROS_Hidrometereológico
-0.13931904819680926,0.8749542047859653,7252,GPD,tail,21.39793168391183,0.090625,Puntarenas_OTROS_Hidrometereológico
-0.13931904819680926,0.8749542047859653,7253,GPD,tail,21.39793168391183,0.090625,Puntarenas_OTROS_Hidrometereológico
-0.13931904819680926,0.8749542047859653,7254,GPD,tail,21.39793168391183,0.090625,Puntarenas_OTROS_Hidrometereológico
-0.13931904819680926,0.8749542047859653,7255,GPD,tail,21.39793168391183,0.090625,Puntarenas_OTROS_Hidrometereológico
-0.13931904819680926,0.8749542047859653,7256,GPD,tail,21.39793168391183,0.090625,Puntarenas_OTROS_Hidrometereológico
-0.13931904819680926,0.8749542047859653,7257,GPD,tail,21.39793168391183,0.090625,Puntarenas_OTROS_Hidrometereológico
-0.13931904819680926,0.8749542047859653,7258,GPD,tail,21.39793168391183,0.090625,Puntarenas_OTROS_Hidrometereológico
-0.13931904819680926,0.8749542047859653,7259,GPD,tail,21.39793168391183,0.090625,Puntarenas_OTROS_Hidrometereológico
-0.13931904819680926,0.8749542047859653,7260,GPD,tail,21.39793168391183,0.090625,Puntarenas_OTROS_Hidrometereológico
-0.13931904819680926,0.8749542047859653,7261,GPD,tail,21.39793168391183,0.090625,Puntarenas_OTROS_Hidrometereológico
-0.13931904819680926,0.8749542047859653,7262,GPD,tail,21.39793168391183,0.090625,Puntarenas_OTROS_Hidrometereológico
-0.13931904819680926,0.8749542047859653,7263,GPD,tail,21.39793168391183,0.090625,Puntarenas_OTROS_Hidrometereológico
-0.13931904819680926,0.8749542047859653,7264,GPD,tail,21.39793168391183,0.090625,Puntarenas_OTROS_Hidrometereológico
-0.13931904819680926,0.8749542047859653,7265,GPD,tail,21.39793168391183,0.090625,Puntarenas_OTROS_Hidrometereológico
-0.13931904819680926,0.8749542047859653,7266,GPD,tail,21.39793168391183,0.090625,Puntarenas_OTROS_Hidrometereológico
-0.13931904819680926,0.8749542047859653,7267,GPD,tail,21.39793168391183,0.090625,Puntarenas_OTROS_Hidrometereológico
-0.03448907444127085,0.8161236101566586,7268,GPD,tail,21.39793168391183,0.090625,Puntarenas_OTROS_Hidrometereológico
-0.03448907444127085,0.8161236101566586,7269,GPD,tail,21.39793168391183,0.090625,Puntarenas_OTROS_Hidrometereológico
-0.03448907444127085,0.8161236101566586,7270,GPD,tail,21.39793168391183,0.090625,Puntarenas_OTROS_Hidrometereológico
-0.03448907444127085,0.8161236101566586,7271,GPD,tail,21.39793168391183,0.090625,Puntarenas_OTROS_Hidrometereológico
-0.03448907444127085,0.8161236101566586,7272,GPD,tail,21.39793168391183,0.090625,Puntarenas_OTROS_Hidrometereológico
-0.03448907444127085,0.8161236101566586,7273,GPD,tail,21.39793168391183,0.090625,Puntarenas_OTROS_Hidrometereológico
-0.03448907444127085,0.8161236101566586,7274,GPD,tail,21.39793168391183,0.090625,Puntarenas_OTROS_Hidrometereológico
-0.03448907444127085,0.8161236101566586,7275,GPD,tail,21.39793168391183,0.090625,Puntarenas_OTROS_Hidrometereológico
-0.03448907444127085,0.8161236101566586,7276,GPD,tail,21.39793168391183,0.090625,Puntarenas_OTROS_Hidrometereológico
-0.03448907444127085,0.8161236101566586,7277,GPD,tail,21.39793168391183,0.090625,Puntarenas_OTROS_Hidrometereológico
-0.03448907444127085,0.8161236101566586,7278,GPD,tail,21.39793168391183,0.090625,Puntarenas_OTROS_Hidrometereológico
-0.03448907444127085,0.8161236101566586,7279,GPD,tail,21.39793168391183,0.090625,Puntarenas_OTROS_Hidrometereológico
-0.03448907444127085,0.8161236101566586,7280,GPD,tail,21.39793168391183,0.090625,Puntarenas_OTROS_Hidrometereológico
-0.03448907444127085,0.8161236101566586,7281,GPD,tail,21.39793168391183,0.090625,Puntarenas_OTROS_Hidrometereológico
-0.03448907444127085,0.8161236101566586,7282,GPD,tail,21.39793168391183,0.090625,Puntarenas_OTROS_Hidrometereológico
-0.03448907444127085,0.8161236101566586,7283,GPD,tail,21.39793168391183,0.090625,Puntarenas_OTROS_Hidrometereológico
-0.03448907444127085,0.8161236101566586,7284,GPD,tail,21.39793168391183,0.090625,Puntarenas_OTROS_Hidrometereológico
-0.03448907444127085,0.8161236101566586,7285,GPD,tail,21.39793168391183,0.090625,Puntarenas_OTROS_Hidrometereológico
-0.03448907444127085,0.8161236101566586,7286,GPD,tail,21.39793168391183,0.090625,Puntarenas_OTROS_Hidrometereológico
-0.03448907444127085,0.8161236101566586,7287,GPD,tail,21.39793168391183,0.090625,Puntarenas_OTROS_Hidrometereológico
-0.03448907444127085,0.8161236101566586,7288,GPD,tail,21.39793168391183,0.090625,Puntarenas_OTROS_Hidrometereológico
0.0019067381567139663,0.8842655983077637,7289,GPD,tail,21.39793168391183,0.090625,Puntarenas_OTROS_Hidrometereológico
0.0019067381567139663,0.8842655983077637,7290,GPD,tail,21.39793168391183,0.090625,Puntarenas_OTROS_Hidrometereológico
0.0019067381567139663,0.8842655983077637,7291,GPD,tail,21.39793168391183,0.090625,Puntarenas_OTROS_Hidrometereológico
0.07823508622118255,0.833897559337196,7292,GPD,tail,21.39793168391183,0.090625,Puntarenas_OTROS_Hidrometereológico
0.07823508622118255,0.833897559337196,7293,GPD,tail,21.39793168391183,0.090625,Puntarenas_OTROS_Hidrometereológico
0.07823508622118255,0.833897559337196,7294,GPD,tail,21.39793168391183,0.090625,Puntarenas_OTROS_Hidrometereológico
0.07823508622118255,0.833897559337196,7295,GPD,tail,21.39793168391183,0.090625,Puntarenas_OTROS_Hidrometereológico
0.07823508622118255,0.833897559337196,7296,GPD,tail,21.39793168391183,0.090625,Puntarenas_OTROS_Hidrometereológico
0.07823508622118255,0.833897559337196,7297,GPD,tail,21.39793168391183,0.090625,Puntarenas_OTROS_Hidrometereológico
0.07823508622118255,0.833897559337196,7298,GPD,tail,21.39793168391183,0.090625,Puntarenas_OTROS_Hidrometereológico
0.07823508622118255,0.833897559337196,7299,GPD,tail,21.39793168391183,0.090625,Puntarenas_OTROS_Hidrometereológico
0.07823508622118255,0.833897559337196,7300,GPD,tail,21.39793168391183,0.090625,Puntarenas_OTROS_Hidrometereológico
0.07823508622118255,0.833897559337196,7301,GPD,tail,21.39793168391183,0.090625,Puntarenas_OTROS_Hidrometereológico
0.07823508622118255,0.833897559337196,7302,GPD,tail,21.39793168391183,0.090625,Puntarenas_OTROS_Hidrometereológico
0.07823508622118255,0.833897559337196,7303,GPD,tail,21.39793168391183,0.090625,Puntarenas_OTROS_Hidrometereológico
0.07823508622118255,0.833897559337196,7304,GPD,tail,21.39793168391183,0.090625,Puntarenas_OTROS_Hidrometereológico
0.07823508622118255,0.833897559337196,7305,GPD,tail,21.39793168391183,0.090625,Puntarenas_OTROS_Hidrometereológico
0.07823508622118255,0.833897559337196,7306,GPD,tail,21.39793168391183,0.090625,Puntarenas_OTROS_Hidrometereológico
0.07823508622118255,0.833897559337196,7307,GPD,tail,21.39793168391183,0.090625,Puntarenas_OTROS_Hidrometereológico
0.07823508622118255,0.833897559337196,7308,GPD,tail,21.39793168391183,0.090625,Puntarenas_OTROS_Hidrometereológico
0.07823508622118255,0.833897559337196,7309,GPD,tail,21.39793168391183,0.090625,Puntarenas_OTROS_Hidrometereológico
0.07823508622118255,0.833897559337196,7310,GPD,tail,21.39793168391183,0.090625,Puntarenas_OTROS_Hidrometereológico
0.07823508622118255,0.833897559337196,7311,GPD,tail,21.39793168391183,0.090625,Puntarenas_OTROS_Hidrometereológico
0.07823508622118255,0.833897559337196,7312,GPD,tail,21.39793168391183,0.090625,Puntarenas_OTROS_Hidrometereológico
0.07823508622118255,0.833897559337196,7313,GPD,tail,21.39793168391183,0.090625,Puntarenas_OTROS_Hidrometereológico
0.07823508622118255,0.833897559337196,7314,GPD,tail,21.39793168391183,0.090625,Puntarenas_OTROS_Hidrometereológico
0.07823508622118255,0.833897559337196,7315,GPD,tail,21.39793168391183,0.090625,Puntarenas_OTROS_Hidrometereológico
0.07823508622118255,0.833897559337196,7316,GPD,tail,21.39793168391183,0.090625,Puntarenas_OTROS_Hidrometereológico
0.06488897249596773,0.6965745978793376,7317,GPD,tail,21.39793168391183,0.090625,Puntarenas_OTROS_Hidrometereológico
0.06488897249596773,0.6965745978793376,7318,GPD,tail,21.39793168391183,0.090625,Puntarenas_OTROS_Hidrometereológico
0.06488897249596773,0.6965745978793376,7319,GPD,tail,21.39793168391183,0.090625,Puntarenas_OTROS_Hidrometereológico
0.06488897249596773,0.6965745978793376,7320,GPD,tail,21.39793168391183,0.090625,Puntarenas_OTROS_Hidrometereológico
0.06488897249596773,0.6965745978793376,7321,GPD,tail,21.39793168391183,0.090625,Puntarenas_OTROS_Hidrometereológico
0.06488897249596773,0.6965745978793376,7322,GPD,tail,21.39793168391183,0.090625,Puntarenas_OTROS_Hidrometereológico
0.06488897249596773,0.6965745978793376,7323,GPD,tail,21.39793168391183,0.090625,Puntarenas_OTROS_Hidrometereológico
0.06488897249596773,0.6965745978793376,7324,GPD,tail,21.39793168391183,0.090625,Puntarenas_OTROS_Hidrometereológico
0.06488897249596773,0.6965745978793376,7325,GPD,tail,21.39793168391183,0.090625,Puntarenas_OTROS_Hidrometereológico
0.06488897249596773,0.6965745978793376,7326,GPD,tail,21.39793168391183,0.090625,Puntarenas_OTROS_Hidrometereológico
0.06488897249596773,0.6965745978793376,7327,GPD,tail,21.39793168391183,0.090625,Puntarenas_OTROS_Hidrometereológico
-0.03237899729113121,0.8812907175525037,7328,GPD,tail,21.39793168391183,0.090625,Puntarenas_OTROS_Hidrometereológico
-0.03237899729113121,0.8812907175525037,7329,GPD,tail,21.39793168391183,0.090625,Puntarenas_OTROS_Hidrometereológico
-0.03237899729113121,0.8812907175525037,7330,GPD,tail,21.39793168391183,0.090625,Puntarenas_OTROS_Hidrometereológico
-0.03237899729113121,0.8812907175525037,7331,GPD,tail,21.39793168391183,0.090625,Puntarenas_OTROS_Hidrometereológico
-0.03237899729113121,0.8812907175525037,7332,GPD,tail,21.39793168391183,0.090625,Puntarenas_OTROS_Hidrometereológico
-0.13270478126624977,1.046703271069863,7333,GPD,tail,21.39793168391183,0.090625,Puntarenas_OTROS_Hidrometereológico
-0.13270478126624977,1.046703271069863,7334,GPD,tail,21.39793168391183,0.090625,Puntarenas_OTROS_Hidrometereológico
-0.13270478126624977,1.046703271069863,7335,GPD,tail,21.39793168391183,0.090625,Puntarenas_OTROS_Hidrometereológico
-0.13270478126624977,1.046703271069863,7336,GPD,tail,21.39793168391183,0.090625,Puntarenas_OTROS_Hidrometereológico
-0.13270478126624977,1.046703271069863,7337,GPD,tail,21.39793168391183,0.090625,Puntarenas_OTROS_Hidrometereológico
-0.13270478126624977,1.046703271069863,7338,GPD,tail,21.39793168391183,0.090625,Puntarenas_OTROS_Hidrometereológico
-0.13270478126624977,1.046703271069863,7339,GPD,tail,21.39793168391183,0.090625,Puntarenas_OTROS_Hidrometereológico
-0.13270478126624977,1.046703271069863,7340,GPD,tail,21.39793168391183,0.090625,Puntarenas_OTROS_Hidrometereológico
-0.13270478126624977,1.046703271069863,7341,GPD,tail,21.39793168391183,0.090625,Puntarenas_OTROS_Hidrometereológico
-0.13270478126624977,1.046703271069863,7342,GPD,tail,21.39793168391183,0.090625,Puntarenas_OTROS_Hidrometereológico
-0.13270478126624977,1.046703271069863,7343,GPD,tail,21.39793168391183,0.090625,Puntarenas_OTROS_Hidrometereológico
-0.13270478126624977,1.046703271069863,7344,GPD,tail,21.39793168391183,0.090625,Puntarenas_OTROS_Hidrometereológico
-0.13270478126624977,1.046703271069863,7345,GPD,tail,21.39793168391183,0.090625,Puntarenas_OTROS_Hidrometereológico
-0.13270478126624977,1.046703271069863,7346,GPD,tail,21.39793168391183,0.090625,Puntarenas_OTROS_Hidrometereológico
-0.13270478126624977,1.046703271069863,7347,GPD,tail,21.39793168391183,0.090625,Puntarenas_OTROS_Hidrometereológico
-0.13270478126624977,1.046703271069863,7348,GPD,tail,21.39793168391183,0.090625,Puntarenas_OTROS_Hidrometereológico
-0.13270478126624977,1.046703271069863,7349,GPD,tail,21.39793168391183,0.090625,Puntarenas_OTROS_Hidrometereológico
-0.13270478126624977,1.046703271069863,7350,GPD,tail,21.39793168391183,0.090625,Puntarenas_OTROS_Hidrometereológico
-0.13270478126624977,1.046703271069863,7351,GPD,tail,21.39793168391183,0.090625,Puntarenas_OTROS_Hidrometereológico
-0.13270478126624977,1.046703271069863,7352,GPD,tail,21.39793168391183,0.090625,Puntarenas_OTROS_Hidrometereológico
-0.13270478126624977,1.046703271069863,7353,GPD,tail,21.39793168391183,0.090625,Puntarenas_OTROS_Hidrometereológico
-0.13270478126624977,1.046703271069863,7354,GPD,tail,21.39793168391183,0.090625,Puntarenas_OTROS_Hidrometereológico
-0.13270478126624977,1.046703271069863,7355,GPD,tail,21.39793168391183,0.090625,Puntarenas_OTROS_Hidrometereológico
-0.13270478126624977,1.046703271069863,7356,GPD,tail,21.39793168391183,0.090625,Puntarenas_OTROS_Hidrometereológico
-0.13270478126624977,1.046703271069863,7357,GPD,tail,21.39793168391183,0.090625,Puntarenas_OTROS_Hidrometereológico
-0.13270478126624977,1.046703271069863,7358,GPD,tail,21.39793168391183,0.090625,Puntarenas_OTROS_Hidrometereológico
-0.13270478126624977,1.046703271069863,7359,GPD,tail,21.39793168391183,0.090625,Puntarenas_OTROS_Hidrometereológico
-0.13270478126624977,1.046703271069863,7360,GPD,tail,21.39793168391183,0.090625,Puntarenas_OTROS_Hidrometereológico
-0.13270478126624977,1.046703271069863,7361,GPD,tail,21.39793168391183,0.090625,Puntarenas_OTROS_Hidrometereológico
-0.13270478126624977,1.046703271069863,7362,GPD,tail,21.39793168391183,0.090625,Puntarenas_OTROS_Hidrometereológico
-0.13270478126624977,1.046703271069863,7363,GPD,tail,21.39793168391183,0.090625,Puntarenas_OTROS_Hidrometereológico
-0.13270478126624977,1.046703271069863,7364,GPD,tail,21.39793168391183,0.090625,Puntarenas_OTROS_Hidrometereológico
-0.13270478126624977,1.046703271069863,7365,GPD,tail,21.39793168391183,0.090625,Puntarenas_OTROS_Hidrometereológico
-0.13270478126624977,1.046703271069863,7366,GPD,tail,21.39793168391183,0.090625,Puntarenas_OTROS_Hidrometereológico
-0.13270478126624977,1.046703271069863,7367,GPD,tail,21.39793168391183,0.090625,Puntarenas_OTROS_Hidrometereológico
-0.13270478126624977,1.046703271069863,7368,GPD,tail,21.39793168391183,0.090625,Puntarenas_OTROS_Hidrometereológico
-0.13270478126624977,1.046703271069863,7369,GPD,tail,21.39793168391183,0.090625,Puntarenas_OTROS_Hidrometereológico
-0.13270478126624977,1.046703271069863,7370,GPD,tail,21.39793168391183,0.090625,Puntarenas_OTROS_Hidrometereológico
-0.12148282820907427,0.9624539391596736,7371,GPD,tail,21.39793168391183,0.090625,Puntarenas_OTROS_Hidrometereológico
-0.12148282820907427,0.9624539391596736,7372,GPD,tail,21.39793168391183,0.090625,Puntarenas_OTROS_Hidrometereológico
-0.12148282820907427,0.9624539391596736,7373,GPD,tail,21.39793168391183,0.090625,Puntarenas_OTROS_Hidrometereológico
-0.12148282820907427,0.9624539391596736,7374,GPD,tail,21.39793168391183,0.090625,Puntarenas_OTROS_Hidrometereológico
-0.12148282820907427,0.9624539391596736,7375,GPD,tail,21.39793168391183,0.090625,Puntarenas_OTROS_Hidrometereológico
-0.12148282820907427,0.9624539391596736,7376,GPD,tail,21.39793168391183,0.090625,Puntarenas_OTROS_Hidrometereológico
-0.12148282820907427,0.9624539391596736,7377,GPD,tail,21.39793168391183,0.090625,Puntarenas_OTROS_Hidrometereológico
-0.12148282820907427,0.9624539391596736,7378,GPD,tail,21.39793168391183,0.090625,Puntarenas_OTROS_Hidrometereológico
-0.011957966584360227,0.6981432994797698,7379,GPD,tail,21.39793168391183,0.090625,Puntarenas_OTROS_Hidrometereológico
-0.03848885712091772,1.0055344564984448,7380,GPD,tail,21.39793168391183,0.090625,Puntarenas_OTROS_Hidrometereológico
-0.09937301021371636,0.9909880842376971,7381,GPD,tail,21.39793168391183,0.090625,Puntarenas_OTROS_Hidrometereológico
-0.09937301021371636,0.9909880842376971,7382,GPD,tail,21.39793168391183,0.090625,Puntarenas_OTROS_Hidrometereológico
-0.09937301021371636,0.9909880842376971,7383,GPD,tail,21.39793168391183,0.090625,Puntarenas_OTROS_Hidrometereológico
-0.09937301021371636,0.9909880842376971,7384,GPD,tail,21.39793168391183,0.090625,Puntarenas_OTROS_Hidrometereológico
-0.09937301021371636,0.9909880842376971,7385,GPD,tail,21.39793168391183,0.090625,Puntarenas_OTROS_Hidrometereológico
-0.09937301021371636,0.9909880842376971,7386,GPD,tail,21.39793168391183,0.090625,Puntarenas_OTROS_Hidrometereológico
-0.09937301021371636,0.9909880842376971,7387,GPD,tail,21.39793168391183,0.090625,Puntarenas_OTROS_Hidrometereológico
-0.09937301021371636,0.9909880842376971,7388,GPD,tail,21.39793168391183,0.090625,Puntarenas_OTROS_Hidrometereológico
-0.09937301021371636,0.9909880842376971,7389,GPD,tail,21.39793168391183,0.090625,Puntarenas_OTROS_Hidrometereológico
-0.09937301021371636,0.9909880842376971,7390,GPD,tail,21.39793168391183,0.090625,Puntarenas_OTROS_Hidrometereológico
-0.09937301021371636,0.9909880842376971,7391,GPD,tail,21.39793168391183,0.090625,Puntarenas_OTROS_Hidrometereológico
-0.09937301021371636,0.9909880842376971,7392,GPD,tail,21.39793168391183,0.090625,Puntarenas_OTROS_Hidrometereológico
-0.09937301021371636,0.9909880842376971,7393,GPD,tail,21.39793168391183,0.090625,Puntarenas_OTROS_Hidrometereológico
-0.09937301021371636,0.9909880842376971,7394,GPD,tail,21.39793168391183,0.090625,Puntarenas_OTROS_Hidrometereológico
-0.09937301021371636,0.9909880842376971,7395,GPD,tail,21.39793168391183,0.090625,Puntarenas_OTROS_Hidrometereológico
-0.09937301021371636,0.9909880842376971,7396,GPD,tail,21.39793168391183,0.090625,Puntarenas_OTROS_Hidrometereológico
-0.09937301021371636,0.9909880842376971,7397,GPD,tail,21.39793168391183,0.090625,Puntarenas_OTROS_Hidrometereológico
-0.09937301021371636,0.9909880842376971,7398,GPD,tail,21.39793168391183,0.090625,Puntarenas_OTROS_Hidrometereológico
-0.09937301021371636,0.9909880842376971,7399,GPD,tail,21.39793168391183,0.090625,Puntarenas_OTROS_Hidrometereológico
-0.09937301021371636,0.9909880842376971,7400,GPD,tail,21.39793168391183,0.090625,Puntarenas_OTROS_Hidrometereológico
-0.09937301021371636,0.9909880842376971,7401,GPD,tail,21.39793168391183,0.090625,Puntarenas_OTROS_Hidrometereológico
-0.09937301021371636,0.9909880842376971,7402,GPD,tail,21.39793168391183,0.090625,Puntarenas_OTROS_Hidrometereológico
-0.09937301021371636,0.9909880842376971,7403,GPD,tail,21.39793168391183,0.090625,Puntarenas_OTROS_Hidrometereológico
-0.09937301021371636,0.9909880842376971,7404,GPD,tail,21.39793168391183,0.090625,Puntarenas_OTROS_Hidrometereológico
-0.09937301021371636,0.9909880842376971,7405,GPD,tail,21.39793168391183,0.090625,Puntarenas_OTROS_Hidrometereológico
-0.09937301021371636,0.9909880842376971,7406,GPD,tail,21.39793168391183,0.090625,Puntarenas_OTROS_Hidrometereológico
-0.09937301021371636,0.9909880842376971,7407,GPD,tail,21.39793168391183,0.090625,Puntarenas_OTROS_Hidrometereológico
-0.09937301021371636,0.9909880842376971,7408,GPD,tail,21.39793168391183,0.090625,Puntarenas_OTROS_Hidrometereológico
-0.09937301021371636,0.9909880842376971,7409,GPD,tail,21.39793168391183,0.090625,Puntarenas_OTROS_Hidrometereológico
-0.09937301021371636,0.9909880842376971,7410,GPD,tail,21.39793168391183,0.090625,Puntarenas_OTROS_Hidrometereológico
-0.09937301021371636,0.9909880842376971,7411,GPD,tail,21.39793168391183,0.090625,Puntarenas_OTROS_Hidrometereológico
-0.09937301021371636,0.9909880842376971,7412,GPD,tail,21.39793168391183,0.090625,Puntarenas_OTROS_Hidrometereológico
-0.09937301021371636,0.9909880842376971,7413,GPD,tail,21.39793168391183,0.090625,Puntarenas_OTROS_Hidrometereológico
-0.13624867236121802,0.9510752899327654,7414,GPD,tail,21.39793168391183,0.090625,Puntarenas_OTROS_Hidrometereológico
-0.13624867236121802,0.9510752899327654,7415,GPD,tail,21.39793168391183,0.090625,Puntarenas_OTROS_Hidrometereológico
-0.13624867236121802,0.9510752899327654,7416,GPD,tail,21.39793168391183,0.090625,Puntarenas_OTROS_Hidrometereológico
-0.13624867236121802,0.9510752899327654,7417,GPD,tail,21.39793168391183,0.090625,Puntarenas_OTROS_Hidrometereológico
-0.13624867236121802,0.9510752899327654,7418,GPD,tail,21.39793168391183,0.090625,Puntarenas_OTROS_Hidrometereológico
-0.13624867236121802,0.9510752899327654,7419,GPD,tail,21.39793168391183,0.090625,Puntarenas_OTROS_Hidrometereológico
-0.13624867236121802,0.9510752899327654,7420,GPD,tail,21.39793168391183,0.090625,Puntarenas_OTROS_Hidrometereológico
-0.13624867236121802,0.9510752899327654,7421,GPD,tail,21.39793168391183,0.090625,Puntarenas_OTROS_Hidrometereológico
-0.13624867236121802,0.9510752899327654,7422,GPD,tail,21.39793168391183,0.090625,Puntarenas_OTROS_Hidrometereológico
-0.13624867236121802,0.9510752899327654,7423,GPD,tail,21.39793168391183,0.090625,Puntarenas_OTROS_Hidrometereológico
-0.13624867236121802,0.9510752899327654,7424,GPD,tail,21.39793168391183,0.090625,Puntarenas_OTROS_Hidrometereológico
-0.13624867236121802,0.9510752899327654,7425,GPD,tail,21.39793168391183,0.090625,Puntarenas_OTROS_Hidrometereológico
-0.13624867236121802,0.9510752899327654,7426,GPD,tail,21.39793168391183,0.090625,Puntarenas_OTROS_Hidrometereológico
-0.13624867236121802,0.9510752899327654,7427,GPD,tail,21.39793168391183,0.090625,Puntarenas_OTROS_Hidrometereológico
-0.1241760532778562,0.9225018264488799,7428,GPD,tail,21.39793168391183,0.090625,Puntarenas_OTROS_Hidrometereológico
-0.1241760532778562,0.9225018264488799,7429,GPD,tail,21.39793168391183,0.090625,Puntarenas_OTROS_Hidrometereológico
-0.1241760532778562,0.9225018264488799,7430,GPD,tail,21.39793168391183,0.090625,Puntarenas_OTROS_Hidrometereológico
-0.1241760532778562,0.9225018264488799,7431,GPD,tail,21.39793168391183,0.090625,Puntarenas_OTROS_Hidrometereológico
-0.1241760532778562,0.9225018264488799,7432,GPD,tail,21.39793168391183,0.090625,Puntarenas_OTROS_Hidrometereológico
-0.1241760532778562,0.9225018264488799,7433,GPD,tail,21.39793168391183,0.090625,Puntarenas_OTROS_Hidrometereológico
-0.1241760532778562,0.9225018264488799,7434,GPD,tail,21.39793168391183,0.090625,Puntarenas_OTROS_Hidrometereológico
-0.1241760532778562,0.9225018264488799,7435,GPD,tail,21.39793168391183,0.090625,Puntarenas_OTROS_Hidrometereológico
-0.1241760532778562,0.9225018264488799,7436,GPD,tail,21.39793168391183,0.090625,Puntarenas_OTROS_Hidrometereológico
-0.1241760532778562,0.9225018264488799,7437,GPD,tail,21.39793168391183,0.090625,Puntarenas_OTROS_Hidrometereológico
-0.1241760532778562,0.9225018264488799,7438,GPD,tail,21.39793168391183,0.090625,Puntarenas_OTROS_Hidrometereológico
-0.1241760532778562,0.9225018264488799,7439,GPD,tail,21.39793168391183,0.090625,Puntarenas_OTROS_Hidrometereológico
-0.1241760532778562,0.9225018264488799,7440,GPD,tail,21.39793168391183,0.090625,Puntarenas_OTROS_Hidrometereológico
-0.1241760532778562,0.9225018264488799,7441,GPD,tail,21.39793168391183,0.090625,Puntarenas_OTROS_Hidrometereológico
-0.1241760532778562,0.9225018264488799,7442,GPD,tail,21.39793168391183,0.090625,Puntarenas_OTROS_Hidrometereológico
-0.1241760532778562,0.9225018264488799,7443,GPD,tail,21.39793168391183,0.090625,Puntarenas_OTROS_Hidrometereológico
-0.1241760532778562,0.9225018264488799,7444,GPD,tail,21.39793168391183,0.090625,Puntarenas_OTROS_Hidrometereológico
-0.1241760532778562,0.9225018264488799,7445,GPD,tail,21.39793168391183,0.090625,Puntarenas_OTROS_Hidrometereológico
-0.1241760532778562,0.9225018264488799,7446,GPD,tail,21.39793168391183,0.090625,Puntarenas_OTROS_Hidrometereológico
-0.1241760532778562,0.9225018264488799,7447,GPD,tail,21.39793168391183,0.090625,Puntarenas_OTROS_Hidrometereológico
-0.1241760532778562,0.9225018264488799,7448,GPD,tail,21.39793168391183,0.090625,Puntarenas_OTROS_Hidrometereológico
-0.1241760532778562,0.9225018264488799,7449,GPD,tail,21.39793168391183,0.090625,Puntarenas_OTROS_Hidrometereológico
-0.1241760532778562,0.9225018264488799,7450,GPD,tail,21.39793168391183,0.090625,Puntarenas_OTROS_Hidrometereológico
-0.1241760532778562,0.9225018264488799,7451,GPD,tail,21.39793168391183,0.090625,Puntarenas_OTROS_Hidrometereológico
-0.1241760532778562,0.9225018264488799,7452,GPD,tail,21.39793168391183,0.090625,Puntarenas_OTROS_Hidrometereológico
-0.1241760532778562,0.9225018264488799,7453,GPD,tail,21.39793168391183,0.090625,Puntarenas_OTROS_Hidrometereológico
-0.1241760532778562,0.9225018264488799,7454,GPD,tail,21.39793168391183,0.090625,Puntarenas_OTROS_Hidrometereológico
-0.1241760532778562,0.9225018264488799,7455,GPD,tail,21.39793168391183,0.090625,Puntarenas_OTROS_Hidrometereológico
-0.1241760532778562,0.9225018264488799,7456,GPD,tail,21.39793168391183,0.090625,Puntarenas_OTROS_Hidrometereológico
-0.1241760532778562,0.9225018264488799,7457,GPD,tail,21.39793168391183,0.090625,Puntarenas_OTROS_Hidrometereológico
-0.1241760532778562,0.9225018264488799,7458,GPD,tail,21.39793168391183,0.090625,Puntarenas_OTROS_Hidrometereológico
-0.1241760532778562,0.9225018264488799,7459,GPD,tail,21.39793168391183,0.090625,Puntarenas_OTROS_Hidrometereológico
-0.1241760532778562,0.9225018264488799,7460,GPD,tail,21.39793168391183,0.090625,Puntarenas_OTROS_Hidrometereológico
-0.1241760532778562,0.9225018264488799,7461,GPD,tail,21.39793168391183,0.090625,Puntarenas_OTROS_Hidrometereológico
-0.1728789647876746,1.0101840775345756,7462,GPD,tail,21.39793168391183,0.090625,Puntarenas_OTROS_Hidrometereológico
-0.1728789647876746,1.0101840775345756,7463,GPD,tail,21.39793168391183,0.090625,Puntarenas_OTROS_Hidrometereológico
-0.1728789647876746,1.0101840775345756,7464,GPD,tail,21.39793168391183,0.090625,Puntarenas_OTROS_Hidrometereológico
-0.1728789647876746,1.0101840775345756,7465,GPD,tail,21.39793168391183,0.090625,Puntarenas_OTROS_Hidrometereológico
-0.1728789647876746,1.0101840775345756,7466,GPD,tail,21.39793168391183,0.090625,Puntarenas_OTROS_Hidrometereológico
-0.1728789647876746,1.0101840775345756,7467,GPD,tail,21.39793168391183,0.090625,Puntarenas_OTROS_Hidrometereológico
-0.1728789647876746,1.0101840775345756,7468,GPD,tail,21.39793168391183,0.090625,Puntarenas_OTROS_Hidrometereológico
-0.1728789647876746,1.0101840775345756,7469,GPD,tail,21.39793168391183,0.090625,Puntarenas_OTROS_Hidrometereológico
-0.1728789647876746,1.0101840775345756,7470,GPD,tail,21.39793168391183,0.090625,Puntarenas_OTROS_Hidrometereológico
-0.14289627833221397,0.8809512170137218,7471,GPD,tail,21.39793168391183,0.090625,Puntarenas_OTROS_Hidrometereológico
-0.0770560220939477,0.8994820458414754,7472,GPD,tail,21.39793168391183,0.090625,Puntarenas_OTROS_Hidrometereológico
-0.0770560220939477,0.8994820458414754,7473,GPD,tail,21.39793168391183,0.090625,Puntarenas_OTROS_Hidrometereológico
-0.0770560220939477,0.8994820458414754,7474,GPD,tail,21.39793168391183,0.090625,Puntarenas_OTROS_Hidrometereológico
-0.0770560220939477,0.8994820458414754,7475,GPD,tail,21.39793168391183,0.090625,Puntarenas_OTROS_Hidrometereológico
-0.0770560220939477,0.8994820458414754,7476,GPD,tail,21.39793168391183,0.090625,Puntarenas_OTROS_Hidrometereológico
-0.0770560220939477,0.8994820458414754,7477,GPD,tail,21.39793168391183,0.090625,Puntarenas_OTROS_Hidrometereológico
-0.0770560220939477,0.8994820458414754,7478,GPD,tail,21.39793168391183,0.090625,Puntarenas_OTROS_Hidrometereológico
-0.0770560220939477,0.8994820458414754,7479,GPD,tail,21.39793168391183,0.090625,Puntarenas_OTROS_Hidrometereológico
-0.0770560220939477,0.8994820458414754,7480,GPD,tail,21.39793168391183,0.090625,Puntarenas_OTROS_Hidrometereológico
-0.0770560220939477,0.8994820458414754,7481,GPD,tail,21.39793168391183,0.090625,Puntarenas_OTROS_Hidrometereológico
-0.0770560220939477,0.8994820458414754,7482,GPD,tail,21.39793168391183,0.090625,Puntarenas_OTROS_Hidrometereológico
-0.0770560220939477,0.8994820458414754,7483,GPD,tail,21.39793168391183,0.090625,Puntarenas_OTROS_Hidrometereológico
-0.0770560220939477,0.8994820458414754,7484,GPD,tail,21.39793168391183,0.090625,Puntarenas_OTROS_Hidrometereológico
-0.0770560220939477,0.8994820458414754,7485,GPD,tail,21.39793168391183,0.090625,Puntarenas_OTROS_Hidrometereológico
-0.0770560220939477,0.8994820458414754,7486,GPD,tail,21.39793168391183,0.090625,Puntarenas_OTROS_Hidrometereológico
-0.0770560220939477,0.8994820458414754,7487,GPD,tail,21.39793168391183,0.090625,Puntarenas_OTROS_Hidrometereológico
-0.0770560220939477,0.8994820458414754,7488,GPD,tail,21.39793168391183,0.090625,Puntarenas_OTROS_Hidrometereológico
-0.0770560220939477,0.8994820458414754,7489,GPD,tail,21.39793168391183,0.090625,Puntarenas_OTROS_Hidrometereológico
-0.0770560220939477,0.8994820458414754,7490,GPD,tail,21.39793168391183,0.090625,Puntarenas_OTROS_Hidrometereológico
-0.0770560220939477,0.8994820458414754,7491,GPD,tail,21.39793168391183,0.090625,Puntarenas_OTROS_Hidrometereológico
-0.0770560220939477,0.8994820458414754,7492,GPD,tail,21.39793168391183,0.090625,Puntarenas_OTROS_Hidrometereológico
-0.0770560220939477,0.8994820458414754,7493,GPD,tail,21.39793168391183,0.090625,Puntarenas_OTROS_Hidrometereológico
-0.0770560220939477,0.8994820458414754,7494,GPD,tail,21.39793168391183,0.090625,Puntarenas_OTROS_Hidrometereológico
-0.0770560220939477,0.8994820458414754,7495,GPD,tail,21.39793168391183,0.090625,Puntarenas_OTROS_Hidrometereológico
-0.0770560220939477,0.8994820458414754,7496,GPD,tail,21.39793168391183,0.090625,Puntarenas_OTROS_Hidrometereológico
-0.0770560220939477,0.8994820458414754,7497,GPD,tail,21.39793168391183,0.090625,Puntarenas_OTROS_Hidrometereológico
-0.0770560220939477,0.8994820458414754,7498,GPD,tail,21.39793168391183,0.090625,Puntarenas_OTROS_Hidrometereológico
-0.0770560220939477,0.8994820458414754,7499,GPD,tail,21.39793168391183,0.090625,Puntarenas_OTROS_Hidrometereológico
-0.0770560220939477,0.8994820458414754,7500,GPD,tail,21.39793168391183,0.090625,Puntarenas_OTROS_Hidrometereológico
-0.0770560220939477,0.8994820458414754,7501,GPD,tail,21.39793168391183,0.090625,Puntarenas_OTROS_Hidrometereológico
-0.0770560220939477,0.8994820458414754,7502,GPD,tail,21.39793168391183,0.090625,Puntarenas_OTROS_Hidrometereológico
-0.0770560220939477,0.8994820458414754,7503,GPD,tail,21.39793168391183,0.090625,Puntarenas_OTROS_Hidrometereológico
-0.0770560220939477,0.8994820458414754,7504,GPD,tail,21.39793168391183,0.090625,Puntarenas_OTROS_Hidrometereológico
-0.0770560220939477,0.8994820458414754,7505,GPD,tail,21.39793168391183,0.090625,Puntarenas_OTROS_Hidrometereológico
-0.0770560220939477,0.8994820458414754,7506,GPD,tail,21.39793168391183,0.090625,Puntarenas_OTROS_Hidrometereológico
-0.0770560220939477,0.8994820458414754,7507,GPD,tail,21.39793168391183,0.090625,Puntarenas_OTROS_Hidrometereológico
-0.0770560220939477,0.8994820458414754,7508,GPD,tail,21.39793168391183,0.090625,Puntarenas_OTROS_Hidrometereológico
-0.0770560220939477,0.8994820458414754,7509,GPD,tail,21.39793168391183,0.090625,Puntarenas_OTROS_Hidrometereológico
-0.0770560220939477,0.8994820458414754,7510,GPD,tail,21.39793168391183,0.090625,Puntarenas_OTROS_Hidrometereológico
-0.0770560220939477,0.8994820458414754,7511,GPD,tail,21.39793168391183,0.090625,Puntarenas_OTROS_Hidrometereológico
-0.0770560220939477,0.8994820458414754,7512,GPD,tail,21.39793168391183,0.090625,Puntarenas_OTROS_Hidrometereológico
-0.0770560220939477,0.8994820458414754,7513,GPD,tail,21.39793168391183,0.090625,Puntarenas_OTROS_Hidrometereológico
-0.0770560220939477,0.8994820458414754,7514,GPD,tail,21.39793168391183,0.090625,Puntarenas_OTROS_Hidrometereológico
-0.0770560220939477,0.8994820458414754,7515,GPD,tail,21.39793168391183,0.090625,Puntarenas_OTROS_Hidrometereológico
-0.0770560220939477,0.8994820458414754,7516,GPD,tail,21.39793168391183,0.090625,Puntarenas_OTROS_Hidrometereológico
-0.0770560220939477,0.8994820458414754,7517,GPD,tail,21.39793168391183,0.090625,Puntarenas_OTROS_Hidrometereológico
-0.0770560220939477,0.8994820458414754,7518,GPD,tail,21.39793168391183,0.090625,Puntarenas_OTROS_Hidrometereológico
-0.0770560220939477,0.8994820458414754,7519,GPD,tail,21.39793168391183,0.090625,Puntarenas_OTROS_Hidrometereológico
-0.0770560220939477,0.8994820458414754,7520,GPD,tail,21.39793168391183,0.090625,Puntarenas_OTROS_Hidrometereológico
-0.0770560220939477,0.8994820458414754,7521,GPD,tail,21.39793168391183,0.090625,Puntarenas_OTROS_Hidrometereológico
-0.0770560220939477,0.8994820458414754,7522,GPD,tail,21.39793168391183,0.090625,Puntarenas_OTROS_Hidrometereológico
-0.0770560220939477,0.8994820458414754,7523,GPD,tail,21.39793168391183,0.090625,Puntarenas_OTROS_Hidrometereológico
-0.0770560220939477,0.8994820458414754,7524,GPD,tail,21.39793168391183,0.090625,Puntarenas_OTROS_Hidrometereológico
-0.0770560220939477,0.8994820458414754,7525,GPD,tail,21.39793168391183,0.090625,Puntarenas_OTROS_Hidrometereológico
-0.0770560220939477,0.8994820458414754,7526,GPD,tail,21.39793168391183,0.090625,Puntarenas_OTROS_Hidrometereológico
-0.0770560220939477,0.8994820458414754,7527,GPD,tail,21.39793168391183,0.090625,Puntarenas_OTROS_Hidrometereológico
-0.0770560220939477,0.8994820458414754,7528,GPD,tail,21.39793168391183,0.090625,Puntarenas_OTROS_Hidrometereológico
-0.0770560220939477,0.8994820458414754,7529,GPD,tail,21.39793168391183,0.090625,Puntarenas_OTROS_Hidrometereológico
-0.0770560220939477,0.8994820458414754,7530,GPD,tail,21.39793168391183,0.090625,Puntarenas_OTROS_Hidrometereológico
-0.0770560220939477,0.8994820458414754,7531,GPD,tail,21.39793168391183,0.090625,Puntarenas_OTROS_Hidrometereológico
-0.0770560220939477,0.8994820458414754,7532,GPD,tail,21.39793168391183,0.090625,Puntarenas_OTROS_Hidrometereológico
-0.0770560220939477,0.8994820458414754,7533,GPD,tail,21.39793168391183,0.090625,Puntarenas_OTROS_Hidrometereológico
-0.0770560220939477,0.8994820458414754,7534,GPD,tail,21.39793168391183,0.090625,Puntarenas_OTROS_Hidrometereológico
-0.0770560220939477,0.8994820458414754,7535,GPD,tail,21.39793168391183,0.090625,Puntarenas_OTROS_Hidrometereológico
-0.0770560220939477,0.8994820458414754,7536,GPD,tail,21.39793168391183,0.090625,Puntarenas_OTROS_Hidrometereológico
-0.0770560220939477,0.8994820458414754,7537,GPD,tail,21.39793168391183,0.090625,Puntarenas_OTROS_Hidrometereológico
-0.0770560220939477,0.8994820458414754,7538,GPD,tail,21.39793168391183,0.090625,Puntarenas_OTROS_Hidrometereológico
-0.0770560220939477,0.8994820458414754,7539,GPD,tail,21.39793168391183,0.090625,Puntarenas_OTROS_Hidrometereológico
-0.0770560220939477,0.8994820458414754,7540,GPD,tail,21.39793168391183,0.090625,Puntarenas_OTROS_Hidrometereológico
-0.0770560220939477,0.8994820458414754,7541,GPD,tail,21.39793168391183,0.090625,Puntarenas_OTROS_Hidrometereológico
-0.0770560220939477,0.8994820458414754,7542,GPD,tail,21.39793168391183,0.090625,Puntarenas_OTROS_Hidrometereológico
-0.0770560220939477,0.8994820458414754,7543,GPD,tail,21.39793168391183,0.090625,Puntarenas_OTROS_Hidrometereológico
-0.0770560220939477,0.8994820458414754,7544,GPD,tail,21.39793168391183,0.090625,Puntarenas_OTROS_Hidrometereológico
-0.0770560220939477,0.8994820458414754,7545,GPD,tail,21.39793168391183,0.090625,Puntarenas_OTROS_Hidrometereológico
-0.0770560220939477,0.8994820458414754,7546,GPD,tail,21.39793168391183,0.090625,Puntarenas_OTROS_Hidrometereológico
-0.0770560220939477,0.8994820458414754,7547,GPD,tail,21.39793168391183,0.090625,Puntarenas_OTROS_Hidrometereológico
-0.0770560220939477,0.8994820458414754,7548,GPD,tail,21.39793168391183,0.090625,Puntarenas_OTROS_Hidrometereológico
-0.0770560220939477,0.8994820458414754,7549,GPD,tail,21.39793168391183,0.090625,Puntarenas_OTROS_Hidrometereológico
-0.0770560220939477,0.8994820458414754,7550,GPD,tail,21.39793168391183,0.090625,Puntarenas_OTROS_Hidrometereológico
-0.0770560220939477,0.8994820458414754,7551,GPD,tail,21.39793168391183,0.090625,Puntarenas_OTROS_Hidrometereológico
-0.0770560220939477,0.8994820458414754,7552,GPD,tail,21.39793168391183,0.090625,Puntarenas_OTROS_Hidrometereológico
-0.0770560220939477,0.8994820458414754,7553,GPD,tail,21.39793168391183,0.090625,Puntarenas_OTROS_Hidrometereológico
-0.0770560220939477,0.8994820458414754,7554,GPD,tail,21.39793168391183,0.090625,Puntarenas_OTROS_Hidrometereológico
-0.0770560220939477,0.8994820458414754,7555,GPD,tail,21.39793168391183,0.090625,Puntarenas_OTROS_Hidrometereológico
-0.0770560220939477,0.8994820458414754,7556,GPD,tail,21.39793168391183,0.090625,Puntarenas_OTROS_Hidrometereológico
-0.05288353566752571,0.7970966371563909,7557,GPD,tail,21.39793168391183,0.090625,Puntarenas_OTROS_Hidrometereológico
-0.05288353566752571,0.7970966371563909,7558,GPD,tail,21.39793168391183,0.090625,Puntarenas_OTROS_Hidrometereológico
-0.05288353566752571,0.7970966371563909,7559,GPD,tail,21.39793168391183,0.090625,Puntarenas_OTROS_Hidrometereológico
-0.05288353566752571,0.7970966371563909,7560,GPD,tail,21.39793168391183,0.090625,Puntarenas_OTROS_Hidrometereológico
-0.05288353566752571,0.7970966371563909,7561,GPD,tail,21.39793168391183,0.090625,Puntarenas_OTROS_Hidrometereológico
-0.1427423501595687,0.8333974729120394,7562,GPD,tail,21.39793168391183,0.090625,Puntarenas_OTROS_Hidrometereológico
-0.1427423501595687,0.8333974729120394,7563,GPD,tail,21.39793168391183,0.090625,Puntarenas_OTROS_Hidrometereológico
-0.1427423501595687,0.8333974729120394,7564,GPD,tail,21.39793168391183,0.090625,Puntarenas_OTROS_Hidrometereológico
-0.1427423501595687,0.8333974729120394,7565,GPD,tail,21.39793168391183,0.090625,Puntarenas_OTROS_Hidrometereológico
-0.1427423501595687,0.8333974729120394,7566,GPD,tail,21.39793168391183,0.090625,Puntarenas_OTROS_Hidrometereológico
-0.1427423501595687,0.8333974729120394,7567,GPD,tail,21.39793168391183,0.090625,Puntarenas_OTROS_Hidrometereológico
-0.16701255942437174,1.03293263394443,7568,GPD,tail,21.39793168391183,0.090625,Puntarenas_OTROS_Hidrometereológico
-0.16701255942437174,1.03293263394443,7569,GPD,tail,21.39793168391183,0.090625,Puntarenas_OTROS_Hidrometereológico
-0.16701255942437174,1.03293263394443,7570,GPD,tail,21.39793168391183,0.090625,Puntarenas_OTROS_Hidrometereológico
-0.16701255942437174,1.03293263394443,7571,GPD,tail,21.39793168391183,0.090625,Puntarenas_OTROS_Hidrometereológico
-0.16701255942437174,1.03293263394443,7572,GPD,tail,21.39793168391183,0.090625,Puntarenas_OTROS_Hidrometereológico
-0.13504638287933846,0.9005388044264613,7573,GPD,tail,21.39793168391183,0.090625,Puntarenas_OTROS_Hidrometereológico
-0.13504638287933846,0.9005388044264613,7574,GPD,tail,21.39793168391183,0.090625,Puntarenas_OTROS_Hidrometereológico
-0.13504638287933846,0.9005388044264613,7575,GPD,tail,21.39793168391183,0.090625,Puntarenas_OTROS_Hidrometereológico
-0.13504638287933846,0.9005388044264613,7576,GPD,tail,21.39793168391183,0.090625,Puntarenas_OTROS_Hidrometereológico
-0.13504638287933846,0.9005388044264613,7577,GPD,tail,21.39793168391183,0.090625,Puntarenas_OTROS_Hidrometereológico
-0.13504638287933846,0.9005388044264613,7578,GPD,tail,21.39793168391183,0.090625,Puntarenas_OTROS_Hidrometereológico
-0.13504638287933846,0.9005388044264613,7579,GPD,tail,21.39793168391183,0.090625,Puntarenas_OTROS_Hidrometereológico
-0.13504638287933846,0.9005388044264613,7580,GPD,tail,21.39793168391183,0.090625,Puntarenas_OTROS_Hidrometereológico
-0.13504638287933846,0.9005388044264613,7581,GPD,tail,21.39793168391183,0.090625,Puntarenas_OTROS_Hidrometereológico
-0.13504638287933846,0.9005388044264613,7582,GPD,tail,21.39793168391183,0.090625,Puntarenas_OTROS_Hidrometereológico
-0.13504638287933846,0.9005388044264613,7583,GPD,tail,21.39793168391183,0.090625,Puntarenas_OTROS_Hidrometereológico
-0.13504638287933846,0.9005388044264613,7584,GPD,tail,21.39793168391183,0.090625,Puntarenas_OTROS_Hidrometereológico
-0.13504638287933846,0.9005388044264613,7585,GPD,tail,21.39793168391183,0.090625,Puntarenas_OTROS_Hidrometereológico
-0.13504638287933846,0.9005388044264613,7586,GPD,tail,21.39793168391183,0.090625,Puntarenas_OTROS_Hidrometereológico
-0.13504638287933846,0.9005388044264613,7587,GPD,tail,21.39793168391183,0.090625,Puntarenas_OTROS_Hidrometereológico
-0.13504638287933846,0.9005388044264613,7588,GPD,tail,21.39793168391183,0.090625,Puntarenas_OTROS_Hidrometereológico
-0.13504638287933846,0.9005388044264613,7589,GPD,tail,21.39793168391183,0.090625,Puntarenas_OTROS_Hidrometereológico
-0.13504638287933846,0.9005388044264613,7590,GPD,tail,21.39793168391183,0.090625,Puntarenas_OTROS_Hidrometereológico
-0.13504638287933846,0.9005388044264613,7591,GPD,tail,21.39793168391183,0.090625,Puntarenas_OTROS_Hidrometereológico
-0.13504638287933846,0.9005388044264613,7592,GPD,tail,21.39793168391183,0.090625,Puntarenas_OTROS_Hidrometereológico
-0.13504638287933846,0.9005388044264613,7593,GPD,tail,21.39793168391183,0.090625,Puntarenas_OTROS_Hidrometereológico
-0.13504638287933846,0.9005388044264613,7594,GPD,tail,21.39793168391183,0.090625,Puntarenas_OTROS_Hidrometereológico
-0.13504638287933846,0.9005388044264613,7595,GPD,tail,21.39793168391183,0.090625,Puntarenas_OTROS_Hidrometereológico
-0.13504638287933846,0.9005388044264613,7596,GPD,tail,21.39793168391183,0.090625,Puntarenas_OTROS_Hidrometereológico
-0.13504638287933846,0.9005388044264613,7597,GPD,tail,21.39793168391183,0.090625,Puntarenas_OTROS_Hidrometereológico
-0.13504638287933846,0.9005388044264613,7598,GPD,tail,21.39793168391183,0.090625,Puntarenas_OTROS_Hidrometereológico
-0.13504638287933846,0.9005388044264613,7599,GPD,tail,21.39793168391183,0.090625,Puntarenas_OTROS_Hidrometereológico
-0.13504638287933846,0.9005388044264613,7600,GPD,tail,21.39793168391183,0.090625,Puntarenas_OTROS_Hidrometereológico
-0.13504638287933846,0.9005388044264613,7601,GPD,tail,21.39793168391183,0.090625,Puntarenas_OTROS_Hidrometereológico
-0.13813377618154027,0.9888176170978575,7602,GPD,tail,21.39793168391183,0.090625,Puntarenas_OTROS_Hidrometereológico
-0.13813377618154027,0.9888176170978575,7603,GPD,tail,21.39793168391183,0.090625,Puntarenas_OTROS_Hidrometereológico
-0.13813377618154027,0.9888176170978575,7604,GPD,tail,21.39793168391183,0.090625,Puntarenas_OTROS_Hidrometereológico
-0.13813377618154027,0.9888176170978575,7605,GPD,tail,21.39793168391183,0.090625,Puntarenas_OTROS_Hidrometereológico
-0.13813377618154027,0.9888176170978575,7606,GPD,tail,21.39793168391183,0.090625,Puntarenas_OTROS_Hidrometereológico
-0.13813377618154027,0.9888176170978575,7607,GPD,tail,21.39793168391183,0.090625,Puntarenas_OTROS_Hidrometereológico
-0.13813377618154027,0.9888176170978575,7608,GPD,tail,21.39793168391183,0.090625,Puntarenas_OTROS_Hidrometereológico
-0.13813377618154027,0.9888176170978575,7609,GPD,tail,21.39793168391183,0.090625,Puntarenas_OTROS_Hidrometereológico
-0.13813377618154027,0.9888176170978575,7610,GPD,tail,21.39793168391183,0.090625,Puntarenas_OTROS_Hidrometereológico
-0.10495140078298631,0.990522860769194,7611,GPD,tail,21.39793168391183,0.090625,Puntarenas_OTROS_Hidrometereológico
-0.10495140078298631,0.990522860769194,7612,GPD,tail,21.39793168391183,0.090625,Puntarenas_OTROS_Hidrometereológico
-0.10495140078298631,0.990522860769194,7613,GPD,tail,21.39793168391183,0.090625,Puntarenas_OTROS_Hidrometereológico
-0.10495140078298631,0.990522860769194,7614,GPD,tail,21.39793168391183,0.090625,Puntarenas_OTROS_Hidrometereológico
-0.10495140078298631,0.990522860769194,7615,GPD,tail,21.39793168391183,0.090625,Puntarenas_OTROS_Hidrometereológico
-0.10495140078298631,0.990522860769194,7616,GPD,tail,21.39793168391183,0.090625,Puntarenas_OTROS_Hidrometereológico
-0.10495140078298631,0.990522860769194,7617,GPD,tail,21.39793168391183,0.090625,Puntarenas_OTROS_Hidrometereológico
-0.10495140078298631,0.990522860769194,7618,GPD,tail,21.39793168391183,0.090625,Puntarenas_OTROS_Hidrometereológico
-0.10495140078298631,0.990522860769194,7619,GPD,tail,21.39793168391183,0.090625,Puntarenas_OTROS_Hidrometereológico
-0.10495140078298631,0.990522860769194,7620,GPD,tail,21.39793168391183,0.090625,Puntarenas_OTROS_Hidrometereológico
-0.10495140078298631,0.990522860769194,7621,GPD,tail,21.39793168391183,0.090625,Puntarenas_OTROS_Hidrometereológico
-0.030669856460565262,0.7009193389426833,7622,GPD,tail,21.39793168391183,0.090625,Puntarenas_OTROS_Hidrometereológico
-0.030669856460565262,0.7009193389426833,7623,GPD,tail,21.39793168391183,0.090625,Puntarenas_OTROS_Hidrometereológico
-0.030669856460565262,0.7009193389426833,7624,GPD,tail,21.39793168391183,0.090625,Puntarenas_OTROS_Hidrometereológico
-0.030669856460565262,0.7009193389426833,7625,GPD,tail,21.39793168391183,0.090625,Puntarenas_OTROS_Hidrometereológico
-0.030669856460565262,0.7009193389426833,7626,GPD,tail,21.39793168391183,0.090625,Puntarenas_OTROS_Hidrometereológico
-0.030669856460565262,0.7009193389426833,7627,GPD,tail,21.39793168391183,0.090625,Puntarenas_OTROS_Hidrometereológico
-0.030669856460565262,0.7009193389426833,7628,GPD,tail,21.39793168391183,0.090625,Puntarenas_OTROS_Hidrometereológico
-0.030669856460565262,0.7009193389426833,7629,GPD,tail,21.39793168391183,0.090625,Puntarenas_OTROS_Hidrometereológico
-0.030669856460565262,0.7009193389426833,7630,GPD,tail,21.39793168391183,0.090625,Puntarenas_OTROS_Hidrometereológico
-0.030669856460565262,0.7009193389426833,7631,GPD,tail,21.39793168391183,0.090625,Puntarenas_OTROS_Hidrometereológico
-0.10580700307498539,0.9156334941360856,7632,GPD,tail,21.39793168391183,0.090625,Puntarenas_OTROS_Hidrometereológico
-0.10580700307498539,0.9156334941360856,7633,GPD,tail,21.39793168391183,0.090625,Puntarenas_OTROS_Hidrometereológico
-0.10580700307498539,0.9156334941360856,7634,GPD,tail,21.39793168391183,0.090625,Puntarenas_OTROS_Hidrometereológico
-0.10580700307498539,0.9156334941360856,7635,GPD,tail,21.39793168391183,0.090625,Puntarenas_OTROS_Hidrometereológico
-0.10580700307498539,0.9156334941360856,7636,GPD,tail,21.39793168391183,0.090625,Puntarenas_OTROS_Hidrometereológico
-0.10580700307498539,0.9156334941360856,7637,GPD,tail,21.39793168391183,0.090625,Puntarenas_OTROS_Hidrometereológico
-0.10580700307498539,0.9156334941360856,7638,GPD,tail,21.39793168391183,0.090625,Puntarenas_OTROS_Hidrometereológico
-0.10580700307498539,0.9156334941360856,7639,GPD,tail,21.39793168391183,0.090625,Puntarenas_OTROS_Hidrometereológico
-0.10580700307498539,0.9156334941360856,7640,GPD,tail,21.39793168391183,0.090625,Puntarenas_OTROS_Hidrometereológico
-0.10580700307498539,0.9156334941360856,7641,GPD,tail,21.39793168391183,0.090625,Puntarenas_OTROS_Hidrometereológico
-0.10580700307498539,0.9156334941360856,7642,GPD,tail,21.39793168391183,0.090625,Puntarenas_OTROS_Hidrometereológico
-0.10580700307498539,0.9156334941360856,7643,GPD,tail,21.39793168391183,0.090625,Puntarenas_OTROS_Hidrometereológico
-0.10580700307498539,0.9156334941360856,7644,GPD,tail,21.39793168391183,0.090625,Puntarenas_OTROS_Hidrometereológico
-0.10580700307498539,0.9156334941360856,7645,GPD,tail,21.39793168391183,0.090625,Puntarenas_OTROS_Hidrometereológico
-0.10580700307498539,0.9156334941360856,7646,GPD,tail,21.39793168391183,0.090625,Puntarenas_OTROS_Hidrometereológico
-0.10580700307498539,0.9156334941360856,7647,GPD,tail,21.39793168391183,0.090625,Puntarenas_OTROS_Hidrometereológico
-0.10580700307498539,0.9156334941360856,7648,GPD,tail,21.39793168391183,0.090625,Puntarenas_OTROS_Hidrometereológico
-0.10580700307498539,0.9156334941360856,7649,GPD,tail,21.39793168391183,0.090625,Puntarenas_OTROS_Hidrometereológico
-0.10580700307498539,0.9156334941360856,7650,GPD,tail,21.39793168391183,0.090625,Puntarenas_OTROS_Hidrometereológico
-0.10580700307498539,0.9156334941360856,7651,GPD,tail,21.39793168391183,0.090625,Puntarenas_OTROS_Hidrometereológico
-0.10580700307498539,0.9156334941360856,7652,GPD,tail,21.39793168391183,0.090625,Puntarenas_OTROS_Hidrometereológico
-0.10580700307498539,0.9156334941360856,7653,GPD,tail,21.39793168391183,0.090625,Puntarenas_OTROS_Hidrometereológico
-0.10580700307498539,0.9156334941360856,7654,GPD,tail,21.39793168391183,0.090625,Puntarenas_OTROS_Hidrometereológico
-0.10580700307498539,0.9156334941360856,7655,GPD,tail,21.39793168391183,0.090625,Puntarenas_OTROS_Hidrometereológico
-0.10580700307498539,0.9156334941360856,7656,GPD,tail,21.39793168391183,0.090625,Puntarenas_OTROS_Hidrometereológico
-0.10580700307498539,0.9156334941360856,7657,GPD,tail,21.39793168391183,0.090625,Puntarenas_OTROS_Hidrometereológico
-0.10580700307498539,0.9156334941360856,7658,GPD,tail,21.39793168391183,0.090625,Puntarenas_OTROS_Hidrometereológico
-0.10580700307498539,0.9156334941360856,7659,GPD,tail,21.39793168391183,0.090625,Puntarenas_OTROS_Hidrometereológico
-0.10580700307498539,0.9156334941360856,7660,GPD,tail,21.39793168391183,0.090625,Puntarenas_OTROS_Hidrometereológico
-0.10580700307498539,0.9156334941360856,7661,GPD,tail,21.39793168391183,0.090625,Puntarenas_OTROS_Hidrometereológico
-0.10580700307498539,0.9156334941360856,7662,GPD,tail,21.39793168391183,0.090625,Puntarenas_OTROS_Hidrometereológico
-0.10580700307498539,0.9156334941360856,7663,GPD,tail,21.39793168391183,0.090625,Puntarenas_OTROS_Hidrometereológico
-0.10580700307498539,0.9156334941360856,7664,GPD,tail,21.39793168391183,0.090625,Puntarenas_OTROS_Hidrometereológico
-0.10580700307498539,0.9156334941360856,7665,GPD,tail,21.39793168391183,0.090625,Puntarenas_OTROS_Hidrometereológico
-0.10580700307498539,0.9156334941360856,7666,GPD,tail,21.39793168391183,0.090625,Puntarenas_OTROS_Hidrometereológico
-0.10580700307498539,0.9156334941360856,7667,GPD,tail,21.39793168391183,0.090625,Puntarenas_OTROS_Hidrometereológico
-0.10580700307498539,0.9156334941360856,7668,GPD,tail,21.39793168391183,0.090625,Puntarenas_OTROS_Hidrometereológico
-0.10580700307498539,0.9156334941360856,7669,GPD,tail,21.39793168391183,0.090625,Puntarenas_OTROS_Hidrometereológico
-0.10580700307498539,0.9156334941360856,7670,GPD,tail,21.39793168391183,0.090625,Puntarenas_OTROS_Hidrometereológico
-0.10580700307498539,0.9156334941360856,7671,GPD,tail,21.39793168391183,0.090625,Puntarenas_OTROS_Hidrometereológico
-0.10580700307498539,0.9156334941360856,7672,GPD,tail,21.39793168391183,0.090625,Puntarenas_OTROS_Hidrometereológico
-0.10580700307498539,0.9156334941360856,7673,GPD,tail,21.39793168391183,0.090625,Puntarenas_OTROS_Hidrometereológico
-0.10580700307498539,0.9156334941360856,7674,GPD,tail,21.39793168391183,0.090625,Puntarenas_OTROS_Hidrometereológico
-0.10580700307498539,0.9156334941360856,7675,GPD,tail,21.39793168391183,0.090625,Puntarenas_OTROS_Hidrometereológico
-0.10580700307498539,0.9156334941360856,7676,GPD,tail,21.39793168391183,0.090625,Puntarenas_OTROS_Hidrometereológico
-0.02079013889075458,0.8805231782202262,7677,GPD,tail,21.39793168391183,0.090625,Puntarenas_OTROS_Hidrometereológico
-0.02079013889075458,0.8805231782202262,7678,GPD,tail,21.39793168391183,0.090625,Puntarenas_OTROS_Hidrometereológico
-0.02079013889075458,0.8805231782202262,7679,GPD,tail,21.39793168391183,0.090625,Puntarenas_OTROS_Hidrometereológico
-0.02079013889075458,0.8805231782202262,7680,GPD,tail,21.39793168391183,0.090625,Puntarenas_OTROS_Hidrometereológico
-0.02079013889075458,0.8805231782202262,7681,GPD,tail,21.39793168391183,0.090625,Puntarenas_OTROS_Hidrometereológico
-0.02079013889075458,0.8805231782202262,7682,GPD,tail,21.39793168391183,0.090625,Puntarenas_OTROS_Hidrometereológico
-0.02079013889075458,0.8805231782202262,7683,GPD,tail,21.39793168391183,0.090625,Puntarenas_OTROS_Hidrometereológico
-0.02079013889075458,0.8805231782202262,7684,GPD,tail,21.39793168391183,0.090625,Puntarenas_OTROS_Hidrometereológico
-0.02079013889075458,0.8805231782202262,7685,GPD,tail,21.39793168391183,0.090625,Puntarenas_OTROS_Hidrometereológico
-0.02079013889075458,0.8805231782202262,7686,GPD,tail,21.39793168391183,0.090625,Puntarenas_OTROS_Hidrometereológico
-0.02079013889075458,0.8805231782202262,7687,GPD,tail,21.39793168391183,0.090625,Puntarenas_OTROS_Hidrometereológico
-0.02079013889075458,0.8805231782202262,7688,GPD,tail,21.39793168391183,0.090625,Puntarenas_OTROS_Hidrometereológico
-0.02079013889075458,0.8805231782202262,7689,GPD,tail,21.39793168391183,0.090625,Puntarenas_OTROS_Hidrometereológico
-0.02079013889075458,0.8805231782202262,7690,GPD,tail,21.39793168391183,0.090625,Puntarenas_OTROS_Hidrometereológico
-0.1370090401768819,0.9232945992189776,7691,GPD,tail,21.39793168391183,0.090625,Puntarenas_OTROS_Hidrometereológico
-0.1370090401768819,0.9232945992189776,7692,GPD,tail,21.39793168391183,0.090625,Puntarenas_OTROS_Hidrometereológico
-0.1370090401768819,0.9232945992189776,7693,GPD,tail,21.39793168391183,0.090625,Puntarenas_OTROS_Hidrometereológico
-0.1370090401768819,0.9232945992189776,7694,GPD,tail,21.39793168391183,0.090625,Puntarenas_OTROS_Hidrometereológico
-0.15115282589026893,0.9421587622073639,7695,GPD,tail,21.39793168391183,0.090625,Puntarenas_OTROS_Hidrometereológico
-0.15115282589026893,0.9421587622073639,7696,GPD,tail,21.39793168391183,0.090625,Puntarenas_OTROS_Hidrometereológico
-0.15115282589026893,0.9421587622073639,7697,GPD,tail,21.39793168391183,0.090625,Puntarenas_OTROS_Hidrometereológico
-0.15115282589026893,0.9421587622073639,7698,GPD,tail,21.39793168391183,0.090625,Puntarenas_OTROS_Hidrometereológico
-0.15115282589026893,0.9421587622073639,7699,GPD,tail,21.39793168391183,0.090625,Puntarenas_OTROS_Hidrometereológico
-0.15115282589026893,0.9421587622073639,7700,GPD,tail,21.39793168391183,0.090625,Puntarenas_OTROS_Hidrometereológico
-0.15115282589026893,0.9421587622073639,7701,GPD,tail,21.39793168391183,0.090625,Puntarenas_OTROS_Hidrometereológico
-0.15115282589026893,0.9421587622073639,7702,GPD,tail,21.39793168391183,0.090625,Puntarenas_OTROS_Hidrometereológico
-0.15115282589026893,0.9421587622073639,7703,GPD,tail,21.39793168391183,0.090625,Puntarenas_OTROS_Hidrometereológico
-0.15115282589026893,0.9421587622073639,7704,GPD,tail,21.39793168391183,0.090625,Puntarenas_OTROS_Hidrometereológico
-0.09575965435971112,0.798621034312664,7705,GPD,tail,21.39793168391183,0.090625,Puntarenas_OTROS_Hidrometereológico
-0.09575965435971112,0.798621034312664,7706,GPD,tail,21.39793168391183,0.090625,Puntarenas_OTROS_Hidrometereológico
-0.09575965435971112,0.798621034312664,7707,GPD,tail,21.39793168391183,0.090625,Puntarenas_OTROS_Hidrometereológico
-0.09575965435971112,0.798621034312664,7708,GPD,tail,21.39793168391183,0.090625,Puntarenas_OTROS_Hidrometereológico
-0.09289129853287126,0.8177835009014393,7709,GPD,tail,21.39793168391183,0.090625,Puntarenas_OTROS_Hidrometereológico
-0.09289129853287126,0.8177835009014393,7710,GPD,tail,21.39793168391183,0.090625,Puntarenas_OTROS_Hidrometereológico
-0.09289129853287126,0.8177835009014393,7711,GPD,tail,21.39793168391183,0.090625,Puntarenas_OTROS_Hidrometereológico
-0.09289129853287126,0.8177835009014393,7712,GPD,tail,21.39793168391183,0.090625,Puntarenas_OTROS_Hidrometereológico
-0.07479664364856586,0.9881481422183299,7713,GPD,tail,21.39793168391183,0.090625,Puntarenas_OTROS_Hidrometereológico
-0.06326407000265989,0.8226587301896954,7714,GPD,tail,21.39793168391183,0.090625,Puntarenas_OTROS_Hidrometereológico
-0.06326407000265989,0.8226587301896954,7715,GPD,tail,21.39793168391183,0.090625,Puntarenas_OTROS_Hidrometereológico
-0.06326407000265989,0.8226587301896954,7716,GPD,tail,21.39793168391183,0.090625,Puntarenas_OTROS_Hidrometereológico
-0.06326407000265989,0.8226587301896954,7717,GPD,tail,21.39793168391183,0.090625,Puntarenas_OTROS_Hidrometereológico
-0.06326407000265989,0.8226587301896954,7718,GPD,tail,21.39793168391183,0.090625,Puntarenas_OTROS_Hidrometereológico
-0.06326407000265989,0.8226587301896954,7719,GPD,tail,21.39793168391183,0.090625,Puntarenas_OTROS_Hidrometereológico
-0.06326407000265989,0.8226587301896954,7720,GPD,tail,21.39793168391183,0.090625,Puntarenas_OTROS_Hidrometereológico
-0.06326407000265989,0.8226587301896954,7721,GPD,tail,21.39793168391183,0.090625,Puntarenas_OTROS_Hidrometereológico
-0.06326407000265989,0.8226587301896954,7722,GPD,tail,21.39793168391183,0.090625,Puntarenas_OTROS_Hidrometereológico
-0.06326407000265989,0.8226587301896954,7723,GPD,tail,21.39793168391183,0.090625,Puntarenas_OTROS_Hidrometereológico
-0.06326407000265989,0.8226587301896954,7724,GPD,tail,21.39793168391183,0.090625,Puntarenas_OTROS_Hidrometereológico
-0.06326407000265989,0.8226587301896954,7725,GPD,tail,21.39793168391183,0.090625,Puntarenas_OTROS_Hidrometereológico
-0.06326407000265989,0.8226587301896954,7726,GPD,tail,21.39793168391183,0.090625,Puntarenas_OTROS_Hidrometereológico
-0.06326407000265989,0.8226587301896954,7727,GPD,tail,21.39793168391183,0.090625,Puntarenas_OTROS_Hidrometereológico
-0.06326407000265989,0.8226587301896954,7728,GPD,tail,21.39793168391183,0.090625,Puntarenas_OTROS_Hidrometereológico
-0.06326407000265989,0.8226587301896954,7729,GPD,tail,21.39793168391183,0.090625,Puntarenas_OTROS_Hidrometereológico
-0.06326407000265989,0.8226587301896954,7730,GPD,tail,21.39793168391183,0.090625,Puntarenas_OTROS_Hidrometereológico
-0.06326407000265989,0.8226587301896954,7731,GPD,tail,21.39793168391183,0.090625,Puntarenas_OTROS_Hidrometereológico
-0.06326407000265989,0.8226587301896954,7732,GPD,tail,21.39793168391183,0.090625,Puntarenas_OTROS_Hidrometereológico
-0.06326407000265989,0.8226587301896954,7733,GPD,tail,21.39793168391183,0.090625,Puntarenas_OTROS_Hidrometereológico
-0.08013530554372521,0.9144437624611538,7734,GPD,tail,21.39793168391183,0.090625,Puntarenas_OTROS_Hidrometereológico
-0.0807374553831304,0.85185540680982,7735,GPD,tail,21.39793168391183,0.090625,Puntarenas_OTROS_Hidrometereológico
-0.0807374553831304,0.85185540680982,7736,GPD,tail,21.39793168391183,0.090625,Puntarenas_OTROS_Hidrometereológico
-0.0807374553831304,0.85185540680982,7737,GPD,tail,21.39793168391183,0.090625,Puntarenas_OTROS_Hidrometereológico
-0.0807374553831304,0.85185540680982,7738,GPD,tail,21.39793168391183,0.090625,Puntarenas_OTROS_Hidrometereológico
-0.0807374553831304,0.85185540680982,7739,GPD,tail,21.39793168391183,0.090625,Puntarenas_OTROS_Hidrometereológico
-0.0807374553831304,0.85185540680982,7740,GPD,tail,21.39793168391183,0.090625,Puntarenas_OTROS_Hidrometereológico
-0.0807374553831304,0.85185540680982,7741,GPD,tail,21.39793168391183,0.090625,Puntarenas_OTROS_Hidrometereológico
-0.0807374553831304,0.85185540680982,7742,GPD,tail,21.39793168391183,0.090625,Puntarenas_OTROS_Hidrometereológico
-0.0807374553831304,0.85185540680982,7743,GPD,tail,21.39793168391183,0.090625,Puntarenas_OTROS_Hidrometereológico
-0.0807374553831304,0.85185540680982,7744,GPD,tail,21.39793168391183,0.090625,Puntarenas_OTROS_Hidrometereológico
-0.0807374553831304,0.85185540680982,7745,GPD,tail,21.39793168391183,0.090625,Puntarenas_OTROS_Hidrometereológico
-0.0807374553831304,0.85185540680982,7746,GPD,tail,21.39793168391183,0.090625,Puntarenas_OTROS_Hidrometereológico
-0.0807374553831304,0.85185540680982,7747,GPD,tail,21.39793168391183,0.090625,Puntarenas_OTROS_Hidrometereológico
-0.0807374553831304,0.85185540680982,7748,GPD,tail,21.39793168391183,0.090625,Puntarenas_OTROS_Hidrometereológico
-0.0807374553831304,0.85185540680982,7749,GPD,tail,21.39793168391183,0.090625,Puntarenas_OTROS_Hidrometereológico
-0.0807374553831304,0.85185540680982,7750,GPD,tail,21.39793168391183,0.090625,Puntarenas_OTROS_Hidrometereológico
-0.0807374553831304,0.85185540680982,7751,GPD,tail,21.39793168391183,0.090625,Puntarenas_OTROS_Hidrometereológico
-0.0807374553831304,0.85185540680982,7752,GPD,tail,21.39793168391183,0.090625,Puntarenas_OTROS_Hidrometereológico
-0.0807374553831304,0.85185540680982,7753,GPD,tail,21.39793168391183,0.090625,Puntarenas_OTROS_Hidrometereológico
-0.0807374553831304,0.85185540680982,7754,GPD,tail,21.39793168391183,0.090625,Puntarenas_OTROS_Hidrometereológico
-0.0807374553831304,0.85185540680982,7755,GPD,tail,21.39793168391183,0.090625,Puntarenas_OTROS_Hidrometereológico
-0.0807374553831304,0.85185540680982,7756,GPD,tail,21.39793168391183,0.090625,Puntarenas_OTROS_Hidrometereológico
-0.0807374553831304,0.85185540680982,7757,GPD,tail,21.39793168391183,0.090625,Puntarenas_OTROS_Hidrometereológico
-0.0807374553831304,0.85185540680982,7758,GPD,tail,21.39793168391183,0.090625,Puntarenas_OTROS_Hidrometereológico
-0.0807374553831304,0.85185540680982,7759,GPD,tail,21.39793168391183,0.090625,Puntarenas_OTROS_Hidrometereológico
-0.0807374553831304,0.85185540680982,7760,GPD,tail,21.39793168391183,0.090625,Puntarenas_OTROS_Hidrometereológico
-0.0807374553831304,0.85185540680982,7761,GPD,tail,21.39793168391183,0.090625,Puntarenas_OTROS_Hidrometereológico
-0.0807374553831304,0.85185540680982,7762,GPD,tail,21.39793168391183,0.090625,Puntarenas_OTROS_Hidrometereológico
-0.0807374553831304,0.85185540680982,7763,GPD,tail,21.39793168391183,0.090625,Puntarenas_OTROS_Hidrometereológico
-0.0807374553831304,0.85185540680982,7764,GPD,tail,21.39793168391183,0.090625,Puntarenas_OTROS_Hidrometereológico
-0.0807374553831304,0.85185540680982,7765,GPD,tail,21.39793168391183,0.090625,Puntarenas_OTROS_Hidrometereológico
-0.0807374553831304,0.85185540680982,7766,GPD,tail,21.39793168391183,0.090625,Puntarenas_OTROS_Hidrometereológico
-0.0807374553831304,0.85185540680982,7767,GPD,tail,21.39793168391183,0.090625,Puntarenas_OTROS_Hidrometereológico
-0.0807374553831304,0.85185540680982,7768,GPD,tail,21.39793168391183,0.090625,Puntarenas_OTROS_Hidrometereológico
-0.0807374553831304,0.85185540680982,7769,GPD,tail,21.39793168391183,0.090625,Puntarenas_OTROS_Hidrometereológico
-0.0807374553831304,0.85185540680982,7770,GPD,tail,21.39793168391183,0.090625,Puntarenas_OTROS_Hidrometereológico
-0.0807374553831304,0.85185540680982,7771,GPD,tail,21.39793168391183,0.090625,Puntarenas_OTROS_Hidrometereológico
-0.10087692482395541,0.8820000511709255,7772,GPD,tail,21.39793168391183,0.090625,Puntarenas_OTROS_Hidrometereológico
-0.10087692482395541,0.8820000511709255,7773,GPD,tail,21.39793168391183,0.090625,Puntarenas_OTROS_Hidrometereológico
-0.1011153451397661,0.8577840263145264,7774,GPD,tail,21.39793168391183,0.090625,Puntarenas_OTROS_Hidrometereológico
-0.1011153451397661,0.8577840263145264,7775,GPD,tail,21.39793168391183,0.090625,Puntarenas_OTROS_Hidrometereológico
-0.1011153451397661,0.8577840263145264,7776,GPD,tail,21.39793168391183,0.090625,Puntarenas_OTROS_Hidrometereológico
-0.1011153451397661,0.8577840263145264,7777,GPD,tail,21.39793168391183,0.090625,Puntarenas_OTROS_Hidrometereológico
-0.1011153451397661,0.8577840263145264,7778,GPD,tail,21.39793168391183,0.090625,Puntarenas_OTROS_Hidrometereológico
-0.1011153451397661,0.8577840263145264,7779,GPD,tail,21.39793168391183,0.090625,Puntarenas_OTROS_Hidrometereológico
-0.1011153451397661,0.8577840263145264,7780,GPD,tail,21.39793168391183,0.090625,Puntarenas_OTROS_Hidrometereológico
-0.1011153451397661,0.8577840263145264,7781,GPD,tail,21.39793168391183,0.090625,Puntarenas_OTROS_Hidrometereológico
-0.1011153451397661,0.8577840263145264,7782,GPD,tail,21.39793168391183,0.090625,Puntarenas_OTROS_Hidrometereológico
-0.1011153451397661,0.8577840263145264,7783,GPD,tail,21.39793168391183,0.090625,Puntarenas_OTROS_Hidrometereológico
-0.1011153451397661,0.8577840263145264,7784,GPD,tail,21.39793168391183,0.090625,Puntarenas_OTROS_Hidrometereológico
-0.1011153451397661,0.8577840263145264,7785,GPD,tail,21.39793168391183,0.090625,Puntarenas_OTROS_Hidrometereológico
-0.1011153451397661,0.8577840263145264,7786,GPD,tail,21.39793168391183,0.090625,Puntarenas_OTROS_Hidrometereológico
-0.1011153451397661,0.8577840263145264,7787,GPD,tail,21.39793168391183,0.090625,Puntarenas_OTROS_Hidrometereológico
-0.1011153451397661,0.8577840263145264,7788,GPD,tail,21.39793168391183,0.090625,Puntarenas_OTROS_Hidrometereológico
-0.1011153451397661,0.8577840263145264,7789,GPD,tail,21.39793168391183,0.090625,Puntarenas_OTROS_Hidrometereológico
-0.1011153451397661,0.8577840263145264,7790,GPD,tail,21.39793168391183,0.090625,Puntarenas_OTROS_Hidrometereológico
-0.1011153451397661,0.8577840263145264,7791,GPD,tail,21.39793168391183,0.090625,Puntarenas_OTROS_Hidrometereológico
-0.1011153451397661,0.8577840263145264,7792,GPD,tail,21.39793168391183,0.090625,Puntarenas_OTROS_Hidrometereológico
-0.1011153451397661,0.8577840263145264,7793,GPD,tail,21.39793168391183,0.090625,Puntarenas_OTROS_Hidrometereológico
-0.1011153451397661,0.8577840263145264,7794,GPD,tail,21.39793168391183,0.090625,Puntarenas_OTROS_Hidrometereológico
-0.1011153451397661,0.8577840263145264,7795,GPD,tail,21.39793168391183,0.090625,Puntarenas_OTROS_Hidrometereológico
-0.16788154550298456,0.9100437317491705,7796,GPD,tail,21.39793168391183,0.090625,Puntarenas_OTROS_Hidrometereológico
-0.16788154550298456,0.9100437317491705,7797,GPD,tail,21.39793168391183,0.090625,Puntarenas_OTROS_Hidrometereológico
-0.04155528925332988,0.8990449323555035,7798,GPD,tail,21.39793168391183,0.090625,Puntarenas_OTROS_Hidrometereológico
-0.04155528925332988,0.8990449323555035,7799,GPD,tail,21.39793168391183,0.090625,Puntarenas_OTROS_Hidrometereológico
-0.04155528925332988,0.8990449323555035,7800,GPD,tail,21.39793168391183,0.090625,Puntarenas_OTROS_Hidrometereológico
-0.04155528925332988,0.8990449323555035,7801,GPD,tail,21.39793168391183,0.090625,Puntarenas_OTROS_Hidrometereológico
-0.04155528925332988,0.8990449323555035,7802,GPD,tail,21.39793168391183,0.090625,Puntarenas_OTROS_Hidrometereológico
-0.04155528925332988,0.8990449323555035,7803,GPD,tail,21.39793168391183,0.090625,Puntarenas_OTROS_Hidrometereológico
-0.04155528925332988,0.8990449323555035,7804,GPD,tail,21.39793168391183,0.090625,Puntarenas_OTROS_Hidrometereológico
-0.04155528925332988,0.8990449323555035,7805,GPD,tail,21.39793168391183,0.090625,Puntarenas_OTROS_Hidrometereológico
-0.04155528925332988,0.8990449323555035,7806,GPD,tail,21.39793168391183,0.090625,Puntarenas_OTROS_Hidrometereológico
-0.04155528925332988,0.8990449323555035,7807,GPD,tail,21.39793168391183,0.090625,Puntarenas_OTROS_Hidrometereológico
-0.04155528925332988,0.8990449323555035,7808,GPD,tail,21.39793168391183,0.090625,Puntarenas_OTROS_Hidrometereológico
-0.04155528925332988,0.8990449323555035,7809,GPD,tail,21.39793168391183,0.090625,Puntarenas_OTROS_Hidrometereológico
-0.04155528925332988,0.8990449323555035,7810,GPD,tail,21.39793168391183,0.090625,Puntarenas_OTROS_Hidrometereológico
-0.04155528925332988,0.8990449323555035,7811,GPD,tail,21.39793168391183,0.090625,Puntarenas_OTROS_Hidrometereológico
-0.04155528925332988,0.8990449323555035,7812,GPD,tail,21.39793168391183,0.090625,Puntarenas_OTROS_Hidrometereológico
-0.04155528925332988,0.8990449323555035,7813,GPD,tail,21.39793168391183,0.090625,Puntarenas_OTROS_Hidrometereológico
-0.04155528925332988,0.8990449323555035,7814,GPD,tail,21.39793168391183,0.090625,Puntarenas_OTROS_Hidrometereológico
-0.04155528925332988,0.8990449323555035,7815,GPD,tail,21.39793168391183,0.090625,Puntarenas_OTROS_Hidrometereológico
-0.04155528925332988,0.8990449323555035,7816,GPD,tail,21.39793168391183,0.090625,Puntarenas_OTROS_Hidrometereológico
-0.04155528925332988,0.8990449323555035,7817,GPD,tail,21.39793168391183,0.090625,Puntarenas_OTROS_Hidrometereológico
-0.04155528925332988,0.8990449323555035,7818,GPD,tail,21.39793168391183,0.090625,Puntarenas_OTROS_Hidrometereológico
-0.04155528925332988,0.8990449323555035,7819,GPD,tail,21.39793168391183,0.090625,Puntarenas_OTROS_Hidrometereológico
-0.04155528925332988,0.8990449323555035,7820,GPD,tail,21.39793168391183,0.090625,Puntarenas_OTROS_Hidrometereológico
-0.04155528925332988,0.8990449323555035,7821,GPD,tail,21.39793168391183,0.090625,Puntarenas_OTROS_Hidrometereológico
-0.04155528925332988,0.8990449323555035,7822,GPD,tail,21.39793168391183,0.090625,Puntarenas_OTROS_Hidrometereológico
-0.04155528925332988,0.8990449323555035,7823,GPD,tail,21.39793168391183,0.090625,Puntarenas_OTROS_Hidrometereológico
-0.04155528925332988,0.8990449323555035,7824,GPD,tail,21.39793168391183,0.090625,Puntarenas_OTROS_Hidrometereológico
-0.04155528925332988,0.8990449323555035,7825,GPD,tail,21.39793168391183,0.090625,Puntarenas_OTROS_Hidrometereológico
-0.04155528925332988,0.8990449323555035,7826,GPD,tail,21.39793168391183,0.090625,Puntarenas_OTROS_Hidrometereológico
-0.04155528925332988,0.8990449323555035,7827,GPD,tail,21.39793168391183,0.090625,Puntarenas_OTROS_Hidrometereológico
-0.04155528925332988,0.8990449323555035,7828,GPD,tail,21.39793168391183,0.090625,Puntarenas_OTROS_Hidrometereológico
-0.04155528925332988,0.8990449323555035,7829,GPD,tail,21.39793168391183,0.090625,Puntarenas_OTROS_Hidrometereológico
0.10578698399763783,0.7554104819201011,7830,GPD,tail,21.39793168391183,0.090625,Puntarenas_OTROS_Hidrometereológico
0.10578698399763783,0.7554104819201011,7831,GPD,tail,21.39793168391183,0.090625,Puntarenas_OTROS_Hidrometereológico
0.10578698399763783,0.7554104819201011,7832,GPD,tail,21.39793168391183,0.090625,Puntarenas_OTROS_Hidrometereológico
0.10578698399763783,0.7554104819201011,7833,GPD,tail,21.39793168391183,0.090625,Puntarenas_OTROS_Hidrometereológico
0.10578698399763783,0.7554104819201011,7834,GPD,tail,21.39793168391183,0.090625,Puntarenas_OTROS_Hidrometereológico
-0.03756599776157113,0.7016899073152402,7835,GPD,tail,21.39793168391183,0.090625,Puntarenas_OTROS_Hidrometereológico
-0.03756599776157113,0.7016899073152402,7836,GPD,tail,21.39793168391183,0.090625,Puntarenas_OTROS_Hidrometereológico
-0.03756599776157113,0.7016899073152402,7837,GPD,tail,21.39793168391183,0.090625,Puntarenas_OTROS_Hidrometereológico
-0.03756599776157113,0.7016899073152402,7838,GPD,tail,21.39793168391183,0.090625,Puntarenas_OTROS_Hidrometereológico
-0.03756599776157113,0.7016899073152402,7839,GPD,tail,21.39793168391183,0.090625,Puntarenas_OTROS_Hidrometereológico
0.09450943563893208,0.6964002892457012,7840,GPD,tail,21.39793168391183,0.090625,Puntarenas_OTROS_Hidrometereológico
0.09450943563893208,0.6964002892457012,7841,GPD,tail,21.39793168391183,0.090625,Puntarenas_OTROS_Hidrometereológico
0.09450943563893208,0.6964002892457012,7842,GPD,tail,21.39793168391183,0.090625,Puntarenas_OTROS_Hidrometereológico
0.09450943563893208,0.6964002892457012,7843,GPD,tail,21.39793168391183,0.090625,Puntarenas_OTROS_Hidrometereológico
0.06323985472280276,0.833349421414093,7844,GPD,tail,21.39793168391183,0.090625,Puntarenas_OTROS_Hidrometereológico
0.06323985472280276,0.833349421414093,7845,GPD,tail,21.39793168391183,0.090625,Puntarenas_OTROS_Hidrometereológico
-0.029796724389751686,0.7241531287071425,7846,GPD,tail,21.39793168391183,0.090625,Puntarenas_OTROS_Hidrometereológico
-0.029796724389751686,0.7241531287071425,7847,GPD,tail,21.39793168391183,0.090625,Puntarenas_OTROS_Hidrometereológico
-0.029796724389751686,0.7241531287071425,7848,GPD,tail,21.39793168391183,0.090625,Puntarenas_OTROS_Hidrometereológico
-0.029796724389751686,0.7241531287071425,7849,GPD,tail,21.39793168391183,0.090625,Puntarenas_OTROS_Hidrometereológico
-0.029796724389751686,0.7241531287071425,7850,GPD,tail,21.39793168391183,0.090625,Puntarenas_OTROS_Hidrometereológico
0.0473045955719726,0.7879342008715173,7851,GPD,tail,21.39793168391183,0.090625,Puntarenas_OTROS_Hidrometereológico
-0.12214470629369921,0.9177406533361924,7852,GPD,tail,21.39793168391183,0.090625,Puntarenas_OTROS_Hidrometereológico
-0.12214470629369921,0.9177406533361924,7853,GPD,tail,21.39793168391183,0.090625,Puntarenas_OTROS_Hidrometereológico
-0.12214470629369921,0.9177406533361924,7854,GPD,tail,21.39793168391183,0.090625,Puntarenas_OTROS_Hidrometereológico
-0.12214470629369921,0.9177406533361924,7855,GPD,tail,21.39793168391183,0.090625,Puntarenas_OTROS_Hidrometereológico
-0.12214470629369921,0.9177406533361924,7856,GPD,tail,21.39793168391183,0.090625,Puntarenas_OTROS_Hidrometereológico
-0.12214470629369921,0.9177406533361924,7857,GPD,tail,21.39793168391183,0.090625,Puntarenas_OTROS_Hidrometereológico
-0.12214470629369921,0.9177406533361924,7858,GPD,tail,21.39793168391183,0.090625,Puntarenas_OTROS_Hidrometereológico
-0.12214470629369921,0.9177406533361924,7859,GPD,tail,21.39793168391183,0.090625,Puntarenas_OTROS_Hidrometereológico
-0.12214470629369921,0.9177406533361924,7860,GPD,tail,21.39793168391183,0.090625,Puntarenas_OTROS_Hidrometereológico
-0.12214470629369921,0.9177406533361924,7861,GPD,tail,21.39793168391183,0.090625,Puntarenas_OTROS_Hidrometereológico
-0.12214470629369921,0.9177406533361924,7862,GPD,tail,21.39793168391183,0.090625,Puntarenas_OTROS_Hidrometereológico
-0.12214470629369921,0.9177406533361924,7863,GPD,tail,21.39793168391183,0.090625,Puntarenas_OTROS_Hidrometereológico
-0.12214470629369921,0.9177406533361924,7864,GPD,tail,21.39793168391183,0.090625,Puntarenas_OTROS_Hidrometereológico
-0.12214470629369921,0.9177406533361924,7865,GPD,tail,21.39793168391183,0.090625,Puntarenas_OTROS_Hidrometereológico
-0.12214470629369921,0.9177406533361924,7866,GPD,tail,21.39793168391183,0.090625,Puntarenas_OTROS_Hidrometereológico
-0.12214470629369921,0.9177406533361924,7867,GPD,tail,21.39793168391183,0.090625,Puntarenas_OTROS_Hidrometereológico
-0.12214470629369921,0.9177406533361924,7868,GPD,tail,21.39793168391183,0.090625,Puntarenas_OTROS_Hidrometereológico
-0.12214470629369921,0.9177406533361924,7869,GPD,tail,21.39793168391183,0.090625,Puntarenas_OTROS_Hidrometereológico
-0.12214470629369921,0.9177406533361924,7870,GPD,tail,21.39793168391183,0.090625,Puntarenas_OTROS_Hidrometereológico
-0.12214470629369921,0.9177406533361924,7871,GPD,tail,21.39793168391183,0.090625,Puntarenas_OTROS_Hidrometereológico
-0.12214470629369921,0.9177406533361924,7872,GPD,tail,21.39793168391183,0.090625,Puntarenas_OTROS_Hidrometereológico
-0.12214470629369921,0.9177406533361924,7873,GPD,tail,21.39793168391183,0.090625,Puntarenas_OTROS_Hidrometereológico
-0.12214470629369921,0.9177406533361924,7874,GPD,tail,21.39793168391183,0.090625,Puntarenas_OTROS_Hidrometereológico
-0.12214470629369921,0.9177406533361924,7875,GPD,tail,21.39793168391183,0.090625,Puntarenas_OTROS_Hidrometereológico
-0.12214470629369921,0.9177406533361924,7876,GPD,tail,21.39793168391183,0.090625,Puntarenas_OTROS_Hidrometereológico
-0.1072626926972076,0.8879777562749593,7877,GPD,tail,21.39793168391183,0.090625,Puntarenas_OTROS_Hidrometereológico
-0.1072626926972076,0.8879777562749593,7878,GPD,tail,21.39793168391183,0.090625,Puntarenas_OTROS_Hidrometereológico
-0.1072626926972076,0.8879777562749593,7879,GPD,tail,21.39793168391183,0.090625,Puntarenas_OTROS_Hidrometereológico
-0.1072626926972076,0.8879777562749593,7880,GPD,tail,21.39793168391183,0.090625,Puntarenas_OTROS_Hidrometereológico
-0.1072626926972076,0.8879777562749593,7881,GPD,tail,21.39793168391183,0.090625,Puntarenas_OTROS_Hidrometereológico
-0.1072626926972076,0.8879777562749593,7882,GPD,tail,21.39793168391183,0.090625,Puntarenas_OTROS_Hidrometereológico
-0.1072626926972076,0.8879777562749593,7883,GPD,tail,21.39793168391183,0.090625,Puntarenas_OTROS_Hidrometereológico
-0.1072626926972076,0.8879777562749593,7884,GPD,tail,21.39793168391183,0.090625,Puntarenas_OTROS_Hidrometereológico
-0.1072626926972076,0.8879777562749593,7885,GPD,tail,21.39793168391183,0.090625,Puntarenas_OTROS_Hidrometereológico
-0.1072626926972076,0.8879777562749593,7886,GPD,tail,21.39793168391183,0.090625,Puntarenas_OTROS_Hidrometereológico
-0.1072626926972076,0.8879777562749593,7887,GPD,tail,21.39793168391183,0.090625,Puntarenas_OTROS_Hidrometereológico
-0.0825379200799723,0.8825197830687463,7888,GPD,tail,21.39793168391183,0.090625,Puntarenas_OTROS_Hidrometereológico
-0.0825379200799723,0.8825197830687463,7889,GPD,tail,21.39793168391183,0.090625,Puntarenas_OTROS_Hidrometereológico
-0.0825379200799723,0.8825197830687463,7890,GPD,tail,21.39793168391183,0.090625,Puntarenas_OTROS_Hidrometereológico
-0.0825379200799723,0.8825197830687463,7891,GPD,tail,21.39793168391183,0.090625,Puntarenas_OTROS_Hidrometereológico
-0.14153721111540735,0.9812391478869417,7892,GPD,tail,21.39793168391183,0.090625,Puntarenas_OTROS_Hidrometereológico
-0.14153721111540735,0.9812391478869417,7893,GPD,tail,21.39793168391183,0.090625,Puntarenas_OTROS_Hidrometereológico
-0.14153721111540735,0.9812391478869417,7894,GPD,tail,21.39793168391183,0.090625,Puntarenas_OTROS_Hidrometereológico
0.02285859391422168,0.9453839762999017,7895,GPD,tail,21.39793168391183,0.090625,Puntarenas_OTROS_Hidrometereológico
-0.10355490849506782,0.7724918153662713,7896,GPD,tail,21.39793168391183,0.090625,Puntarenas_OTROS_Hidrometereológico
-0.10355490849506782,0.7724918153662713,7897,GPD,tail,21.39793168391183,0.090625,Puntarenas_OTROS_Hidrometereológico
-0.10355490849506782,0.7724918153662713,7898,GPD,tail,21.39793168391183,0.090625,Puntarenas_OTROS_Hidrometereológico
-0.10355490849506782,0.7724918153662713,7899,GPD,tail,21.39793168391183,0.090625,Puntarenas_OTROS_Hidrometereológico
-0.10355490849506782,0.7724918153662713,7900,GPD,tail,21.39793168391183,0.090625,Puntarenas_OTROS_Hidrometereológico
-0.10355490849506782,0.7724918153662713,7901,GPD,tail,21.39793168391183,0.090625,Puntarenas_OTROS_Hidrometereológico
-0.10355490849506782,0.7724918153662713,7902,GPD,tail,21.39793168391183,0.090625,Puntarenas_OTROS_Hidrometereológico
-0.10355490849506782,0.7724918153662713,7903,GPD,tail,21.39793168391183,0.090625,Puntarenas_OTROS_Hidrometereológico
-0.10355490849506782,0.7724918153662713,7904,GPD,tail,21.39793168391183,0.090625,Puntarenas_OTROS_Hidrometereológico
-0.10355490849506782,0.7724918153662713,7905,GPD,tail,21.39793168391183,0.090625,Puntarenas_OTROS_Hidrometereológico
-0.10355490849506782,0.7724918153662713,7906,GPD,tail,21.39793168391183,0.090625,Puntarenas_OTROS_Hidrometereológico
-0.10355490849506782,0.7724918153662713,7907,GPD,tail,21.39793168391183,0.090625,Puntarenas_OTROS_Hidrometereológico
-0.10355490849506782,0.7724918153662713,7908,GPD,tail,21.39793168391183,0.090625,Puntarenas_OTROS_Hidrometereológico
-0.10355490849506782,0.7724918153662713,7909,GPD,tail,21.39793168391183,0.090625,Puntarenas_OTROS_Hidrometereológico
-0.10355490849506782,0.7724918153662713,7910,GPD,tail,21.39793168391183,0.090625,Puntarenas_OTROS_Hidrometereológico
-0.11847912471777251,0.80834403372268,7911,GPD,tail,21.39793168391183,0.090625,Puntarenas_OTROS_Hidrometereológico
-0.11847912471777251,0.80834403372268,7912,GPD,tail,21.39793168391183,0.090625,Puntarenas_OTROS_Hidrometereológico
-0.11847912471777251,0.80834403372268,7913,GPD,tail,21.39793168391183,0.090625,Puntarenas_OTROS_Hidrometereológico
-0.11847912471777251,0.80834403372268,7914,GPD,tail,21.39793168391183,0.090625,Puntarenas_OTROS_Hidrometereológico
-0.11847912471777251,0.80834403372268,7915,GPD,tail,21.39793168391183,0.090625,Puntarenas_OTROS_Hidrometereológico
-0.11847912471777251,0.80834403372268,7916,GPD,tail,21.39793168391183,0.090625,Puntarenas_OTROS_Hidrometereológico
-0.11847912471777251,0.80834403372268,7917,GPD,tail,21.39793168391183,0.090625,Puntarenas_OTROS_Hidrometereológico
-0.11847912471777251,0.80834403372268,7918,GPD,tail,21.39793168391183,0.090625,Puntarenas_OTROS_Hidrometereológico
-0.11847912471777251,0.80834403372268,7919,GPD,tail,21.39793168391183,0.090625,Puntarenas_OTROS_Hidrometereológico
-0.11847912471777251,0.80834403372268,7920,GPD,tail,21.39793168391183,0.090625,Puntarenas_OTROS_Hidrometereológico
-0.11847912471777251,0.80834403372268,7921,GPD,tail,21.39793168391183,0.090625,Puntarenas_OTROS_Hidrometereológico
-0.11847912471777251,0.80834403372268,7922,GPD,tail,21.39793168391183,0.090625,Puntarenas_OTROS_Hidrometereológico
-0.11847912471777251,0.80834403372268,7923,GPD,tail,21.39793168391183,0.090625,Puntarenas_OTROS_Hidrometereológico
-0.11847912471777251,0.80834403372268,7924,GPD,tail,21.39793168391183,0.090625,Puntarenas_OTROS_Hidrometereológico
-0.11847912471777251,0.80834403372268,7925,GPD,tail,21.39793168391183,0.090625,Puntarenas_OTROS_Hidrometereológico
-0.11847912471777251,0.80834403372268,7926,GPD,tail,21.39793168391183,0.090625,Puntarenas_OTROS_Hidrometereológico
-0.11847912471777251,0.80834403372268,7927,GPD,tail,21.39793168391183,0.090625,Puntarenas_OTROS_Hidrometereológico
-0.11847912471777251,0.80834403372268,7928,GPD,tail,21.39793168391183,0.090625,Puntarenas_OTROS_Hidrometereológico
-0.11847912471777251,0.80834403372268,7929,GPD,tail,21.39793168391183,0.090625,Puntarenas_OTROS_Hidrometereológico
-0.04624343145939107,0.7834554739228095,7930,GPD,tail,21.39793168391183,0.090625,Puntarenas_OTROS_Hidrometereológico
-0.04624343145939107,0.7834554739228095,7931,GPD,tail,21.39793168391183,0.090625,Puntarenas_OTROS_Hidrometereológico
-0.04624343145939107,0.7834554739228095,7932,GPD,tail,21.39793168391183,0.090625,Puntarenas_OTROS_Hidrometereológico
-0.04624343145939107,0.7834554739228095,7933,GPD,tail,21.39793168391183,0.090625,Puntarenas_OTROS_Hidrometereológico
-0.1551350971911156,1.102380849297287,7934,GPD,tail,21.39793168391183,0.090625,Puntarenas_OTROS_Hidrometereológico
-0.1551350971911156,1.102380849297287,7935,GPD,tail,21.39793168391183,0.090625,Puntarenas_OTROS_Hidrometereológico
-0.1551350971911156,1.102380849297287,7936,GPD,tail,21.39793168391183,0.090625,Puntarenas_OTROS_Hidrometereológico
-0.00046983052310201057,0.6576902298965182,7937,GPD,tail,21.39793168391183,0.090625,Puntarenas_OTROS_Hidrometereológico
-0.00046983052310201057,0.6576902298965182,7938,GPD,tail,21.39793168391183,0.090625,Puntarenas_OTROS_Hidrometereológico
-0.00046983052310201057,0.6576902298965182,7939,GPD,tail,21.39793168391183,0.090625,Puntarenas_OTROS_Hidrometereológico
-0.00046983052310201057,0.6576902298965182,7940,GPD,tail,21.39793168391183,0.090625,Puntarenas_OTROS_Hidrometereológico
-0.00046983052310201057,0.6576902298965182,7941,GPD,tail,21.39793168391183,0.090625,Puntarenas_OTROS_Hidrometereológico
-0.00046983052310201057,0.6576902298965182,7942,GPD,tail,21.39793168391183,0.090625,Puntarenas_OTROS_Hidrometereológico
-0.00046983052310201057,0.6576902298965182,7943,GPD,tail,21.39793168391183,0.090625,Puntarenas_OTROS_Hidrometereológico
-0.00046983052310201057,0.6576902298965182,7944,GPD,tail,21.39793168391183,0.090625,Puntarenas_OTROS_Hidrometereológico
-0.00046983052310201057,0.6576902298965182,7945,GPD,tail,21.39793168391183,0.090625,Puntarenas_OTROS_Hidrometereológico
-0.00046983052310201057,0.6576902298965182,7946,GPD,tail,21.39793168391183,0.090625,Puntarenas_OTROS_Hidrometereológico
-0.00046983052310201057,0.6576902298965182,7947,GPD,tail,21.39793168391183,0.090625,Puntarenas_OTROS_Hidrometereológico
-0.00046983052310201057,0.6576902298965182,7948,GPD,tail,21.39793168391183,0.090625,Puntarenas_OTROS_Hidrometereológico
-0.00046983052310201057,0.6576902298965182,7949,GPD,tail,21.39793168391183,0.090625,Puntarenas_OTROS_Hidrometereológico
-0.00046983052310201057,0.6576902298965182,7950,GPD,tail,21.39793168391183,0.090625,Puntarenas_OTROS_Hidrometereológico
-0.00046983052310201057,0.6576902298965182,7951,GPD,tail,21.39793168391183,0.090625,Puntarenas_OTROS_Hidrometereológico
0.12180283421043067,0.671449267414243,7952,GPD,tail,21.39793168391183,0.090625,Puntarenas_OTROS_Hidrometereológico
0.12180283421043067,0.671449267414243,7953,GPD,tail,21.39793168391183,0.090625,Puntarenas_OTROS_Hidrometereológico
0.12180283421043067,0.671449267414243,7954,GPD,tail,21.39793168391183,0.090625,Puntarenas_OTROS_Hidrometereológico
0.12180283421043067,0.671449267414243,7955,GPD,tail,21.39793168391183,0.090625,Puntarenas_OTROS_Hidrometereológico
0.12180283421043067,0.671449267414243,7956,GPD,tail,21.39793168391183,0.090625,Puntarenas_OTROS_Hidrometereológico
0.12180283421043067,0.671449267414243,7957,GPD,tail,21.39793168391183,0.090625,Puntarenas_OTROS_Hidrometereológico
0.029226485964302357,0.8833011304502872,7958,GPD,tail,21.39793168391183,0.090625,Puntarenas_OTROS_Hidrometereológico
0.029226485964302357,0.8833011304502872,7959,GPD,tail,21.39793168391183,0.090625,Puntarenas_OTROS_Hidrometereológico
0.029226485964302357,0.8833011304502872,7960,GPD,tail,21.39793168391183,0.090625,Puntarenas_OTROS_Hidrometereológico
-0.07357220767018081,1.0033099916750303,7961,GPD,tail,21.39793168391183,0.090625,Puntarenas_OTROS_Hidrometereológico
-0.07357220767018081,1.0033099916750303,7962,GPD,tail,21.39793168391183,0.090625,Puntarenas_OTROS_Hidrometereológico
-0.07357220767018081,1.0033099916750303,7963,GPD,tail,21.39793168391183,0.090625,Puntarenas_OTROS_Hidrometereológico
-0.07357220767018081,1.0033099916750303,7964,GPD,tail,21.39793168391183,0.090625,Puntarenas_OTROS_Hidrometereológico
-0.07357220767018081,1.0033099916750303,7965,GPD,tail,21.39793168391183,0.090625,Puntarenas_OTROS_Hidrometereológico
-0.07357220767018081,1.0033099916750303,7966,GPD,tail,21.39793168391183,0.090625,Puntarenas_OTROS_Hidrometereológico
-0.07357220767018081,1.0033099916750303,7967,GPD,tail,21.39793168391183,0.090625,Puntarenas_OTROS_Hidrometereológico
-0.07357220767018081,1.0033099916750303,7968,GPD,tail,21.39793168391183,0.090625,Puntarenas_OTROS_Hidrometereológico
-0.07357220767018081,1.0033099916750303,7969,GPD,tail,21.39793168391183,0.090625,Puntarenas_OTROS_Hidrometereológico
-0.07357220767018081,1.0033099916750303,7970,GPD,tail,21.39793168391183,0.090625,Puntarenas_OTROS_Hidrometereológico
-0.1227379568757684,0.8529800492118973,7971,GPD,tail,21.39793168391183,0.090625,Puntarenas_OTROS_Hidrometereológico
-0.1227379568757684,0.8529800492118973,7972,GPD,tail,21.39793168391183,0.090625,Puntarenas_OTROS_Hidrometereológico
-0.1227379568757684,0.8529800492118973,7973,GPD,tail,21.39793168391183,0.090625,Puntarenas_OTROS_Hidrometereológico
-0.1227379568757684,0.8529800492118973,7974,GPD,tail,21.39793168391183,0.090625,Puntarenas_OTROS_Hidrometereológico
-0.1227379568757684,0.8529800492118973,7975,GPD,tail,21.39793168391183,0.090625,Puntarenas_OTROS_Hidrometereológico
-0.13226153627460258,0.8794886616833766,7976,GPD,tail,21.39793168391183,0.090625,Puntarenas_OTROS_Hidrometereológico
-0.13226153627460258,0.8794886616833766,7977,GPD,tail,21.39793168391183,0.090625,Puntarenas_OTROS_Hidrometereológico
-0.13226153627460258,0.8794886616833766,7978,GPD,tail,21.39793168391183,0.090625,Puntarenas_OTROS_Hidrometereológico
-0.13226153627460258,0.8794886616833766,7979,GPD,tail,21.39793168391183,0.090625,Puntarenas_OTROS_Hidrometereológico
-0.13226153627460258,0.8794886616833766,7980,GPD,tail,21.39793168391183,0.090625,Puntarenas_OTROS_Hidrometereológico
-0.13226153627460258,0.8794886616833766,7981,GPD,tail,21.39793168391183,0.090625,Puntarenas_OTROS_Hidrometereológico
-0.13226153627460258,0.8794886616833766,7982,GPD,tail,21.39793168391183,0.090625,Puntarenas_OTROS_Hidrometereológico
-0.13226153627460258,0.8794886616833766,7983,GPD,tail,21.39793168391183,0.090625,Puntarenas_OTROS_Hidrometereológico
-0.13226153627460258,0.8794886616833766,7984,GPD,tail,21.39793168391183,0.090625,Puntarenas_OTROS_Hidrometereológico
-0.13226153627460258,0.8794886616833766,7985,GPD,tail,21.39793168391183,0.090625,Puntarenas_OTROS_Hidrometereológico
-0.13226153627460258,0.8794886616833766,7986,GPD,tail,21.39793168391183,0.090625,Puntarenas_OTROS_Hidrometereológico
-0.13226153627460258,0.8794886616833766,7987,GPD,tail,21.39793168391183,0.090625,Puntarenas_OTROS_Hidrometereológico
-0.13226153627460258,0.8794886616833766,7988,GPD,tail,21.39793168391183,0.090625,Puntarenas_OTROS_Hidrometereológico
-0.13226153627460258,0.8794886616833766,7989,GPD,tail,21.39793168391183,0.090625,Puntarenas_OTROS_Hidrometereológico
-0.13226153627460258,0.8794886616833766,7990,GPD,tail,21.39793168391183,0.090625,Puntarenas_OTROS_Hidrometereológico
-0.13226153627460258,0.8794886616833766,7991,GPD,tail,21.39793168391183,0.090625,Puntarenas_OTROS_Hidrometereológico
-0.13226153627460258,0.8794886616833766,7992,GPD,tail,21.39793168391183,0.090625,Puntarenas_OTROS_Hidrometereológico
-0.13226153627460258,0.8794886616833766,7993,GPD,tail,21.39793168391183,0.090625,Puntarenas_OTROS_Hidrometereológico
-0.13226153627460258,0.8794886616833766,7994,GPD,tail,21.39793168391183,0.090625,Puntarenas_OTROS_Hidrometereológico
-0.13226153627460258,0.8794886616833766,7995,GPD,tail,21.39793168391183,0.090625,Puntarenas_OTROS_Hidrometereológico
-0.13226153627460258,0.8794886616833766,7996,GPD,tail,21.39793168391183,0.090625,Puntarenas_OTROS_Hidrometereológico
-0.13226153627460258,0.8794886616833766,7997,GPD,tail,21.39793168391183,0.090625,Puntarenas_OTROS_Hidrometereológico
-0.13226153627460258,0.8794886616833766,7998,GPD,tail,21.39793168391183,0.090625,Puntarenas_OTROS_Hidrometereológico
-0.13226153627460258,0.8794886616833766,7999,GPD,tail,21.39793168391183,0.090625,Puntarenas_OTROS_Hidrometereológico
-0.13226153627460258,0.8794886616833766,8000,GPD,tail,21.39793168391183,0.090625,Puntarenas_OTROS_Hidrometereológico
-0.13226153627460258,0.8794886616833766,8001,GPD,tail,21.39793168391183,0.090625,Puntarenas_OTROS_Hidrometereológico
-0.09218585117096043,0.8099570036504444,8002,GPD,tail,21.39793168391183,0.090625,Puntarenas_OTROS_Hidrometereológico
-0.09218585117096043,0.8099570036504444,8003,GPD,tail,21.39793168391183,0.090625,Puntarenas_OTROS_Hidrometereológico
-0.09218585117096043,0.8099570036504444,8004,GPD,tail,21.39793168391183,0.090625,Puntarenas_OTROS_Hidrometereológico
-0.09218585117096043,0.8099570036504444,8005,GPD,tail,21.39793168391183,0.090625,Puntarenas_OTROS_Hidrometereológico
-0.09218585117096043,0.8099570036504444,8006,GPD,tail,21.39793168391183,0.090625,Puntarenas_OTROS_Hidrometereológico
-0.09218585117096043,0.8099570036504444,8007,GPD,tail,21.39793168391183,0.090625,Puntarenas_OTROS_Hidrometereológico
-0.09218585117096043,0.8099570036504444,8008,GPD,tail,21.39793168391183,0.090625,Puntarenas_OTROS_Hidrometereológico
-0.09218585117096043,0.8099570036504444,8009,GPD,tail,21.39793168391183,0.090625,Puntarenas_OTROS_Hidrometereológico
-0.09218585117096043,0.8099570036504444,8010,GPD,tail,21.39793168391183,0.090625,Puntarenas_OTROS_Hidrometereológico
-0.09218585117096043,0.8099570036504444,8011,GPD,tail,21.39793168391183,0.090625,Puntarenas_OTROS_Hidrometereológico
-0.09218585117096043,0.8099570036504444,8012,GPD,tail,21.39793168391183,0.090625,Puntarenas_OTROS_Hidrometereológico
-0.09218585117096043,0.8099570036504444,8013,GPD,tail,21.39793168391183,0.090625,Puntarenas_OTROS_Hidrometereológico
-0.09218585117096043,0.8099570036504444,8014,GPD,tail,21.39793168391183,0.090625,Puntarenas_OTROS_Hidrometereológico
-0.09218585117096043,0.8099570036504444,8015,GPD,tail,21.39793168391183,0.090625,Puntarenas_OTROS_Hidrometereológico
-0.09218585117096043,0.8099570036504444,8016,GPD,tail,21.39793168391183,0.090625,Puntarenas_OTROS_Hidrometereológico
-0.09218585117096043,0.8099570036504444,8017,GPD,tail,21.39793168391183,0.090625,Puntarenas_OTROS_Hidrometereológico
-0.09218585117096043,0.8099570036504444,8018,GPD,tail,21.39793168391183,0.090625,Puntarenas_OTROS_Hidrometereológico
-0.09218585117096043,0.8099570036504444,8019,GPD,tail,21.39793168391183,0.090625,Puntarenas_OTROS_Hidrometereológico
-0.09218585117096043,0.8099570036504444,8020,GPD,tail,21.39793168391183,0.090625,Puntarenas_OTROS_Hidrometereológico
-0.09218585117096043,0.8099570036504444,8021,GPD,tail,21.39793168391183,0.090625,Puntarenas_OTROS_Hidrometereológico
-0.09218585117096043,0.8099570036504444,8022,GPD,tail,21.39793168391183,0.090625,Puntarenas_OTROS_Hidrometereológico
-0.09218585117096043,0.8099570036504444,8023,GPD,tail,21.39793168391183,0.090625,Puntarenas_OTROS_Hidrometereológico
-0.09218585117096043,0.8099570036504444,8024,GPD,tail,21.39793168391183,0.090625,Puntarenas_OTROS_Hidrometereológico
-0.09218585117096043,0.8099570036504444,8025,GPD,tail,21.39793168391183,0.090625,Puntarenas_OTROS_Hidrometereológico
-0.09218585117096043,0.8099570036504444,8026,GPD,tail,21.39793168391183,0.090625,Puntarenas_OTROS_Hidrometereológico
-0.09218585117096043,0.8099570036504444,8027,GPD,tail,21.39793168391183,0.090625,Puntarenas_OTROS_Hidrometereológico
-0.09218585117096043,0.8099570036504444,8028,GPD,tail,21.39793168391183,0.090625,Puntarenas_OTROS_Hidrometereológico
-0.09218585117096043,0.8099570036504444,8029,GPD,tail,21.39793168391183,0.090625,Puntarenas_OTROS_Hidrometereológico
-0.09218585117096043,0.8099570036504444,8030,GPD,tail,21.39793168391183,0.090625,Puntarenas_OTROS_Hidrometereológico
-0.09218585117096043,0.8099570036504444,8031,GPD,tail,21.39793168391183,0.090625,Puntarenas_OTROS_Hidrometereológico
-0.09218585117096043,0.8099570036504444,8032,GPD,tail,21.39793168391183,0.090625,Puntarenas_OTROS_Hidrometereológico
-0.09218585117096043,0.8099570036504444,8033,GPD,tail,21.39793168391183,0.090625,Puntarenas_OTROS_Hidrometereológico
-0.09218585117096043,0.8099570036504444,8034,GPD,tail,21.39793168391183,0.090625,Puntarenas_OTROS_Hidrometereológico
-0.09218585117096043,0.8099570036504444,8035,GPD,tail,21.39793168391183,0.090625,Puntarenas_OTROS_Hidrometereológico
-0.09218585117096043,0.8099570036504444,8036,GPD,tail,21.39793168391183,0.090625,Puntarenas_OTROS_Hidrometereológico
-0.09218585117096043,0.8099570036504444,8037,GPD,tail,21.39793168391183,0.090625,Puntarenas_OTROS_Hidrometereológico
-0.09218585117096043,0.8099570036504444,8038,GPD,tail,21.39793168391183,0.090625,Puntarenas_OTROS_Hidrometereológico
-0.09218585117096043,0.8099570036504444,8039,GPD,tail,21.39793168391183,0.090625,Puntarenas_OTROS_Hidrometereológico
-0.09869383267448206,0.7434920190122288,8040,GPD,tail,21.39793168391183,0.090625,Puntarenas_OTROS_Hidrometereológico
-0.14070977305859209,1.0565353127235904,8041,GPD,tail,21.39793168391183,0.090625,Puntarenas_OTROS_Hidrometereológico
-0.14070977305859209,1.0565353127235904,8042,GPD,tail,21.39793168391183,0.090625,Puntarenas_OTROS_Hidrometereológico
-0.14070977305859209,1.0565353127235904,8043,GPD,tail,21.39793168391183,0.090625,Puntarenas_OTROS_Hidrometereológico
-0.14070977305859209,1.0565353127235904,8044,GPD,tail,21.39793168391183,0.090625,Puntarenas_OTROS_Hidrometereológico
-0.14070977305859209,1.0565353127235904,8045,GPD,tail,21.39793168391183,0.090625,Puntarenas_OTROS_Hidrometereológico
-0.18037706109753032,0.9383796724712063,8046,GPD,tail,21.39793168391183,0.090625,Puntarenas_OTROS_Hidrometereológico
-0.12940611370338745,0.935259799433699,8047,GPD,tail,21.39793168391183,0.090625,Puntarenas_OTROS_Hidrometereológico
-0.18268694687688347,0.9960861896136086,8048,GPD,tail,21.39793168391183,0.090625,Puntarenas_OTROS_Hidrometereológico
-0.18268694687688347,0.9960861896136086,8049,GPD,tail,21.39793168391183,0.090625,Puntarenas_OTROS_Hidrometereológico
-0.18268694687688347,0.9960861896136086,8050,GPD,tail,21.39793168391183,0.090625,Puntarenas_OTROS_Hidrometereológico
-0.18268694687688347,0.9960861896136086,8051,GPD,tail,21.39793168391183,0.090625,Puntarenas_OTROS_Hidrometereológico
-0.18268694687688347,0.9960861896136086,8052,GPD,tail,21.39793168391183,0.090625,Puntarenas_OTROS_Hidrometereológico
-0.18268694687688347,0.9960861896136086,8053,GPD,tail,21.39793168391183,0.090625,Puntarenas_OTROS_Hidrometereológico
-0.18268694687688347,0.9960861896136086,8054,GPD,tail,21.39793168391183,0.090625,Puntarenas_OTROS_Hidrometereológico
-0.18268694687688347,0.9960861896136086,8055,GPD,tail,21.39793168391183,0.090625,Puntarenas_OTROS_Hidrometereológico
-0.18268694687688347,0.9960861896136086,8056,GPD,tail,21.39793168391183,0.090625,Puntarenas_OTROS_Hidrometereológico
-0.18268694687688347,0.9960861896136086,8057,GPD,tail,21.39793168391183,0.090625,Puntarenas_OTROS_Hidrometereológico
-0.18268694687688347,0.9960861896136086,8058,GPD,tail,21.39793168391183,0.090625,Puntarenas_OTROS_Hidrometereológico
-0.18268694687688347,0.9960861896136086,8059,GPD,tail,21.39793168391183,0.090625,Puntarenas_OTROS_Hidrometereológico
-0.18268694687688347,0.9960861896136086,8060,GPD,tail,21.39793168391183,0.090625,Puntarenas_OTROS_Hidrometereológico
-0.18268694687688347,0.9960861896136086,8061,GPD,tail,21.39793168391183,0.090625,Puntarenas_OTROS_Hidrometereológico
-0.18268694687688347,0.9960861896136086,8062,GPD,tail,21.39793168391183,0.090625,Puntarenas_OTROS_Hidrometereológico
-0.18268694687688347,0.9960861896136086,8063,GPD,tail,21.39793168391183,0.090625,Puntarenas_OTROS_Hidrometereológico
-0.18268694687688347,0.9960861896136086,8064,GPD,tail,21.39793168391183,0.090625,Puntarenas_OTROS_Hidrometereológico
-0.18268694687688347,0.9960861896136086,8065,GPD,tail,21.39793168391183,0.090625,Puntarenas_OTROS_Hidrometereológico
-0.18268694687688347,0.9960861896136086,8066,GPD,tail,21.39793168391183,0.090625,Puntarenas_OTROS_Hidrometereológico
-0.12141362292511554,0.818517286269212,8067,GPD,tail,21.39793168391183,0.090625,Puntarenas_OTROS_Hidrometereológico
-0.12141362292511554,0.818517286269212,8068,GPD,tail,21.39793168391183,0.090625,Puntarenas_OTROS_Hidrometereológico
-0.12141362292511554,0.818517286269212,8069,GPD,tail,21.39793168391183,0.090625,Puntarenas_OTROS_Hidrometereológico
-0.12141362292511554,0.818517286269212,8070,GPD,tail,21.39793168391183,0.090625,Puntarenas_OTROS_Hidrometereológico
-0.12141362292511554,0.818517286269212,8071,GPD,tail,21.39793168391183,0.090625,Puntarenas_OTROS_Hidrometereológico
-0.12141362292511554,0.818517286269212,8072,GPD,tail,21.39793168391183,0.090625,Puntarenas_OTROS_Hidrometereológico
-0.12141362292511554,0.818517286269212,8073,GPD,tail,21.39793168391183,0.090625,Puntarenas_OTROS_Hidrometereológico
-0.12141362292511554,0.818517286269212,8074,GPD,tail,21.39793168391183,0.090625,Puntarenas_OTROS_Hidrometereológico
-0.12141362292511554,0.818517286269212,8075,GPD,tail,21.39793168391183,0.090625,Puntarenas_OTROS_Hidrometereológico
-0.12141362292511554,0.818517286269212,8076,GPD,tail,21.39793168391183,0.090625,Puntarenas_OTROS_Hidrometereológico
-0.12141362292511554,0.818517286269212,8077,GPD,tail,21.39793168391183,0.090625,Puntarenas_OTROS_Hidrometereológico
-0.12141362292511554,0.818517286269212,8078,GPD,tail,21.39793168391183,0.090625,Puntarenas_OTROS_Hidrometereológico
-0.12141362292511554,0.818517286269212,8079,GPD,tail,21.39793168391183,0.090625,Puntarenas_OTROS_Hidrometereológico
-0.12141362292511554,0.818517286269212,8080,GPD,tail,21.39793168391183,0.090625,Puntarenas_OTROS_Hidrometereológico
-0.12141362292511554,0.818517286269212,8081,GPD,tail,21.39793168391183,0.090625,Puntarenas_OTROS_Hidrometereológico
-0.12141362292511554,0.818517286269212,8082,GPD,tail,21.39793168391183,0.090625,Puntarenas_OTROS_Hidrometereológico
-0.12141362292511554,0.818517286269212,8083,GPD,tail,21.39793168391183,0.090625,Puntarenas_OTROS_Hidrometereológico
-0.005845860266700878,0.8680114139714535,8084,GPD,tail,21.39793168391183,0.090625,Puntarenas_OTROS_Hidrometereológico
-0.005845860266700878,0.8680114139714535,8085,GPD,tail,21.39793168391183,0.090625,Puntarenas_OTROS_Hidrometereológico
-0.005845860266700878,0.8680114139714535,8086,GPD,tail,21.39793168391183,0.090625,Puntarenas_OTROS_Hidrometereológico
-0.005845860266700878,0.8680114139714535,8087,GPD,tail,21.39793168391183,0.090625,Puntarenas_OTROS_Hidrometereológico
-0.005845860266700878,0.8680114139714535,8088,GPD,tail,21.39793168391183,0.090625,Puntarenas_OTROS_Hidrometereológico
-0.005845860266700878,0.8680114139714535,8089,GPD,tail,21.39793168391183,0.090625,Puntarenas_OTROS_Hidrometereológico
-0.005845860266700878,0.8680114139714535,8090,GPD,tail,21.39793168391183,0.090625,Puntarenas_OTROS_Hidrometereológico
-0.005845860266700878,0.8680114139714535,8091,GPD,tail,21.39793168391183,0.090625,Puntarenas_OTROS_Hidrometereológico
-0.005845860266700878,0.8680114139714535,8092,GPD,tail,21.39793168391183,0.090625,Puntarenas_OTROS_Hidrometereológico
-0.005845860266700878,0.8680114139714535,8093,GPD,tail,21.39793168391183,0.090625,Puntarenas_OTROS_Hidrometereológico
-0.005845860266700878,0.8680114139714535,8094,GPD,tail,21.39793168391183,0.090625,Puntarenas_OTROS_Hidrometereológico
-0.005845860266700878,0.8680114139714535,8095,GPD,tail,21.39793168391183,0.090625,Puntarenas_OTROS_Hidrometereológico
-0.005845860266700878,0.8680114139714535,8096,GPD,tail,21.39793168391183,0.090625,Puntarenas_OTROS_Hidrometereológico
-0.005845860266700878,0.8680114139714535,8097,GPD,tail,21.39793168391183,0.090625,Puntarenas_OTROS_Hidrometereológico
-0.005845860266700878,0.8680114139714535,8098,GPD,tail,21.39793168391183,0.090625,Puntarenas_OTROS_Hidrometereológico
-0.005845860266700878,0.8680114139714535,8099,GPD,tail,21.39793168391183,0.090625,Puntarenas_OTROS_Hidrometereológico
-0.005845860266700878,0.8680114139714535,8100,GPD,tail,21.39793168391183,0.090625,Puntarenas_OTROS_Hidrometereológico
-0.005845860266700878,0.8680114139714535,8101,GPD,tail,21.39793168391183,0.090625,Puntarenas_OTROS_Hidrometereológico
-0.005845860266700878,0.8680114139714535,8102,GPD,tail,21.39793168391183,0.090625,Puntarenas_OTROS_Hidrometereológico
-0.005845860266700878,0.8680114139714535,8103,GPD,tail,21.39793168391183,0.090625,Puntarenas_OTROS_Hidrometereológico
-0.005845860266700878,0.8680114139714535,8104,GPD,tail,21.39793168391183,0.090625,Puntarenas_OTROS_Hidrometereológico
0.03146883715080146,0.7429822118328013,8105,GPD,tail,21.39793168391183,0.090625,Puntarenas_OTROS_Hidrometereológico
0.03146883715080146,0.7429822118328013,8106,GPD,tail,21.39793168391183,0.090625,Puntarenas_OTROS_Hidrometereológico
0.03146883715080146,0.7429822118328013,8107,GPD,tail,21.39793168391183,0.090625,Puntarenas_OTROS_Hidrometereológico
0.03146883715080146,0.7429822118328013,8108,GPD,tail,21.39793168391183,0.090625,Puntarenas_OTROS_Hidrometereológico
0.03146883715080146,0.7429822118328013,8109,GPD,tail,21.39793168391183,0.090625,Puntarenas_OTROS_Hidrometereológico
0.03146883715080146,0.7429822118328013,8110,GPD,tail,21.39793168391183,0.090625,Puntarenas_OTROS_Hidrometereológico
0.03146883715080146,0.7429822118328013,8111,GPD,tail,21.39793168391183,0.090625,Puntarenas_OTROS_Hidrometereológico
0.03146883715080146,0.7429822118328013,8112,GPD,tail,21.39793168391183,0.090625,Puntarenas_OTROS_Hidrometereológico
0.03146883715080146,0.7429822118328013,8113,GPD,tail,21.39793168391183,0.090625,Puntarenas_OTROS_Hidrometereológico
0.03146883715080146,0.7429822118328013,8114,GPD,tail,21.39793168391183,0.090625,Puntarenas_OTROS_Hidrometereológico
0.03146883715080146,0.7429822118328013,8115,GPD,tail,21.39793168391183,0.090625,Puntarenas_OTROS_Hidrometereológico
-0.13071119503531545,0.9839437835822651,8116,GPD,tail,21.39793168391183,0.090625,Puntarenas_OTROS_Hidrometereológico
-0.13071119503531545,0.9839437835822651,8117,GPD,tail,21.39793168391183,0.090625,Puntarenas_OTROS_Hidrometereológico
-0.13071119503531545,0.9839437835822651,8118,GPD,tail,21.39793168391183,0.090625,Puntarenas_OTROS_Hidrometereológico
-0.13071119503531545,0.9839437835822651,8119,GPD,tail,21.39793168391183,0.090625,Puntarenas_OTROS_Hidrometereológico
-0.13071119503531545,0.9839437835822651,8120,GPD,tail,21.39793168391183,0.090625,Puntarenas_OTROS_Hidrometereológico
-0.13071119503531545,0.9839437835822651,8121,GPD,tail,21.39793168391183,0.090625,Puntarenas_OTROS_Hidrometereológico
-0.13071119503531545,0.9839437835822651,8122,GPD,tail,21.39793168391183,0.090625,Puntarenas_OTROS_Hidrometereológico
-0.13071119503531545,0.9839437835822651,8123,GPD,tail,21.39793168391183,0.090625,Puntarenas_OTROS_Hidrometereológico
-0.13071119503531545,0.9839437835822651,8124,GPD,tail,21.39793168391183,0.090625,Puntarenas_OTROS_Hidrometereológico
-0.13071119503531545,0.9839437835822651,8125,GPD,tail,21.39793168391183,0.090625,Puntarenas_OTROS_Hidrometereológico
-0.13071119503531545,0.9839437835822651,8126,GPD,tail,21.39793168391183,0.090625,Puntarenas_OTROS_Hidrometereológico
-0.13071119503531545,0.9839437835822651,8127,GPD,tail,21.39793168391183,0.090625,Puntarenas_OTROS_Hidrometereológico
-0.13071119503531545,0.9839437835822651,8128,GPD,tail,21.39793168391183,0.090625,Puntarenas_OTROS_Hidrometereológico
-0.13071119503531545,0.9839437835822651,8129,GPD,tail,21.39793168391183,0.090625,Puntarenas_OTROS_Hidrometereológico
-0.10231775345784112,0.7799939176585609,8130,GPD,tail,21.39793168391183,0.090625,Puntarenas_OTROS_Hidrometereológico
-0.10231775345784112,0.7799939176585609,8131,GPD,tail,21.39793168391183,0.090625,Puntarenas_OTROS_Hidrometereológico
-0.10231775345784112,0.7799939176585609,8132,GPD,tail,21.39793168391183,0.090625,Puntarenas_OTROS_Hidrometereológico
-0.10231775345784112,0.7799939176585609,8133,GPD,tail,21.39793168391183,0.090625,Puntarenas_OTROS_Hidrometereológico
-0.10231775345784112,0.7799939176585609,8134,GPD,tail,21.39793168391183,0.090625,Puntarenas_OTROS_Hidrometereológico
-0.10231775345784112,0.7799939176585609,8135,GPD,tail,21.39793168391183,0.090625,Puntarenas_OTROS_Hidrometereológico
0.04169039922407937,0.8230670125475091,8136,GPD,tail,21.39793168391183,0.090625,Puntarenas_OTROS_Hidrometereológico
0.04169039922407937,0.8230670125475091,8137,GPD,tail,21.39793168391183,0.090625,Puntarenas_OTROS_Hidrometereológico
-0.10602393680926094,0.9109743439706439,8138,GPD,tail,21.39793168391183,0.090625,Puntarenas_OTROS_Hidrometereológico
-0.10602393680926094,0.9109743439706439,8139,GPD,tail,21.39793168391183,0.090625,Puntarenas_OTROS_Hidrometereológico
-0.10602393680926094,0.9109743439706439,8140,GPD,tail,21.39793168391183,0.090625,Puntarenas_OTROS_Hidrometereológico
-0.10602393680926094,0.9109743439706439,8141,GPD,tail,21.39793168391183,0.090625,Puntarenas_OTROS_Hidrometereológico
-0.10602393680926094,0.9109743439706439,8142,GPD,tail,21.39793168391183,0.090625,Puntarenas_OTROS_Hidrometereológico
-0.10602393680926094,0.9109743439706439,8143,GPD,tail,21.39793168391183,0.090625,Puntarenas_OTROS_Hidrometereológico
-0.10602393680926094,0.9109743439706439,8144,GPD,tail,21.39793168391183,0.090625,Puntarenas_OTROS_Hidrometereológico
-0.10602393680926094,0.9109743439706439,8145,GPD,tail,21.39793168391183,0.090625,Puntarenas_OTROS_Hidrometereológico
-0.10602393680926094,0.9109743439706439,8146,GPD,tail,21.39793168391183,0.090625,Puntarenas_OTROS_Hidrometereológico
-0.10602393680926094,0.9109743439706439,8147,GPD,tail,21.39793168391183,0.090625,Puntarenas_OTROS_Hidrometereológico
-0.10602393680926094,0.9109743439706439,8148,GPD,tail,21.39793168391183,0.090625,Puntarenas_OTROS_Hidrometereológico
-0.10602393680926094,0.9109743439706439,8149,GPD,tail,21.39793168391183,0.090625,Puntarenas_OTROS_Hidrometereológico
-0.10602393680926094,0.9109743439706439,8150,GPD,tail,21.39793168391183,0.090625,Puntarenas_OTROS_Hidrometereológico
-0.10602393680926094,0.9109743439706439,8151,GPD,tail,21.39793168391183,0.090625,Puntarenas_OTROS_Hidrometereológico
-0.10602393680926094,0.9109743439706439,8152,GPD,tail,21.39793168391183,0.090625,Puntarenas_OTROS_Hidrometereológico
-0.10602393680926094,0.9109743439706439,8153,GPD,tail,21.39793168391183,0.090625,Puntarenas_OTROS_Hidrometereológico
-0.10602393680926094,0.9109743439706439,8154,GPD,tail,21.39793168391183,0.090625,Puntarenas_OTROS_Hidrometereológico
-0.10602393680926094,0.9109743439706439,8155,GPD,tail,21.39793168391183,0.090625,Puntarenas_OTROS_Hidrometereológico
0.03655770611970423,0.7150348766971208,8156,GPD,tail,21.39793168391183,0.090625,Puntarenas_OTROS_Hidrometereológico
0.06876943500995354,0.7367942515665666,8157,GPD,tail,21.39793168391183,0.090625,Puntarenas_OTROS_Hidrometereológico
0.06876943500995354,0.7367942515665666,8158,GPD,tail,21.39793168391183,0.090625,Puntarenas_OTROS_Hidrometereológico
0.06876943500995354,0.7367942515665666,8159,GPD,tail,21.39793168391183,0.090625,Puntarenas_OTROS_Hidrometereológico
0.06876943500995354,0.7367942515665666,8160,GPD,tail,21.39793168391183,0.090625,Puntarenas_OTROS_Hidrometereológico
0.06876943500995354,0.7367942515665666,8161,GPD,tail,21.39793168391183,0.090625,Puntarenas_OTROS_Hidrometereológico
0.06876943500995354,0.7367942515665666,8162,GPD,tail,21.39793168391183,0.090625,Puntarenas_OTROS_Hidrometereológico
0.06876943500995354,0.7367942515665666,8163,GPD,tail,21.39793168391183,0.090625,Puntarenas_OTROS_Hidrometereológico
0.06876943500995354,0.7367942515665666,8164,GPD,tail,21.39793168391183,0.090625,Puntarenas_OTROS_Hidrometereológico
0.06876943500995354,0.7367942515665666,8165,GPD,tail,21.39793168391183,0.090625,Puntarenas_OTROS_Hidrometereológico
0.06876943500995354,0.7367942515665666,8166,GPD,tail,21.39793168391183,0.090625,Puntarenas_OTROS_Hidrometereológico
0.06876943500995354,0.7367942515665666,8167,GPD,tail,21.39793168391183,0.090625,Puntarenas_OTROS_Hidrometereológico
0.06876943500995354,0.7367942515665666,8168,GPD,tail,21.39793168391183,0.090625,Puntarenas_OTROS_Hidrometereológico
0.06876943500995354,0.7367942515665666,8169,GPD,tail,21.39793168391183,0.090625,Puntarenas_OTROS_Hidrometereológico
0.06876943500995354,0.7367942515665666,8170,GPD,tail,21.39793168391183,0.090625,Puntarenas_OTROS_Hidrometereológico
0.00921902484586589,0.8785441481444579,8171,GPD,tail,21.39793168391183,0.090625,Puntarenas_OTROS_Hidrometereológico
0.00921902484586589,0.8785441481444579,8172,GPD,tail,21.39793168391183,0.090625,Puntarenas_OTROS_Hidrometereológico
0.00921902484586589,0.8785441481444579,8173,GPD,tail,21.39793168391183,0.090625,Puntarenas_OTROS_Hidrometereológico
0.00921902484586589,0.8785441481444579,8174,GPD,tail,21.39793168391183,0.090625,Puntarenas_OTROS_Hidrometereológico
0.00921902484586589,0.8785441481444579,8175,GPD,tail,21.39793168391183,0.090625,Puntarenas_OTROS_Hidrometereológico
0.00921902484586589,0.8785441481444579,8176,GPD,tail,21.39793168391183,0.090625,Puntarenas_OTROS_Hidrometereológico
0.00921902484586589,0.8785441481444579,8177,GPD,tail,21.39793168391183,0.090625,Puntarenas_OTROS_Hidrometereológico
0.00921902484586589,0.8785441481444579,8178,GPD,tail,21.39793168391183,0.090625,Puntarenas_OTROS_Hidrometereológico
0.00921902484586589,0.8785441481444579,8179,GPD,tail,21.39793168391183,0.090625,Puntarenas_OTROS_Hidrometereológico
0.00921902484586589,0.8785441481444579,8180,GPD,tail,21.39793168391183,0.090625,Puntarenas_OTROS_Hidrometereológico
0.00921902484586589,0.8785441481444579,8181,GPD,tail,21.39793168391183,0.090625,Puntarenas_OTROS_Hidrometereológico
0.00921902484586589,0.8785441481444579,8182,GPD,tail,21.39793168391183,0.090625,Puntarenas_OTROS_Hidrometereológico
0.00921902484586589,0.8785441481444579,8183,GPD,tail,21.39793168391183,0.090625,Puntarenas_OTROS_Hidrometereológico
0.00921902484586589,0.8785441481444579,8184,GPD,tail,21.39793168391183,0.090625,Puntarenas_OTROS_Hidrometereológico
0.00921902484586589,0.8785441481444579,8185,GPD,tail,21.39793168391183,0.090625,Puntarenas_OTROS_Hidrometereológico
0.00921902484586589,0.8785441481444579,8186,GPD,tail,21.39793168391183,0.090625,Puntarenas_OTROS_Hidrometereológico
0.00921902484586589,0.8785441481444579,8187,GPD,tail,21.39793168391183,0.090625,Puntarenas_OTROS_Hidrometereológico
-0.15918324087244332,0.9066900843768659,8188,GPD,tail,21.39793168391183,0.090625,Puntarenas_OTROS_Hidrometereológico
-0.15918324087244332,0.9066900843768659,8189,GPD,tail,21.39793168391183,0.090625,Puntarenas_OTROS_Hidrometereológico
-0.15918324087244332,0.9066900843768659,8190,GPD,tail,21.39793168391183,0.090625,Puntarenas_OTROS_Hidrometereológico
-0.15918324087244332,0.9066900843768659,8191,GPD,tail,21.39793168391183,0.090625,Puntarenas_OTROS_Hidrometereológico
-0.15918324087244332,0.9066900843768659,8192,GPD,tail,21.39793168391183,0.090625,Puntarenas_OTROS_Hidrometereológico
-0.15918324087244332,0.9066900843768659,8193,GPD,tail,21.39793168391183,0.090625,Puntarenas_OTROS_Hidrometereológico
-0.15918324087244332,0.9066900843768659,8194,GPD,tail,21.39793168391183,0.090625,Puntarenas_OTROS_Hidrometereológico
-0.15918324087244332,0.9066900843768659,8195,GPD,tail,21.39793168391183,0.090625,Puntarenas_OTROS_Hidrometereológico
-0.15918324087244332,0.9066900843768659,8196,GPD,tail,21.39793168391183,0.090625,Puntarenas_OTROS_Hidrometereológico
-0.15918324087244332,0.9066900843768659,8197,GPD,tail,21.39793168391183,0.090625,Puntarenas_OTROS_Hidrometereológico
-0.15918324087244332,0.9066900843768659,8198,GPD,tail,21.39793168391183,0.090625,Puntarenas_OTROS_Hidrometereológico
-0.15918324087244332,0.9066900843768659,8199,GPD,tail,21.39793168391183,0.090625,Puntarenas_OTROS_Hidrometereológico
-0.15918324087244332,0.9066900843768659,8200,GPD,tail,21.39793168391183,0.090625,Puntarenas_OTROS_Hidrometereológico
-0.15918324087244332,0.9066900843768659,8201,GPD,tail,21.39793168391183,0.090625,Puntarenas_OTROS_Hidrometereológico
-0.15918324087244332,0.9066900843768659,8202,GPD,tail,21.39793168391183,0.090625,Puntarenas_OTROS_Hidrometereológico
-0.15918324087244332,0.9066900843768659,8203,GPD,tail,21.39793168391183,0.090625,Puntarenas_OTROS_Hidrometereológico
-0.15918324087244332,0.9066900843768659,8204,GPD,tail,21.39793168391183,0.090625,Puntarenas_OTROS_Hidrometereológico
-0.15918324087244332,0.9066900843768659,8205,GPD,tail,21.39793168391183,0.090625,Puntarenas_OTROS_Hidrometereológico
-0.15918324087244332,0.9066900843768659,8206,GPD,tail,21.39793168391183,0.090625,Puntarenas_OTROS_Hidrometereológico
-0.15918324087244332,0.9066900843768659,8207,GPD,tail,21.39793168391183,0.090625,Puntarenas_OTROS_Hidrometereológico
-0.15918324087244332,0.9066900843768659,8208,GPD,tail,21.39793168391183,0.090625,Puntarenas_OTROS_Hidrometereológico
-0.15918324087244332,0.9066900843768659,8209,GPD,tail,21.39793168391183,0.090625,Puntarenas_OTROS_Hidrometereológico
-0.15918324087244332,0.9066900843768659,8210,GPD,tail,21.39793168391183,0.090625,Puntarenas_OTROS_Hidrometereológico
-0.15918324087244332,0.9066900843768659,8211,GPD,tail,21.39793168391183,0.090625,Puntarenas_OTROS_Hidrometereológico
-0.15918324087244332,0.9066900843768659,8212,GPD,tail,21.39793168391183,0.090625,Puntarenas_OTROS_Hidrometereológico
-0.15918324087244332,0.9066900843768659,8213,GPD,tail,21.39793168391183,0.090625,Puntarenas_OTROS_Hidrometereológico
-0.15918324087244332,0.9066900843768659,8214,GPD,tail,21.39793168391183,0.090625,Puntarenas_OTROS_Hidrometereológico
-0.15918324087244332,0.9066900843768659,8215,GPD,tail,21.39793168391183,0.090625,Puntarenas_OTROS_Hidrometereológico
-0.13567718780870267,1.0274681740705007,8216,GPD,tail,21.39793168391183,0.090625,Puntarenas_OTROS_Hidrometereológico
-0.13567718780870267,1.0274681740705007,8217,GPD,tail,21.39793168391183,0.090625,Puntarenas_OTROS_Hidrometereológico
-0.13567718780870267,1.0274681740705007,8218,GPD,tail,21.39793168391183,0.090625,Puntarenas_OTROS_Hidrometereológico
-0.13567718780870267,1.0274681740705007,8219,GPD,tail,21.39793168391183,0.090625,Puntarenas_OTROS_Hidrometereológico
-0.13567718780870267,1.0274681740705007,8220,GPD,tail,21.39793168391183,0.090625,Puntarenas_OTROS_Hidrometereológico
-0.13567718780870267,1.0274681740705007,8221,GPD,tail,21.39793168391183,0.090625,Puntarenas_OTROS_Hidrometereológico
-0.05080791422736704,0.962911064250663,8222,GPD,tail,21.39793168391183,0.090625,Puntarenas_OTROS_Hidrometereológico
-0.05080791422736704,0.962911064250663,8223,GPD,tail,21.39793168391183,0.090625,Puntarenas_OTROS_Hidrometereológico
0.07269150837738642,0.7190052512387775,8224,GPD,tail,21.39793168391183,0.090625,Puntarenas_OTROS_Hidrometereológico
0.07269150837738642,0.7190052512387775,8225,GPD,tail,21.39793168391183,0.090625,Puntarenas_OTROS_Hidrometereológico
0.07269150837738642,0.7190052512387775,8226,GPD,tail,21.39793168391183,0.090625,Puntarenas_OTROS_Hidrometereológico
0.07269150837738642,0.7190052512387775,8227,GPD,tail,21.39793168391183,0.090625,Puntarenas_OTROS_Hidrometereológico
0.07269150837738642,0.7190052512387775,8228,GPD,tail,21.39793168391183,0.090625,Puntarenas_OTROS_Hidrometereológico
0.07269150837738642,0.7190052512387775,8229,GPD,tail,21.39793168391183,0.090625,Puntarenas_OTROS_Hidrometereológico
0.07269150837738642,0.7190052512387775,8230,GPD,tail,21.39793168391183,0.090625,Puntarenas_OTROS_Hidrometereológico
0.07269150837738642,0.7190052512387775,8231,GPD,tail,21.39793168391183,0.090625,Puntarenas_OTROS_Hidrometereológico
0.07269150837738642,0.7190052512387775,8232,GPD,tail,21.39793168391183,0.090625,Puntarenas_OTROS_Hidrometereológico
-0.1022450339700488,0.8288121076869077,8233,GPD,tail,21.39793168391183,0.090625,Puntarenas_OTROS_Hidrometereológico
-0.1022450339700488,0.8288121076869077,8234,GPD,tail,21.39793168391183,0.090625,Puntarenas_OTROS_Hidrometereológico
-0.1022450339700488,0.8288121076869077,8235,GPD,tail,21.39793168391183,0.090625,Puntarenas_OTROS_Hidrometereológico
-0.1022450339700488,0.8288121076869077,8236,GPD,tail,21.39793168391183,0.090625,Puntarenas_OTROS_Hidrometereológico
-0.1022450339700488,0.8288121076869077,8237,GPD,tail,21.39793168391183,0.090625,Puntarenas_OTROS_Hidrometereológico
-0.1022450339700488,0.8288121076869077,8238,GPD,tail,21.39793168391183,0.090625,Puntarenas_OTROS_Hidrometereológico
-0.1022450339700488,0.8288121076869077,8239,GPD,tail,21.39793168391183,0.090625,Puntarenas_OTROS_Hidrometereológico
-0.1022450339700488,0.8288121076869077,8240,GPD,tail,21.39793168391183,0.090625,Puntarenas_OTROS_Hidrometereológico
-0.08864577940326623,0.820392799301553,8241,GPD,tail,21.39793168391183,0.090625,Puntarenas_OTROS_Hidrometereológico
-0.06509600889220857,0.8274896396884861,8242,GPD,tail,21.39793168391183,0.090625,Puntarenas_OTROS_Hidrometereológico
-0.06509600889220857,0.8274896396884861,8243,GPD,tail,21.39793168391183,0.090625,Puntarenas_OTROS_Hidrometereológico
-0.06509600889220857,0.8274896396884861,8244,GPD,tail,21.39793168391183,0.090625,Puntarenas_OTROS_Hidrometereológico
-0.06509600889220857,0.8274896396884861,8245,GPD,tail,21.39793168391183,0.090625,Puntarenas_OTROS_Hidrometereológico
-0.06509600889220857,0.8274896396884861,8246,GPD,tail,21.39793168391183,0.090625,Puntarenas_OTROS_Hidrometereológico
-0.06509600889220857,0.8274896396884861,8247,GPD,tail,21.39793168391183,0.090625,Puntarenas_OTROS_Hidrometereológico
-0.06509600889220857,0.8274896396884861,8248,GPD,tail,21.39793168391183,0.090625,Puntarenas_OTROS_Hidrometereológico
-0.06509600889220857,0.8274896396884861,8249,GPD,tail,21.39793168391183,0.090625,Puntarenas_OTROS_Hidrometereológico
-0.06509600889220857,0.8274896396884861,8250,GPD,tail,21.39793168391183,0.090625,Puntarenas_OTROS_Hidrometereológico
-0.06509600889220857,0.8274896396884861,8251,GPD,tail,21.39793168391183,0.090625,Puntarenas_OTROS_Hidrometereológico
-0.06509600889220857,0.8274896396884861,8252,GPD,tail,21.39793168391183,0.090625,Puntarenas_OTROS_Hidrometereológico
-0.06509600889220857,0.8274896396884861,8253,GPD,tail,21.39793168391183,0.090625,Puntarenas_OTROS_Hidrometereológico
-0.06509600889220857,0.8274896396884861,8254,GPD,tail,21.39793168391183,0.090625,Puntarenas_OTROS_Hidrometereológico
-0.06509600889220857,0.8274896396884861,8255,GPD,tail,21.39793168391183,0.090625,Puntarenas_OTROS_Hidrometereológico
-0.06509600889220857,0.8274896396884861,8256,GPD,tail,21.39793168391183,0.090625,Puntarenas_OTROS_Hidrometereológico
-0.06509600889220857,0.8274896396884861,8257,GPD,tail,21.39793168391183,0.090625,Puntarenas_OTROS_Hidrometereológico
-0.06509600889220857,0.8274896396884861,8258,GPD,tail,21.39793168391183,0.090625,Puntarenas_OTROS_Hidrometereológico
-0.06509600889220857,0.8274896396884861,8259,GPD,tail,21.39793168391183,0.090625,Puntarenas_OTROS_Hidrometereológico
-0.06509600889220857,0.8274896396884861,8260,GPD,tail,21.39793168391183,0.090625,Puntarenas_OTROS_Hidrometereológico
-0.06509600889220857,0.8274896396884861,8261,GPD,tail,21.39793168391183,0.090625,Puntarenas_OTROS_Hidrometereológico
-0.06509600889220857,0.8274896396884861,8262,GPD,tail,21.39793168391183,0.090625,Puntarenas_OTROS_Hidrometereológico
-0.06509600889220857,0.8274896396884861,8263,GPD,tail,21.39793168391183,0.090625,Puntarenas_OTROS_Hidrometereológico
-0.06509600889220857,0.8274896396884861,8264,GPD,tail,21.39793168391183,0.090625,Puntarenas_OTROS_Hidrometereológico
-0.0921210725590493,0.8829723377087997,8265,GPD,tail,21.39793168391183,0.090625,Puntarenas_OTROS_Hidrometereológico
-0.0921210725590493,0.8829723377087997,8266,GPD,tail,21.39793168391183,0.090625,Puntarenas_OTROS_Hidrometereológico
-0.0921210725590493,0.8829723377087997,8267,GPD,tail,21.39793168391183,0.090625,Puntarenas_OTROS_Hidrometereológico
-0.0921210725590493,0.8829723377087997,8268,GPD,tail,21.39793168391183,0.090625,Puntarenas_OTROS_Hidrometereológico
-0.0921210725590493,0.8829723377087997,8269,GPD,tail,21.39793168391183,0.090625,Puntarenas_OTROS_Hidrometereológico
-0.0921210725590493,0.8829723377087997,8270,GPD,tail,21.39793168391183,0.090625,Puntarenas_OTROS_Hidrometereológico
-0.0921210725590493,0.8829723377087997,8271,GPD,tail,21.39793168391183,0.090625,Puntarenas_OTROS_Hidrometereológico
-0.0921210725590493,0.8829723377087997,8272,GPD,tail,21.39793168391183,0.090625,Puntarenas_OTROS_Hidrometereológico
-0.0921210725590493,0.8829723377087997,8273,GPD,tail,21.39793168391183,0.090625,Puntarenas_OTROS_Hidrometereológico
-0.0921210725590493,0.8829723377087997,8274,GPD,tail,21.39793168391183,0.090625,Puntarenas_OTROS_Hidrometereológico
-0.0921210725590493,0.8829723377087997,8275,GPD,tail,21.39793168391183,0.090625,Puntarenas_OTROS_Hidrometereológico
-0.0921210725590493,0.8829723377087997,8276,GPD,tail,21.39793168391183,0.090625,Puntarenas_OTROS_Hidrometereológico
-0.0921210725590493,0.8829723377087997,8277,GPD,tail,21.39793168391183,0.090625,Puntarenas_OTROS_Hidrometereológico
-0.0921210725590493,0.8829723377087997,8278,GPD,tail,21.39793168391183,0.090625,Puntarenas_OTROS_Hidrometereológico
-0.0921210725590493,0.8829723377087997,8279,GPD,tail,21.39793168391183,0.090625,Puntarenas_OTROS_Hidrometereológico
-0.0921210725590493,0.8829723377087997,8280,GPD,tail,21.39793168391183,0.090625,Puntarenas_OTROS_Hidrometereológico
-0.0921210725590493,0.8829723377087997,8281,GPD,tail,21.39793168391183,0.090625,Puntarenas_OTROS_Hidrometereológico
-0.0921210725590493,0.8829723377087997,8282,GPD,tail,21.39793168391183,0.090625,Puntarenas_OTROS_Hidrometereológico
-0.0921210725590493,0.8829723377087997,8283,GPD,tail,21.39793168391183,0.090625,Puntarenas_OTROS_Hidrometereológico
-0.0921210725590493,0.8829723377087997,8284,GPD,tail,21.39793168391183,0.090625,Puntarenas_OTROS_Hidrometereológico
-0.0921210725590493,0.8829723377087997,8285,GPD,tail,21.39793168391183,0.090625,Puntarenas_OTROS_Hidrometereológico
-0.0921210725590493,0.8829723377087997,8286,GPD,tail,21.39793168391183,0.090625,Puntarenas_OTROS_Hidrometereológico
-0.0921210725590493,0.8829723377087997,8287,GPD,tail,21.39793168391183,0.090625,Puntarenas_OTROS_Hidrometereológico
-0.0921210725590493,0.8829723377087997,8288,GPD,tail,21.39793168391183,0.090625,Puntarenas_OTROS_Hidrometereológico
-0.0921210725590493,0.8829723377087997,8289,GPD,tail,21.39793168391183,0.090625,Puntarenas_OTROS_Hidrometereológico
-0.0921210725590493,0.8829723377087997,8290,GPD,tail,21.39793168391183,0.090625,Puntarenas_OTROS_Hidrometereológico
-0.0921210725590493,0.8829723377087997,8291,GPD,tail,21.39793168391183,0.090625,Puntarenas_OTROS_Hidrometereológico
-0.0921210725590493,0.8829723377087997,8292,GPD,tail,21.39793168391183,0.090625,Puntarenas_OTROS_Hidrometereológico
-0.0921210725590493,0.8829723377087997,8293,GPD,tail,21.39793168391183,0.090625,Puntarenas_OTROS_Hidrometereológico
-0.0921210725590493,0.8829723377087997,8294,GPD,tail,21.39793168391183,0.090625,Puntarenas_OTROS_Hidrometereológico
-0.0921210725590493,0.8829723377087997,8295,GPD,tail,21.39793168391183,0.090625,Puntarenas_OTROS_Hidrometereológico
-0.0921210725590493,0.8829723377087997,8296,GPD,tail,21.39793168391183,0.090625,Puntarenas_OTROS_Hidrometereológico
-0.0921210725590493,0.8829723377087997,8297,GPD,tail,21.39793168391183,0.090625,Puntarenas_OTROS_Hidrometereológico
-0.0921210725590493,0.8829723377087997,8298,GPD,tail,21.39793168391183,0.090625,Puntarenas_OTROS_Hidrometereológico
-0.0921210725590493,0.8829723377087997,8299,GPD,tail,21.39793168391183,0.090625,Puntarenas_OTROS_Hidrometereológico
-0.0921210725590493,0.8829723377087997,8300,GPD,tail,21.39793168391183,0.090625,Puntarenas_OTROS_Hidrometereológico
-0.0921210725590493,0.8829723377087997,8301,GPD,tail,21.39793168391183,0.090625,Puntarenas_OTROS_Hidrometereológico
-0.0921210725590493,0.8829723377087997,8302,GPD,tail,21.39793168391183,0.090625,Puntarenas_OTROS_Hidrometereológico
-0.0921210725590493,0.8829723377087997,8303,GPD,tail,21.39793168391183,0.090625,Puntarenas_OTROS_Hidrometereológico
-0.0921210725590493,0.8829723377087997,8304,GPD,tail,21.39793168391183,0.090625,Puntarenas_OTROS_Hidrometereológico
-0.0921210725590493,0.8829723377087997,8305,GPD,tail,21.39793168391183,0.090625,Puntarenas_OTROS_Hidrometereológico
-0.0921210725590493,0.8829723377087997,8306,GPD,tail,21.39793168391183,0.090625,Puntarenas_OTROS_Hidrometereológico
-0.0921210725590493,0.8829723377087997,8307,GPD,tail,21.39793168391183,0.090625,Puntarenas_OTROS_Hidrometereológico
-0.0921210725590493,0.8829723377087997,8308,GPD,tail,21.39793168391183,0.090625,Puntarenas_OTROS_Hidrometereológico
-0.0921210725590493,0.8829723377087997,8309,GPD,tail,21.39793168391183,0.090625,Puntarenas_OTROS_Hidrometereológico
-0.0921210725590493,0.8829723377087997,8310,GPD,tail,21.39793168391183,0.090625,Puntarenas_OTROS_Hidrometereológico
-0.0921210725590493,0.8829723377087997,8311,GPD,tail,21.39793168391183,0.090625,Puntarenas_OTROS_Hidrometereológico
-0.0921210725590493,0.8829723377087997,8312,GPD,tail,21.39793168391183,0.090625,Puntarenas_OTROS_Hidrometereológico
-0.0921210725590493,0.8829723377087997,8313,GPD,tail,21.39793168391183,0.090625,Puntarenas_OTROS_Hidrometereológico
-0.0921210725590493,0.8829723377087997,8314,GPD,tail,21.39793168391183,0.090625,Puntarenas_OTROS_Hidrometereológico
-0.0921210725590493,0.8829723377087997,8315,GPD,tail,21.39793168391183,0.090625,Puntarenas_OTROS_Hidrometereológico
-0.0921210725590493,0.8829723377087997,8316,GPD,tail,21.39793168391183,0.090625,Puntarenas_OTROS_Hidrometereológico
-0.0921210725590493,0.8829723377087997,8317,GPD,tail,21.39793168391183,0.090625,Puntarenas_OTROS_Hidrometereológico
-0.0921210725590493,0.8829723377087997,8318,GPD,tail,21.39793168391183,0.090625,Puntarenas_OTROS_Hidrometereológico
-0.0921210725590493,0.8829723377087997,8319,GPD,tail,21.39793168391183,0.090625,Puntarenas_OTROS_Hidrometereológico
-0.0921210725590493,0.8829723377087997,8320,GPD,tail,21.39793168391183,0.090625,Puntarenas_OTROS_Hidrometereológico
-0.0921210725590493,0.8829723377087997,8321,GPD,tail,21.39793168391183,0.090625,Puntarenas_OTROS_Hidrometereológico
-0.0921210725590493,0.8829723377087997,8322,GPD,tail,21.39793168391183,0.090625,Puntarenas_OTROS_Hidrometereológico
-0.0921210725590493,0.8829723377087997,8323,GPD,tail,21.39793168391183,0.090625,Puntarenas_OTROS_Hidrometereológico
0.05627824169649126,0.7791276336638671,8324,GPD,tail,21.39793168391183,0.090625,Puntarenas_OTROS_Hidrometereológico
0.05627824169649126,0.7791276336638671,8325,GPD,tail,21.39793168391183,0.090625,Puntarenas_OTROS_Hidrometereológico
0.05627824169649126,0.7791276336638671,8326,GPD,tail,21.39793168391183,0.090625,Puntarenas_OTROS_Hidrometereológico
0.05627824169649126,0.7791276336638671,8327,GPD,tail,21.39793168391183,0.090625,Puntarenas_OTROS_Hidrometereológico
0.05627824169649126,0.7791276336638671,8328,GPD,tail,21.39793168391183,0.090625,Puntarenas_OTROS_Hidrometereológico
0.05627824169649126,0.7791276336638671,8329,GPD,tail,21.39793168391183,0.090625,Puntarenas_OTROS_Hidrometereológico
0.05627824169649126,0.7791276336638671,8330,GPD,tail,21.39793168391183,0.090625,Puntarenas_OTROS_Hidrometereológico
0.05627824169649126,0.7791276336638671,8331,GPD,tail,21.39793168391183,0.090625,Puntarenas_OTROS_Hidrometereológico
0.05627824169649126,0.7791276336638671,8332,GPD,tail,21.39793168391183,0.090625,Puntarenas_OTROS_Hidrometereológico
0.05627824169649126,0.7791276336638671,8333,GPD,tail,21.39793168391183,0.090625,Puntarenas_OTROS_Hidrometereológico
0.05627824169649126,0.7791276336638671,8334,GPD,tail,21.39793168391183,0.090625,Puntarenas_OTROS_Hidrometereológico
0.05627824169649126,0.7791276336638671,8335,GPD,tail,21.39793168391183,0.090625,Puntarenas_OTROS_Hidrometereológico
0.05627824169649126,0.7791276336638671,8336,GPD,tail,21.39793168391183,0.090625,Puntarenas_OTROS_Hidrometereológico
0.05627824169649126,0.7791276336638671,8337,GPD,tail,21.39793168391183,0.090625,Puntarenas_OTROS_Hidrometereológico
0.05627824169649126,0.7791276336638671,8338,GPD,tail,21.39793168391183,0.090625,Puntarenas_OTROS_Hidrometereológico
0.05627824169649126,0.7791276336638671,8339,GPD,tail,21.39793168391183,0.090625,Puntarenas_OTROS_Hidrometereológico
0.05627824169649126,0.7791276336638671,8340,GPD,tail,21.39793168391183,0.090625,Puntarenas_OTROS_Hidrometereológico
0.05627824169649126,0.7791276336638671,8341,GPD,tail,21.39793168391183,0.090625,Puntarenas_OTROS_Hidrometereológico
0.05627824169649126,0.7791276336638671,8342,GPD,tail,21.39793168391183,0.090625,Puntarenas_OTROS_Hidrometereológico
0.05627824169649126,0.7791276336638671,8343,GPD,tail,21.39793168391183,0.090625,Puntarenas_OTROS_Hidrometereológico
0.05627824169649126,0.7791276336638671,8344,GPD,tail,21.39793168391183,0.090625,Puntarenas_OTROS_Hidrometereológico
-0.017093201303490124,0.7972691632742483,8345,GPD,tail,21.39793168391183,0.090625,Puntarenas_OTROS_Hidrometereológico
-0.017093201303490124,0.7972691632742483,8346,GPD,tail,21.39793168391183,0.090625,Puntarenas_OTROS_Hidrometereológico
-0.017093201303490124,0.7972691632742483,8347,GPD,tail,21.39793168391183,0.090625,Puntarenas_OTROS_Hidrometereológico
-0.017093201303490124,0.7972691632742483,8348,GPD,tail,21.39793168391183,0.090625,Puntarenas_OTROS_Hidrometereológico
-0.017093201303490124,0.7972691632742483,8349,GPD,tail,21.39793168391183,0.090625,Puntarenas_OTROS_Hidrometereológico
-0.017093201303490124,0.7972691632742483,8350,GPD,tail,21.39793168391183,0.090625,Puntarenas_OTROS_Hidrometereológico
-0.017093201303490124,0.7972691632742483,8351,GPD,tail,21.39793168391183,0.090625,Puntarenas_OTROS_Hidrometereológico
-0.017093201303490124,0.7972691632742483,8352,GPD,tail,21.39793168391183,0.090625,Puntarenas_OTROS_Hidrometereológico
-0.017093201303490124,0.7972691632742483,8353,GPD,tail,21.39793168391183,0.090625,Puntarenas_OTROS_Hidrometereológico
-0.017093201303490124,0.7972691632742483,8354,GPD,tail,21.39793168391183,0.090625,Puntarenas_OTROS_Hidrometereológico
-0.017093201303490124,0.7972691632742483,8355,GPD,tail,21.39793168391183,0.090625,Puntarenas_OTROS_Hidrometereológico
-0.017093201303490124,0.7972691632742483,8356,GPD,tail,21.39793168391183,0.090625,Puntarenas_OTROS_Hidrometereológico
-0.017093201303490124,0.7972691632742483,8357,GPD,tail,21.39793168391183,0.090625,Puntarenas_OTROS_Hidrometereológico
-0.017093201303490124,0.7972691632742483,8358,GPD,tail,21.39793168391183,0.090625,Puntarenas_OTROS_Hidrometereológico
-0.017093201303490124,0.7972691632742483,8359,GPD,tail,21.39793168391183,0.090625,Puntarenas_OTROS_Hidrometereológico
-0.017093201303490124,0.7972691632742483,8360,GPD,tail,21.39793168391183,0.090625,Puntarenas_OTROS_Hidrometereológico
-0.017093201303490124,0.7972691632742483,8361,GPD,tail,21.39793168391183,0.090625,Puntarenas_OTROS_Hidrometereológico
-0.017093201303490124,0.7972691632742483,8362,GPD,tail,21.39793168391183,0.090625,Puntarenas_OTROS_Hidrometereológico
-0.017093201303490124,0.7972691632742483,8363,GPD,tail,21.39793168391183,0.090625,Puntarenas_OTROS_Hidrometereológico
-0.017093201303490124,0.7972691632742483,8364,GPD,tail,21.39793168391183,0.090625,Puntarenas_OTROS_Hidrometereológico
-0.017093201303490124,0.7972691632742483,8365,GPD,tail,21.39793168391183,0.090625,Puntarenas_OTROS_Hidrometereológico
-0.017093201303490124,0.7972691632742483,8366,GPD,tail,21.39793168391183,0.090625,Puntarenas_OTROS_Hidrometereológico
-0.017093201303490124,0.7972691632742483,8367,GPD,tail,21.39793168391183,0.090625,Puntarenas_OTROS_Hidrometereológico
-0.017093201303490124,0.7972691632742483,8368,GPD,tail,21.39793168391183,0.090625,Puntarenas_OTROS_Hidrometereológico
-0.017093201303490124,0.7972691632742483,8369,GPD,tail,21.39793168391183,0.090625,Puntarenas_OTROS_Hidrometereológico
-0.017093201303490124,0.7972691632742483,8370,GPD,tail,21.39793168391183,0.090625,Puntarenas_OTROS_Hidrometereológico
-0.017093201303490124,0.7972691632742483,8371,GPD,tail,21.39793168391183,0.090625,Puntarenas_OTROS_Hidrometereológico
-0.017093201303490124,0.7972691632742483,8372,GPD,tail,21.39793168391183,0.090625,Puntarenas_OTROS_Hidrometereológico
-0.017093201303490124,0.7972691632742483,8373,GPD,tail,21.39793168391183,0.090625,Puntarenas_OTROS_Hidrometereológico
-0.017093201303490124,0.7972691632742483,8374,GPD,tail,21.39793168391183,0.090625,Puntarenas_OTROS_Hidrometereológico
-0.017093201303490124,0.7972691632742483,8375,GPD,tail,21.39793168391183,0.090625,Puntarenas_OTROS_Hidrometereológico
-0.017093201303490124,0.7972691632742483,8376,GPD,tail,21.39793168391183,0.090625,Puntarenas_OTROS_Hidrometereológico
-0.0007300726870760992,0.8244281485297653,8377,GPD,tail,21.39793168391183,0.090625,Puntarenas_OTROS_Hidrometereológico
-0.0007300726870760992,0.8244281485297653,8378,GPD,tail,21.39793168391183,0.090625,Puntarenas_OTROS_Hidrometereológico
-0.0007300726870760992,0.8244281485297653,8379,GPD,tail,21.39793168391183,0.090625,Puntarenas_OTROS_Hidrometereológico
-0.0007300726870760992,0.8244281485297653,8380,GPD,tail,21.39793168391183,0.090625,Puntarenas_OTROS_Hidrometereológico
-0.0007300726870760992,0.8244281485297653,8381,GPD,tail,21.39793168391183,0.090625,Puntarenas_OTROS_Hidrometereológico
-0.046377311414123656,0.9092466039580547,8382,GPD,tail,21.39793168391183,0.090625,Puntarenas_OTROS_Hidrometereológico
-0.046377311414123656,0.9092466039580547,8383,GPD,tail,21.39793168391183,0.090625,Puntarenas_OTROS_Hidrometereológico
-0.046377311414123656,0.9092466039580547,8384,GPD,tail,21.39793168391183,0.090625,Puntarenas_OTROS_Hidrometereológico
-0.046377311414123656,0.9092466039580547,8385,GPD,tail,21.39793168391183,0.090625,Puntarenas_OTROS_Hidrometereológico
-0.046377311414123656,0.9092466039580547,8386,GPD,tail,21.39793168391183,0.090625,Puntarenas_OTROS_Hidrometereológico
-0.046377311414123656,0.9092466039580547,8387,GPD,tail,21.39793168391183,0.090625,Puntarenas_OTROS_Hidrometereológico
-0.046377311414123656,0.9092466039580547,8388,GPD,tail,21.39793168391183,0.090625,Puntarenas_OTROS_Hidrometereológico
-0.046377311414123656,0.9092466039580547,8389,GPD,tail,21.39793168391183,0.090625,Puntarenas_OTROS_Hidrometereológico
-0.046377311414123656,0.9092466039580547,8390,GPD,tail,21.39793168391183,0.090625,Puntarenas_OTROS_Hidrometereológico
-0.046377311414123656,0.9092466039580547,8391,GPD,tail,21.39793168391183,0.090625,Puntarenas_OTROS_Hidrometereológico
-0.046377311414123656,0.9092466039580547,8392,GPD,tail,21.39793168391183,0.090625,Puntarenas_OTROS_Hidrometereológico
-0.046377311414123656,0.9092466039580547,8393,GPD,tail,21.39793168391183,0.090625,Puntarenas_OTROS_Hidrometereológico
-0.046377311414123656,0.9092466039580547,8394,GPD,tail,21.39793168391183,0.090625,Puntarenas_OTROS_Hidrometereológico
-0.046377311414123656,0.9092466039580547,8395,GPD,tail,21.39793168391183,0.090625,Puntarenas_OTROS_Hidrometereológico
-0.046377311414123656,0.9092466039580547,8396,GPD,tail,21.39793168391183,0.090625,Puntarenas_OTROS_Hidrometereológico
-0.046377311414123656,0.9092466039580547,8397,GPD,tail,21.39793168391183,0.090625,Puntarenas_OTROS_Hidrometereológico
-0.046377311414123656,0.9092466039580547,8398,GPD,tail,21.39793168391183,0.090625,Puntarenas_OTROS_Hidrometereológico
-0.17734062532627665,1.021421925362659,8399,GPD,tail,21.39793168391183,0.090625,Puntarenas_OTROS_Hidrometereológico
-0.17734062532627665,1.021421925362659,8400,GPD,tail,21.39793168391183,0.090625,Puntarenas_OTROS_Hidrometereológico
-0.17734062532627665,1.021421925362659,8401,GPD,tail,21.39793168391183,0.090625,Puntarenas_OTROS_Hidrometereológico
-0.17734062532627665,1.021421925362659,8402,GPD,tail,21.39793168391183,0.090625,Puntarenas_OTROS_Hidrometereológico
-0.17734062532627665,1.021421925362659,8403,GPD,tail,21.39793168391183,0.090625,Puntarenas_OTROS_Hidrometereológico
-0.17734062532627665,1.021421925362659,8404,GPD,tail,21.39793168391183,0.090625,Puntarenas_OTROS_Hidrometereológico
0.018041761921727767,0.7357224012338244,8405,GPD,tail,21.39793168391183,0.090625,Puntarenas_OTROS_Hidrometereológico
0.018041761921727767,0.7357224012338244,8406,GPD,tail,21.39793168391183,0.090625,Puntarenas_OTROS_Hidrometereológico
0.018041761921727767,0.7357224012338244,8407,GPD,tail,21.39793168391183,0.090625,Puntarenas_OTROS_Hidrometereológico
0.018041761921727767,0.7357224012338244,8408,GPD,tail,21.39793168391183,0.090625,Puntarenas_OTROS_Hidrometereológico
0.018041761921727767,0.7357224012338244,8409,GPD,tail,21.39793168391183,0.090625,Puntarenas_OTROS_Hidrometereológico
0.018041761921727767,0.7357224012338244,8410,GPD,tail,21.39793168391183,0.090625,Puntarenas_OTROS_Hidrometereológico
0.018041761921727767,0.7357224012338244,8411,GPD,tail,21.39793168391183,0.090625,Puntarenas_OTROS_Hidrometereológico
0.018041761921727767,0.7357224012338244,8412,GPD,tail,21.39793168391183,0.090625,Puntarenas_OTROS_Hidrometereológico
0.018041761921727767,0.7357224012338244,8413,GPD,tail,21.39793168391183,0.090625,Puntarenas_OTROS_Hidrometereológico
0.018041761921727767,0.7357224012338244,8414,GPD,tail,21.39793168391183,0.090625,Puntarenas_OTROS_Hidrometereológico
0.018041761921727767,0.7357224012338244,8415,GPD,tail,21.39793168391183,0.090625,Puntarenas_OTROS_Hidrometereológico
0.018041761921727767,0.7357224012338244,8416,GPD,tail,21.39793168391183,0.090625,Puntarenas_OTROS_Hidrometereológico
0.018041761921727767,0.7357224012338244,8417,GPD,tail,21.39793168391183,0.090625,Puntarenas_OTROS_Hidrometereológico
0.018041761921727767,0.7357224012338244,8418,GPD,tail,21.39793168391183,0.090625,Puntarenas_OTROS_Hidrometereológico
0.018041761921727767,0.7357224012338244,8419,GPD,tail,21.39793168391183,0.090625,Puntarenas_OTROS_Hidrometereológico
0.018041761921727767,0.7357224012338244,8420,GPD,tail,21.39793168391183,0.090625,Puntarenas_OTROS_Hidrometereológico
0.018041761921727767,0.7357224012338244,8421,GPD,tail,21.39793168391183,0.090625,Puntarenas_OTROS_Hidrometereológico
0.018041761921727767,0.7357224012338244,8422,GPD,tail,21.39793168391183,0.090625,Puntarenas_OTROS_Hidrometereológico
0.018041761921727767,0.7357224012338244,8423,GPD,tail,21.39793168391183,0.090625,Puntarenas_OTROS_Hidrometereológico
0.018041761921727767,0.7357224012338244,8424,GPD,tail,21.39793168391183,0.090625,Puntarenas_OTROS_Hidrometereológico
0.018041761921727767,0.7357224012338244,8425,GPD,tail,21.39793168391183,0.090625,Puntarenas_OTROS_Hidrometereológico
0.018041761921727767,0.7357224012338244,8426,GPD,tail,21.39793168391183,0.090625,Puntarenas_OTROS_Hidrometereológico
0.0020273301085160893,0.7534429695337337,8427,GPD,tail,21.39793168391183,0.090625,Puntarenas_OTROS_Hidrometereológico
0.0020273301085160893,0.7534429695337337,8428,GPD,tail,21.39793168391183,0.090625,Puntarenas_OTROS_Hidrometereológico
0.0020273301085160893,0.7534429695337337,8429,GPD,tail,21.39793168391183,0.090625,Puntarenas_OTROS_Hidrometereológico
0.0020273301085160893,0.7534429695337337,8430,GPD,tail,21.39793168391183,0.090625,Puntarenas_OTROS_Hidrometereológico
-0.08522261144689641,0.8173518745869229,8431,GPD,tail,21.39793168391183,0.090625,Puntarenas_OTROS_Hidrometereológico
-0.08522261144689641,0.8173518745869229,8432,GPD,tail,21.39793168391183,0.090625,Puntarenas_OTROS_Hidrometereológico
-0.08522261144689641,0.8173518745869229,8433,GPD,tail,21.39793168391183,0.090625,Puntarenas_OTROS_Hidrometereológico
-0.0699569313286718,0.8779176854103072,8434,GPD,tail,21.39793168391183,0.090625,Puntarenas_OTROS_Hidrometereológico
-0.0699569313286718,0.8779176854103072,8435,GPD,tail,21.39793168391183,0.090625,Puntarenas_OTROS_Hidrometereológico
-0.0699569313286718,0.8779176854103072,8436,GPD,tail,21.39793168391183,0.090625,Puntarenas_OTROS_Hidrometereológico
-0.0699569313286718,0.8779176854103072,8437,GPD,tail,21.39793168391183,0.090625,Puntarenas_OTROS_Hidrometereológico
-0.0699569313286718,0.8779176854103072,8438,GPD,tail,21.39793168391183,0.090625,Puntarenas_OTROS_Hidrometereológico
-0.0699569313286718,0.8779176854103072,8439,GPD,tail,21.39793168391183,0.090625,Puntarenas_OTROS_Hidrometereológico
-0.0699569313286718,0.8779176854103072,8440,GPD,tail,21.39793168391183,0.090625,Puntarenas_OTROS_Hidrometereológico
-0.0699569313286718,0.8779176854103072,8441,GPD,tail,21.39793168391183,0.090625,Puntarenas_OTROS_Hidrometereológico
-0.0699569313286718,0.8779176854103072,8442,GPD,tail,21.39793168391183,0.090625,Puntarenas_OTROS_Hidrometereológico
-0.0699569313286718,0.8779176854103072,8443,GPD,tail,21.39793168391183,0.090625,Puntarenas_OTROS_Hidrometereológico
-0.0699569313286718,0.8779176854103072,8444,GPD,tail,21.39793168391183,0.090625,Puntarenas_OTROS_Hidrometereológico
-0.0699569313286718,0.8779176854103072,8445,GPD,tail,21.39793168391183,0.090625,Puntarenas_OTROS_Hidrometereológico
-0.061205518633581424,0.8016244289007816,8446,GPD,tail,21.39793168391183,0.090625,Puntarenas_OTROS_Hidrometereológico
-0.061205518633581424,0.8016244289007816,8447,GPD,tail,21.39793168391183,0.090625,Puntarenas_OTROS_Hidrometereológico
-0.061205518633581424,0.8016244289007816,8448,GPD,tail,21.39793168391183,0.090625,Puntarenas_OTROS_Hidrometereológico
-0.061205518633581424,0.8016244289007816,8449,GPD,tail,21.39793168391183,0.090625,Puntarenas_OTROS_Hidrometereológico
-0.061205518633581424,0.8016244289007816,8450,GPD,tail,21.39793168391183,0.090625,Puntarenas_OTROS_Hidrometereológico
-0.061205518633581424,0.8016244289007816,8451,GPD,tail,21.39793168391183,0.090625,Puntarenas_OTROS_Hidrometereológico
-0.061205518633581424,0.8016244289007816,8452,GPD,tail,21.39793168391183,0.090625,Puntarenas_OTROS_Hidrometereológico
-0.061205518633581424,0.8016244289007816,8453,GPD,tail,21.39793168391183,0.090625,Puntarenas_OTROS_Hidrometereológico
-0.17311134511554266,0.9660496904782264,8454,GPD,tail,21.39793168391183,0.090625,Puntarenas_OTROS_Hidrometereológico
-0.17311134511554266,0.9660496904782264,8455,GPD,tail,21.39793168391183,0.090625,Puntarenas_OTROS_Hidrometereológico
-0.17311134511554266,0.9660496904782264,8456,GPD,tail,21.39793168391183,0.090625,Puntarenas_OTROS_Hidrometereológico
-0.17311134511554266,0.9660496904782264,8457,GPD,tail,21.39793168391183,0.090625,Puntarenas_OTROS_Hidrometereológico
-0.17311134511554266,0.9660496904782264,8458,GPD,tail,21.39793168391183,0.090625,Puntarenas_OTROS_Hidrometereológico
-0.17311134511554266,0.9660496904782264,8459,GPD,tail,21.39793168391183,0.090625,Puntarenas_OTROS_Hidrometereológico
-0.17311134511554266,0.9660496904782264,8460,GPD,tail,21.39793168391183,0.090625,Puntarenas_OTROS_Hidrometereológico
-0.17311134511554266,0.9660496904782264,8461,GPD,tail,21.39793168391183,0.090625,Puntarenas_OTROS_Hidrometereológico
-0.17311134511554266,0.9660496904782264,8462,GPD,tail,21.39793168391183,0.090625,Puntarenas_OTROS_Hidrometereológico
-0.17311134511554266,0.9660496904782264,8463,GPD,tail,21.39793168391183,0.090625,Puntarenas_OTROS_Hidrometereológico
-0.17311134511554266,0.9660496904782264,8464,GPD,tail,21.39793168391183,0.090625,Puntarenas_OTROS_Hidrometereológico
-0.17311134511554266,0.9660496904782264,8465,GPD,tail,21.39793168391183,0.090625,Puntarenas_OTROS_Hidrometereológico
-0.04482810155353423,0.728463356027206,8466,GPD,tail,21.39793168391183,0.090625,Puntarenas_OTROS_Hidrometereológico
-0.04482810155353423,0.728463356027206,8467,GPD,tail,21.39793168391183,0.090625,Puntarenas_OTROS_Hidrometereológico
-0.04482810155353423,0.728463356027206,8468,GPD,tail,21.39793168391183,0.090625,Puntarenas_OTROS_Hidrometereológico
-0.04482810155353423,0.728463356027206,8469,GPD,tail,21.39793168391183,0.090625,Puntarenas_OTROS_Hidrometereológico
-0.04482810155353423,0.728463356027206,8470,GPD,tail,21.39793168391183,0.090625,Puntarenas_OTROS_Hidrometereológico
-0.04482810155353423,0.728463356027206,8471,GPD,tail,21.39793168391183,0.090625,Puntarenas_OTROS_Hidrometereológico
-0.04482810155353423,0.728463356027206,8472,GPD,tail,21.39793168391183,0.090625,Puntarenas_OTROS_Hidrometereológico
-0.04482810155353423,0.728463356027206,8473,GPD,tail,21.39793168391183,0.090625,Puntarenas_OTROS_Hidrometereológico
-0.04482810155353423,0.728463356027206,8474,GPD,tail,21.39793168391183,0.090625,Puntarenas_OTROS_Hidrometereológico
-0.06100607134334628,0.7914584708327764,8475,GPD,tail,21.39793168391183,0.090625,Puntarenas_OTROS_Hidrometereológico
-0.06100607134334628,0.7914584708327764,8476,GPD,tail,21.39793168391183,0.090625,Puntarenas_OTROS_Hidrometereológico
-0.10825735885957488,0.919431573715705,8477,GPD,tail,21.39793168391183,0.090625,Puntarenas_OTROS_Hidrometereológico
-0.10825735885957488,0.919431573715705,8478,GPD,tail,21.39793168391183,0.090625,Puntarenas_OTROS_Hidrometereológico
-0.10825735885957488,0.919431573715705,8479,GPD,tail,21.39793168391183,0.090625,Puntarenas_OTROS_Hidrometereológico
-0.10825735885957488,0.919431573715705,8480,GPD,tail,21.39793168391183,0.090625,Puntarenas_OTROS_Hidrometereológico
-0.10825735885957488,0.919431573715705,8481,GPD,tail,21.39793168391183,0.090625,Puntarenas_OTROS_Hidrometereológico
-0.10825735885957488,0.919431573715705,8482,GPD,tail,21.39793168391183,0.090625,Puntarenas_OTROS_Hidrometereológico
-0.10825735885957488,0.919431573715705,8483,GPD,tail,21.39793168391183,0.090625,Puntarenas_OTROS_Hidrometereológico
-0.10825735885957488,0.919431573715705,8484,GPD,tail,21.39793168391183,0.090625,Puntarenas_OTROS_Hidrometereológico
-0.10825735885957488,0.919431573715705,8485,GPD,tail,21.39793168391183,0.090625,Puntarenas_OTROS_Hidrometereológico
-0.10825735885957488,0.919431573715705,8486,GPD,tail,21.39793168391183,0.090625,Puntarenas_OTROS_Hidrometereológico
-0.10825735885957488,0.919431573715705,8487,GPD,tail,21.39793168391183,0.090625,Puntarenas_OTROS_Hidrometereológico
-0.10825735885957488,0.919431573715705,8488,GPD,tail,21.39793168391183,0.090625,Puntarenas_OTROS_Hidrometereológico
-0.10825735885957488,0.919431573715705,8489,GPD,tail,21.39793168391183,0.090625,Puntarenas_OTROS_Hidrometereológico
-0.10825735885957488,0.919431573715705,8490,GPD,tail,21.39793168391183,0.090625,Puntarenas_OTROS_Hidrometereológico
-0.10825735885957488,0.919431573715705,8491,GPD,tail,21.39793168391183,0.090625,Puntarenas_OTROS_Hidrometereológico
-0.10825735885957488,0.919431573715705,8492,GPD,tail,21.39793168391183,0.090625,Puntarenas_OTROS_Hidrometereológico
-0.10825735885957488,0.919431573715705,8493,GPD,tail,21.39793168391183,0.090625,Puntarenas_OTROS_Hidrometereológico
-0.10825735885957488,0.919431573715705,8494,GPD,tail,21.39793168391183,0.090625,Puntarenas_OTROS_Hidrometereológico
-0.13552803937309768,0.8855054600279381,8495,GPD,tail,21.39793168391183,0.090625,Puntarenas_OTROS_Hidrometereológico
-0.13552803937309768,0.8855054600279381,8496,GPD,tail,21.39793168391183,0.090625,Puntarenas_OTROS_Hidrometereológico
0.06194680293022209,0.6930537695340406,8497,GPD,tail,21.39793168391183,0.090625,Puntarenas_OTROS_Hidrometereológico
0.06194680293022209,0.6930537695340406,8498,GPD,tail,21.39793168391183,0.090625,Puntarenas_OTROS_Hidrometereológico
0.06194680293022209,0.6930537695340406,8499,GPD,tail,21.39793168391183,0.090625,Puntarenas_OTROS_Hidrometereológico
0.06194680293022209,0.6930537695340406,8500,GPD,tail,21.39793168391183,0.090625,Puntarenas_OTROS_Hidrometereológico
0.06194680293022209,0.6930537695340406,8501,GPD,tail,21.39793168391183,0.090625,Puntarenas_OTROS_Hidrometereológico
0.06194680293022209,0.6930537695340406,8502,GPD,tail,21.39793168391183,0.090625,Puntarenas_OTROS_Hidrometereológico
0.06194680293022209,0.6930537695340406,8503,GPD,tail,21.39793168391183,0.090625,Puntarenas_OTROS_Hidrometereológico
0.06194680293022209,0.6930537695340406,8504,GPD,tail,21.39793168391183,0.090625,Puntarenas_OTROS_Hidrometereológico
-0.08472720608177486,0.8519493041667885,8505,GPD,tail,21.39793168391183,0.090625,Puntarenas_OTROS_Hidrometereológico
-0.08472720608177486,0.8519493041667885,8506,GPD,tail,21.39793168391183,0.090625,Puntarenas_OTROS_Hidrometereológico
-0.08472720608177486,0.8519493041667885,8507,GPD,tail,21.39793168391183,0.090625,Puntarenas_OTROS_Hidrometereológico
-0.08472720608177486,0.8519493041667885,8508,GPD,tail,21.39793168391183,0.090625,Puntarenas_OTROS_Hidrometereológico
-0.08472720608177486,0.8519493041667885,8509,GPD,tail,21.39793168391183,0.090625,Puntarenas_OTROS_Hidrometereológico
-0.08472720608177486,0.8519493041667885,8510,GPD,tail,21.39793168391183,0.090625,Puntarenas_OTROS_Hidrometereológico
-0.08472720608177486,0.8519493041667885,8511,GPD,tail,21.39793168391183,0.090625,Puntarenas_OTROS_Hidrometereológico
-0.08472720608177486,0.8519493041667885,8512,GPD,tail,21.39793168391183,0.090625,Puntarenas_OTROS_Hidrometereológico
-0.08472720608177486,0.8519493041667885,8513,GPD,tail,21.39793168391183,0.090625,Puntarenas_OTROS_Hidrometereológico
-0.08472720608177486,0.8519493041667885,8514,GPD,tail,21.39793168391183,0.090625,Puntarenas_OTROS_Hidrometereológico
-0.08472720608177486,0.8519493041667885,8515,GPD,tail,21.39793168391183,0.090625,Puntarenas_OTROS_Hidrometereológico
-0.08472720608177486,0.8519493041667885,8516,GPD,tail,21.39793168391183,0.090625,Puntarenas_OTROS_Hidrometereológico
-0.08472720608177486,0.8519493041667885,8517,GPD,tail,21.39793168391183,0.090625,Puntarenas_OTROS_Hidrometereológico
-0.08472720608177486,0.8519493041667885,8518,GPD,tail,21.39793168391183,0.090625,Puntarenas_OTROS_Hidrometereológico
-0.08472720608177486,0.8519493041667885,8519,GPD,tail,21.39793168391183,0.090625,Puntarenas_OTROS_Hidrometereológico
-0.08472720608177486,0.8519493041667885,8520,GPD,tail,21.39793168391183,0.090625,Puntarenas_OTROS_Hidrometereológico
-0.08472720608177486,0.8519493041667885,8521,GPD,tail,21.39793168391183,0.090625,Puntarenas_OTROS_Hidrometereológico
-0.08472720608177486,0.8519493041667885,8522,GPD,tail,21.39793168391183,0.090625,Puntarenas_OTROS_Hidrometereológico
-0.08472720608177486,0.8519493041667885,8523,GPD,tail,21.39793168391183,0.090625,Puntarenas_OTROS_Hidrometereológico
-0.08472720608177486,0.8519493041667885,8524,GPD,tail,21.39793168391183,0.090625,Puntarenas_OTROS_Hidrometereológico
-0.08472720608177486,0.8519493041667885,8525,GPD,tail,21.39793168391183,0.090625,Puntarenas_OTROS_Hidrometereológico
-0.10047198259136954,0.9264353735413023,8526,GPD,tail,21.39793168391183,0.090625,Puntarenas_OTROS_Hidrometereológico
-0.10047198259136954,0.9264353735413023,8527,GPD,tail,21.39793168391183,0.090625,Puntarenas_OTROS_Hidrometereológico
-0.10047198259136954,0.9264353735413023,8528,GPD,tail,21.39793168391183,0.090625,Puntarenas_OTROS_Hidrometereológico
-0.10047198259136954,0.9264353735413023,8529,GPD,tail,21.39793168391183,0.090625,Puntarenas_OTROS_Hidrometereológico
-0.10047198259136954,0.9264353735413023,8530,GPD,tail,21.39793168391183,0.090625,Puntarenas_OTROS_Hidrometereológico
-0.10047198259136954,0.9264353735413023,8531,GPD,tail,21.39793168391183,0.090625,Puntarenas_OTROS_Hidrometereológico
-0.10047198259136954,0.9264353735413023,8532,GPD,tail,21.39793168391183,0.090625,Puntarenas_OTROS_Hidrometereológico
-0.10047198259136954,0.9264353735413023,8533,GPD,tail,21.39793168391183,0.090625,Puntarenas_OTROS_Hidrometereológico
-0.10047198259136954,0.9264353735413023,8534,GPD,tail,21.39793168391183,0.090625,Puntarenas_OTROS_Hidrometereológico
-0.10047198259136954,0.9264353735413023,8535,GPD,tail,21.39793168391183,0.090625,Puntarenas_OTROS_Hidrometereológico
-0.10047198259136954,0.9264353735413023,8536,GPD,tail,21.39793168391183,0.090625,Puntarenas_OTROS_Hidrometereológico
-0.10047198259136954,0.9264353735413023,8537,GPD,tail,21.39793168391183,0.090625,Puntarenas_OTROS_Hidrometereológico
-0.10047198259136954,0.9264353735413023,8538,GPD,tail,21.39793168391183,0.090625,Puntarenas_OTROS_Hidrometereológico
-0.10047198259136954,0.9264353735413023,8539,GPD,tail,21.39793168391183,0.090625,Puntarenas_OTROS_Hidrometereológico
-0.10047198259136954,0.9264353735413023,8540,GPD,tail,21.39793168391183,0.090625,Puntarenas_OTROS_Hidrometereológico
-0.10047198259136954,0.9264353735413023,8541,GPD,tail,21.39793168391183,0.090625,Puntarenas_OTROS_Hidrometereológico
-0.10047198259136954,0.9264353735413023,8542,GPD,tail,21.39793168391183,0.090625,Puntarenas_OTROS_Hidrometereológico
-0.10047198259136954,0.9264353735413023,8543,GPD,tail,21.39793168391183,0.090625,Puntarenas_OTROS_Hidrometereológico
-0.10047198259136954,0.9264353735413023,8544,GPD,tail,21.39793168391183,0.090625,Puntarenas_OTROS_Hidrometereológico
-0.10047198259136954,0.9264353735413023,8545,GPD,tail,21.39793168391183,0.090625,Puntarenas_OTROS_Hidrometereológico
-0.10047198259136954,0.9264353735413023,8546,GPD,tail,21.39793168391183,0.090625,Puntarenas_OTROS_Hidrometereológico
-0.10047198259136954,0.9264353735413023,8547,GPD,tail,21.39793168391183,0.090625,Puntarenas_OTROS_Hidrometereológico
-0.10047198259136954,0.9264353735413023,8548,GPD,tail,21.39793168391183,0.090625,Puntarenas_OTROS_Hidrometereológico
-0.10047198259136954,0.9264353735413023,8549,GPD,tail,21.39793168391183,0.090625,Puntarenas_OTROS_Hidrometereológico
-0.10047198259136954,0.9264353735413023,8550,GPD,tail,21.39793168391183,0.090625,Puntarenas_OTROS_Hidrometereológico
-0.10047198259136954,0.9264353735413023,8551,GPD,tail,21.39793168391183,0.090625,Puntarenas_OTROS_Hidrometereológico
-0.10047198259136954,0.9264353735413023,8552,GPD,tail,21.39793168391183,0.090625,Puntarenas_OTROS_Hidrometereológico
-0.04571345636483678,0.8103274404520627,8553,GPD,tail,21.39793168391183,0.090625,Puntarenas_OTROS_Hidrometereológico
-0.04571345636483678,0.8103274404520627,8554,GPD,tail,21.39793168391183,0.090625,Puntarenas_OTROS_Hidrometereológico
-0.04571345636483678,0.8103274404520627,8555,GPD,tail,21.39793168391183,0.090625,Puntarenas_OTROS_Hidrometereológico
-0.04571345636483678,0.8103274404520627,8556,GPD,tail,21.39793168391183,0.090625,Puntarenas_OTROS_Hidrometereológico
-0.04571345636483678,0.8103274404520627,8557,GPD,tail,21.39793168391183,0.090625,Puntarenas_OTROS_Hidrometereológico
-0.04571345636483678,0.8103274404520627,8558,GPD,tail,21.39793168391183,0.090625,Puntarenas_OTROS_Hidrometereológico
-0.04571345636483678,0.8103274404520627,8559,GPD,tail,21.39793168391183,0.090625,Puntarenas_OTROS_Hidrometereológico
-0.04571345636483678,0.8103274404520627,8560,GPD,tail,21.39793168391183,0.090625,Puntarenas_OTROS_Hidrometereológico
-0.04571345636483678,0.8103274404520627,8561,GPD,tail,21.39793168391183,0.090625,Puntarenas_OTROS_Hidrometereológico
-0.04571345636483678,0.8103274404520627,8562,GPD,tail,21.39793168391183,0.090625,Puntarenas_OTROS_Hidrometereológico
-0.04571345636483678,0.8103274404520627,8563,GPD,tail,21.39793168391183,0.090625,Puntarenas_OTROS_Hidrometereológico
-0.04571345636483678,0.8103274404520627,8564,GPD,tail,21.39793168391183,0.090625,Puntarenas_OTROS_Hidrometereológico
-0.04571345636483678,0.8103274404520627,8565,GPD,tail,21.39793168391183,0.090625,Puntarenas_OTROS_Hidrometereológico
-0.04571345636483678,0.8103274404520627,8566,GPD,tail,21.39793168391183,0.090625,Puntarenas_OTROS_Hidrometereológico
-0.04571345636483678,0.8103274404520627,8567,GPD,tail,21.39793168391183,0.090625,Puntarenas_OTROS_Hidrometereológico
-0.04571345636483678,0.8103274404520627,8568,GPD,tail,21.39793168391183,0.090625,Puntarenas_OTROS_Hidrometereológico
-0.04571345636483678,0.8103274404520627,8569,GPD,tail,21.39793168391183,0.090625,Puntarenas_OTROS_Hidrometereológico
-0.04571345636483678,0.8103274404520627,8570,GPD,tail,21.39793168391183,0.090625,Puntarenas_OTROS_Hidrometereológico
-0.04571345636483678,0.8103274404520627,8571,GPD,tail,21.39793168391183,0.090625,Puntarenas_OTROS_Hidrometereológico
-0.04571345636483678,0.8103274404520627,8572,GPD,tail,21.39793168391183,0.090625,Puntarenas_OTROS_Hidrometereológico
-0.04571345636483678,0.8103274404520627,8573,GPD,tail,21.39793168391183,0.090625,Puntarenas_OTROS_Hidrometereológico
-0.04571345636483678,0.8103274404520627,8574,GPD,tail,21.39793168391183,0.090625,Puntarenas_OTROS_Hidrometereológico
-0.04571345636483678,0.8103274404520627,8575,GPD,tail,21.39793168391183,0.090625,Puntarenas_OTROS_Hidrometereológico
-0.04571345636483678,0.8103274404520627,8576,GPD,tail,21.39793168391183,0.090625,Puntarenas_OTROS_Hidrometereológico
-0.04571345636483678,0.8103274404520627,8577,GPD,tail,21.39793168391183,0.090625,Puntarenas_OTROS_Hidrometereológico
-0.04571345636483678,0.8103274404520627,8578,GPD,tail,21.39793168391183,0.090625,Puntarenas_OTROS_Hidrometereológico
-0.04571345636483678,0.8103274404520627,8579,GPD,tail,21.39793168391183,0.090625,Puntarenas_OTROS_Hidrometereológico
-0.04571345636483678,0.8103274404520627,8580,GPD,tail,21.39793168391183,0.090625,Puntarenas_OTROS_Hidrometereológico
-0.04571345636483678,0.8103274404520627,8581,GPD,tail,21.39793168391183,0.090625,Puntarenas_OTROS_Hidrometereológico
-0.04571345636483678,0.8103274404520627,8582,GPD,tail,21.39793168391183,0.090625,Puntarenas_OTROS_Hidrometereológico
-0.04571345636483678,0.8103274404520627,8583,GPD,tail,21.39793168391183,0.090625,Puntarenas_OTROS_Hidrometereológico
-0.04571345636483678,0.8103274404520627,8584,GPD,tail,21.39793168391183,0.090625,Puntarenas_OTROS_Hidrometereológico
-0.04571345636483678,0.8103274404520627,8585,GPD,tail,21.39793168391183,0.090625,Puntarenas_OTROS_Hidrometereológico
-0.04571345636483678,0.8103274404520627,8586,GPD,tail,21.39793168391183,0.090625,Puntarenas_OTROS_Hidrometereológico
-0.04571345636483678,0.8103274404520627,8587,GPD,tail,21.39793168391183,0.090625,Puntarenas_OTROS_Hidrometereológico
-0.04571345636483678,0.8103274404520627,8588,GPD,tail,21.39793168391183,0.090625,Puntarenas_OTROS_Hidrometereológico
-0.04571345636483678,0.8103274404520627,8589,GPD,tail,21.39793168391183,0.090625,Puntarenas_OTROS_Hidrometereológico
-0.04571345636483678,0.8103274404520627,8590,GPD,tail,21.39793168391183,0.090625,Puntarenas_OTROS_Hidrometereológico
-0.04571345636483678,0.8103274404520627,8591,GPD,tail,21.39793168391183,0.090625,Puntarenas_OTROS_Hidrometereológico
-0.04571345636483678,0.8103274404520627,8592,GPD,tail,21.39793168391183,0.090625,Puntarenas_OTROS_Hidrometereológico
-0.04571345636483678,0.8103274404520627,8593,GPD,tail,21.39793168391183,0.090625,Puntarenas_OTROS_Hidrometereológico
-0.04571345636483678,0.8103274404520627,8594,GPD,tail,21.39793168391183,0.090625,Puntarenas_OTROS_Hidrometereológico
-0.04571345636483678,0.8103274404520627,8595,GPD,tail,21.39793168391183,0.090625,Puntarenas_OTROS_Hidrometereológico
-0.04571345636483678,0.8103274404520627,8596,GPD,tail,21.39793168391183,0.090625,Puntarenas_OTROS_Hidrometereológico
-0.04571345636483678,0.8103274404520627,8597,GPD,tail,21.39793168391183,0.090625,Puntarenas_OTROS_Hidrometereológico
-0.04571345636483678,0.8103274404520627,8598,GPD,tail,21.39793168391183,0.090625,Puntarenas_OTROS_Hidrometereológico
-0.04571345636483678,0.8103274404520627,8599,GPD,tail,21.39793168391183,0.090625,Puntarenas_OTROS_Hidrometereológico
-0.04571345636483678,0.8103274404520627,8600,GPD,tail,21.39793168391183,0.090625,Puntarenas_OTROS_Hidrometereológico
-0.04571345636483678,0.8103274404520627,8601,GPD,tail,21.39793168391183,0.090625,Puntarenas_OTROS_Hidrometereológico
-0.04571345636483678,0.8103274404520627,8602,GPD,tail,21.39793168391183,0.090625,Puntarenas_OTROS_Hidrometereológico
-0.04571345636483678,0.8103274404520627,8603,GPD,tail,21.39793168391183,0.090625,Puntarenas_OTROS_Hidrometereológico
-0.04571345636483678,0.8103274404520627,8604,GPD,tail,21.39793168391183,0.090625,Puntarenas_OTROS_Hidrometereológico
-0.04571345636483678,0.8103274404520627,8605,GPD,tail,21.39793168391183,0.090625,Puntarenas_OTROS_Hidrometereológico
-0.04571345636483678,0.8103274404520627,8606,GPD,tail,21.39793168391183,0.090625,Puntarenas_OTROS_Hidrometereológico
-0.04571345636483678,0.8103274404520627,8607,GPD,tail,21.39793168391183,0.090625,Puntarenas_OTROS_Hidrometereológico
-0.04571345636483678,0.8103274404520627,8608,GPD,tail,21.39793168391183,0.090625,Puntarenas_OTROS_Hidrometereológico
-0.04571345636483678,0.8103274404520627,8609,GPD,tail,21.39793168391183,0.090625,Puntarenas_OTROS_Hidrometereológico
-0.04571345636483678,0.8103274404520627,8610,GPD,tail,21.39793168391183,0.090625,Puntarenas_OTROS_Hidrometereológico
-0.04571345636483678,0.8103274404520627,8611,GPD,tail,21.39793168391183,0.090625,Puntarenas_OTROS_Hidrometereológico
-0.04571345636483678,0.8103274404520627,8612,GPD,tail,21.39793168391183,0.090625,Puntarenas_OTROS_Hidrometereológico
-0.04571345636483678,0.8103274404520627,8613,GPD,tail,21.39793168391183,0.090625,Puntarenas_OTROS_Hidrometereológico
-0.04571345636483678,0.8103274404520627,8614,GPD,tail,21.39793168391183,0.090625,Puntarenas_OTROS_Hidrometereológico
-0.04571345636483678,0.8103274404520627,8615,GPD,tail,21.39793168391183,0.090625,Puntarenas_OTROS_Hidrometereológico
-0.04571345636483678,0.8103274404520627,8616,GPD,tail,21.39793168391183,0.090625,Puntarenas_OTROS_Hidrometereológico
-0.04571345636483678,0.8103274404520627,8617,GPD,tail,21.39793168391183,0.090625,Puntarenas_OTROS_Hidrometereológico
-0.04571345636483678,0.8103274404520627,8618,GPD,tail,21.39793168391183,0.090625,Puntarenas_OTROS_Hidrometereológico
-0.04571345636483678,0.8103274404520627,8619,GPD,tail,21.39793168391183,0.090625,Puntarenas_OTROS_Hidrometereológico
-0.04571345636483678,0.8103274404520627,8620,GPD,tail,21.39793168391183,0.090625,Puntarenas_OTROS_Hidrometereológico
-0.04571345636483678,0.8103274404520627,8621,GPD,tail,21.39793168391183,0.090625,Puntarenas_OTROS_Hidrometereológico
-0.04571345636483678,0.8103274404520627,8622,GPD,tail,21.39793168391183,0.090625,Puntarenas_OTROS_Hidrometereológico
-0.04571345636483678,0.8103274404520627,8623,GPD,tail,21.39793168391183,0.090625,Puntarenas_OTROS_Hidrometereológico
-0.04571345636483678,0.8103274404520627,8624,GPD,tail,21.39793168391183,0.090625,Puntarenas_OTROS_Hidrometereológico
-0.04571345636483678,0.8103274404520627,8625,GPD,tail,21.39793168391183,0.090625,Puntarenas_OTROS_Hidrometereológico
-0.02056400698683911,0.8289431382956848,8626,GPD,tail,21.39793168391183,0.090625,Puntarenas_OTROS_Hidrometereológico
-0.02056400698683911,0.8289431382956848,8627,GPD,tail,21.39793168391183,0.090625,Puntarenas_OTROS_Hidrometereológico
-0.02056400698683911,0.8289431382956848,8628,GPD,tail,21.39793168391183,0.090625,Puntarenas_OTROS_Hidrometereológico
-0.02056400698683911,0.8289431382956848,8629,GPD,tail,21.39793168391183,0.090625,Puntarenas_OTROS_Hidrometereológico
-0.02056400698683911,0.8289431382956848,8630,GPD,tail,21.39793168391183,0.090625,Puntarenas_OTROS_Hidrometereológico
-0.02056400698683911,0.8289431382956848,8631,GPD,tail,21.39793168391183,0.090625,Puntarenas_OTROS_Hidrometereológico
-0.02056400698683911,0.8289431382956848,8632,GPD,tail,21.39793168391183,0.090625,Puntarenas_OTROS_Hidrometereológico
-0.02056400698683911,0.8289431382956848,8633,GPD,tail,21.39793168391183,0.090625,Puntarenas_OTROS_Hidrometereológico
-0.02056400698683911,0.8289431382956848,8634,GPD,tail,21.39793168391183,0.090625,Puntarenas_OTROS_Hidrometereológico
-0.02056400698683911,0.8289431382956848,8635,GPD,tail,21.39793168391183,0.090625,Puntarenas_OTROS_Hidrometereológico
-0.02056400698683911,0.8289431382956848,8636,GPD,tail,21.39793168391183,0.090625,Puntarenas_OTROS_Hidrometereológico
-0.02056400698683911,0.8289431382956848,8637,GPD,tail,21.39793168391183,0.090625,Puntarenas_OTROS_Hidrometereológico
-0.02056400698683911,0.8289431382956848,8638,GPD,tail,21.39793168391183,0.090625,Puntarenas_OTROS_Hidrometereológico
-0.02056400698683911,0.8289431382956848,8639,GPD,tail,21.39793168391183,0.090625,Puntarenas_OTROS_Hidrometereológico
-0.02056400698683911,0.8289431382956848,8640,GPD,tail,21.39793168391183,0.090625,Puntarenas_OTROS_Hidrometereológico
-0.02056400698683911,0.8289431382956848,8641,GPD,tail,21.39793168391183,0.090625,Puntarenas_OTROS_Hidrometereológico
-0.02056400698683911,0.8289431382956848,8642,GPD,tail,21.39793168391183,0.090625,Puntarenas_OTROS_Hidrometereológico
-0.02056400698683911,0.8289431382956848,8643,GPD,tail,21.39793168391183,0.090625,Puntarenas_OTROS_Hidrometereológico
-0.02056400698683911,0.8289431382956848,8644,GPD,tail,21.39793168391183,0.090625,Puntarenas_OTROS_Hidrometereológico
-0.02056400698683911,0.8289431382956848,8645,GPD,tail,21.39793168391183,0.090625,Puntarenas_OTROS_Hidrometereológico
-0.02056400698683911,0.8289431382956848,8646,GPD,tail,21.39793168391183,0.090625,Puntarenas_OTROS_Hidrometereológico
-0.02056400698683911,0.8289431382956848,8647,GPD,tail,21.39793168391183,0.090625,Puntarenas_OTROS_Hidrometereológico
0.06991322009614266,0.7475094268048438,8648,GPD,tail,21.39793168391183,0.090625,Puntarenas_OTROS_Hidrometereológico
0.06991322009614266,0.7475094268048438,8649,GPD,tail,21.39793168391183,0.090625,Puntarenas_OTROS_Hidrometereológico
0.06991322009614266,0.7475094268048438,8650,GPD,tail,21.39793168391183,0.090625,Puntarenas_OTROS_Hidrometereológico
0.06991322009614266,0.7475094268048438,8651,GPD,tail,21.39793168391183,0.090625,Puntarenas_OTROS_Hidrometereológico
0.06991322009614266,0.7475094268048438,8652,GPD,tail,21.39793168391183,0.090625,Puntarenas_OTROS_Hidrometereológico
0.06991322009614266,0.7475094268048438,8653,GPD,tail,21.39793168391183,0.090625,Puntarenas_OTROS_Hidrometereológico
0.06991322009614266,0.7475094268048438,8654,GPD,tail,21.39793168391183,0.090625,Puntarenas_OTROS_Hidrometereológico
0.06991322009614266,0.7475094268048438,8655,GPD,tail,21.39793168391183,0.090625,Puntarenas_OTROS_Hidrometereológico
0.06991322009614266,0.7475094268048438,8656,GPD,tail,21.39793168391183,0.090625,Puntarenas_OTROS_Hidrometereológico
-0.049444777067876824,0.8302740188355854,8657,GPD,tail,21.39793168391183,0.090625,Puntarenas_OTROS_Hidrometereológico
-0.049444777067876824,0.8302740188355854,8658,GPD,tail,21.39793168391183,0.090625,Puntarenas_OTROS_Hidrometereológico
-0.049444777067876824,0.8302740188355854,8659,GPD,tail,21.39793168391183,0.090625,Puntarenas_OTROS_Hidrometereológico
-0.049444777067876824,0.8302740188355854,8660,GPD,tail,21.39793168391183,0.090625,Puntarenas_OTROS_Hidrometereológico
-0.049444777067876824,0.8302740188355854,8661,GPD,tail,21.39793168391183,0.090625,Puntarenas_OTROS_Hidrometereológico
-0.049444777067876824,0.8302740188355854,8662,GPD,tail,21.39793168391183,0.090625,Puntarenas_OTROS_Hidrometereológico
-0.049444777067876824,0.8302740188355854,8663,GPD,tail,21.39793168391183,0.090625,Puntarenas_OTROS_Hidrometereológico
-0.049444777067876824,0.8302740188355854,8664,GPD,tail,21.39793168391183,0.090625,Puntarenas_OTROS_Hidrometereológico
-0.049444777067876824,0.8302740188355854,8665,GPD,tail,21.39793168391183,0.090625,Puntarenas_OTROS_Hidrometereológico
-0.08333968867530962,0.8188196015715951,8666,GPD,tail,21.39793168391183,0.090625,Puntarenas_OTROS_Hidrometereológico
-0.08333968867530962,0.8188196015715951,8667,GPD,tail,21.39793168391183,0.090625,Puntarenas_OTROS_Hidrometereológico
-0.08333968867530962,0.8188196015715951,8668,GPD,tail,21.39793168391183,0.090625,Puntarenas_OTROS_Hidrometereológico
-0.08333968867530962,0.8188196015715951,8669,GPD,tail,21.39793168391183,0.090625,Puntarenas_OTROS_Hidrometereológico
-0.08333968867530962,0.8188196015715951,8670,GPD,tail,21.39793168391183,0.090625,Puntarenas_OTROS_Hidrometereológico
-0.08333968867530962,0.8188196015715951,8671,GPD,tail,21.39793168391183,0.090625,Puntarenas_OTROS_Hidrometereológico
-0.08333968867530962,0.8188196015715951,8672,GPD,tail,21.39793168391183,0.090625,Puntarenas_OTROS_Hidrometereológico
-0.08333968867530962,0.8188196015715951,8673,GPD,tail,21.39793168391183,0.090625,Puntarenas_OTROS_Hidrometereológico
-0.08333968867530962,0.8188196015715951,8674,GPD,tail,21.39793168391183,0.090625,Puntarenas_OTROS_Hidrometereológico
-0.08333968867530962,0.8188196015715951,8675,GPD,tail,21.39793168391183,0.090625,Puntarenas_OTROS_Hidrometereológico
-0.08333968867530962,0.8188196015715951,8676,GPD,tail,21.39793168391183,0.090625,Puntarenas_OTROS_Hidrometereológico
-0.08333968867530962,0.8188196015715951,8677,GPD,tail,21.39793168391183,0.090625,Puntarenas_OTROS_Hidrometereológico
-0.08333968867530962,0.8188196015715951,8678,GPD,tail,21.39793168391183,0.090625,Puntarenas_OTROS_Hidrometereológico
-0.08333968867530962,0.8188196015715951,8679,GPD,tail,21.39793168391183,0.090625,Puntarenas_OTROS_Hidrometereológico
-0.08333968867530962,0.8188196015715951,8680,GPD,tail,21.39793168391183,0.090625,Puntarenas_OTROS_Hidrometereológico
-0.08333968867530962,0.8188196015715951,8681,GPD,tail,21.39793168391183,0.090625,Puntarenas_OTROS_Hidrometereológico
-0.08333968867530962,0.8188196015715951,8682,GPD,tail,21.39793168391183,0.090625,Puntarenas_OTROS_Hidrometereológico
-0.08333968867530962,0.8188196015715951,8683,GPD,tail,21.39793168391183,0.090625,Puntarenas_OTROS_Hidrometereológico
-0.08333968867530962,0.8188196015715951,8684,GPD,tail,21.39793168391183,0.090625,Puntarenas_OTROS_Hidrometereológico
-0.08333968867530962,0.8188196015715951,8685,GPD,tail,21.39793168391183,0.090625,Puntarenas_OTROS_Hidrometereológico
-0.08333968867530962,0.8188196015715951,8686,GPD,tail,21.39793168391183,0.090625,Puntarenas_OTROS_Hidrometereológico
-0.08333968867530962,0.8188196015715951,8687,GPD,tail,21.39793168391183,0.090625,Puntarenas_OTROS_Hidrometereológico
-0.08333968867530962,0.8188196015715951,8688,GPD,tail,21.39793168391183,0.090625,Puntarenas_OTROS_Hidrometereológico
-0.08333968867530962,0.8188196015715951,8689,GPD,tail,21.39793168391183,0.090625,Puntarenas_OTROS_Hidrometereológico
-0.08333968867530962,0.8188196015715951,8690,GPD,tail,21.39793168391183,0.090625,Puntarenas_OTROS_Hidrometereológico
-0.08333968867530962,0.8188196015715951,8691,GPD,tail,21.39793168391183,0.090625,Puntarenas_OTROS_Hidrometereológico
-0.08333968867530962,0.8188196015715951,8692,GPD,tail,21.39793168391183,0.090625,Puntarenas_OTROS_Hidrometereológico
-0.08333968867530962,0.8188196015715951,8693,GPD,tail,21.39793168391183,0.090625,Puntarenas_OTROS_Hidrometereológico
-0.08333968867530962,0.8188196015715951,8694,GPD,tail,21.39793168391183,0.090625,Puntarenas_OTROS_Hidrometereológico
-0.08333968867530962,0.8188196015715951,8695,GPD,tail,21.39793168391183,0.090625,Puntarenas_OTROS_Hidrometereológico
-0.08333968867530962,0.8188196015715951,8696,GPD,tail,21.39793168391183,0.090625,Puntarenas_OTROS_Hidrometereológico
-0.08333968867530962,0.8188196015715951,8697,GPD,tail,21.39793168391183,0.090625,Puntarenas_OTROS_Hidrometereológico
-0.07914479955075134,0.9424469449094282,8698,GPD,tail,21.39793168391183,0.090625,Puntarenas_OTROS_Hidrometereológico
-0.07914479955075134,0.9424469449094282,8699,GPD,tail,21.39793168391183,0.090625,Puntarenas_OTROS_Hidrometereológico
-0.07914479955075134,0.9424469449094282,8700,GPD,tail,21.39793168391183,0.090625,Puntarenas_OTROS_Hidrometereológico
-0.07914479955075134,0.9424469449094282,8701,GPD,tail,21.39793168391183,0.090625,Puntarenas_OTROS_Hidrometereológico
-0.07914479955075134,0.9424469449094282,8702,GPD,tail,21.39793168391183,0.090625,Puntarenas_OTROS_Hidrometereológico
-0.07914479955075134,0.9424469449094282,8703,GPD,tail,21.39793168391183,0.090625,Puntarenas_OTROS_Hidrometereológico
-0.07914479955075134,0.9424469449094282,8704,GPD,tail,21.39793168391183,0.090625,Puntarenas_OTROS_Hidrometereológico
-0.07914479955075134,0.9424469449094282,8705,GPD,tail,21.39793168391183,0.090625,Puntarenas_OTROS_Hidrometereológico
-0.07914479955075134,0.9424469449094282,8706,GPD,tail,21.39793168391183,0.090625,Puntarenas_OTROS_Hidrometereológico
-0.07914479955075134,0.9424469449094282,8707,GPD,tail,21.39793168391183,0.090625,Puntarenas_OTROS_Hidrometereológico
-0.07914479955075134,0.9424469449094282,8708,GPD,tail,21.39793168391183,0.090625,Puntarenas_OTROS_Hidrometereológico
-0.07914479955075134,0.9424469449094282,8709,GPD,tail,21.39793168391183,0.090625,Puntarenas_OTROS_Hidrometereológico
-0.07914479955075134,0.9424469449094282,8710,GPD,tail,21.39793168391183,0.090625,Puntarenas_OTROS_Hidrometereológico
-0.07914479955075134,0.9424469449094282,8711,GPD,tail,21.39793168391183,0.090625,Puntarenas_OTROS_Hidrometereológico
-0.07914479955075134,0.9424469449094282,8712,GPD,tail,21.39793168391183,0.090625,Puntarenas_OTROS_Hidrometereológico
-0.07914479955075134,0.9424469449094282,8713,GPD,tail,21.39793168391183,0.090625,Puntarenas_OTROS_Hidrometereológico
-0.07914479955075134,0.9424469449094282,8714,GPD,tail,21.39793168391183,0.090625,Puntarenas_OTROS_Hidrometereológico
-0.07914479955075134,0.9424469449094282,8715,GPD,tail,21.39793168391183,0.090625,Puntarenas_OTROS_Hidrometereológico
-0.07914479955075134,0.9424469449094282,8716,GPD,tail,21.39793168391183,0.090625,Puntarenas_OTROS_Hidrometereológico
-0.07914479955075134,0.9424469449094282,8717,GPD,tail,21.39793168391183,0.090625,Puntarenas_OTROS_Hidrometereológico
-0.07914479955075134,0.9424469449094282,8718,GPD,tail,21.39793168391183,0.090625,Puntarenas_OTROS_Hidrometereológico
-0.07914479955075134,0.9424469449094282,8719,GPD,tail,21.39793168391183,0.090625,Puntarenas_OTROS_Hidrometereológico
-0.07914479955075134,0.9424469449094282,8720,GPD,tail,21.39793168391183,0.090625,Puntarenas_OTROS_Hidrometereológico
-0.07914479955075134,0.9424469449094282,8721,GPD,tail,21.39793168391183,0.090625,Puntarenas_OTROS_Hidrometereológico
-0.07914479955075134,0.9424469449094282,8722,GPD,tail,21.39793168391183,0.090625,Puntarenas_OTROS_Hidrometereológico
-0.07914479955075134,0.9424469449094282,8723,GPD,tail,21.39793168391183,0.090625,Puntarenas_OTROS_Hidrometereológico
-0.07914479955075134,0.9424469449094282,8724,GPD,tail,21.39793168391183,0.090625,Puntarenas_OTROS_Hidrometereológico
-0.07914479955075134,0.9424469449094282,8725,GPD,tail,21.39793168391183,0.090625,Puntarenas_OTROS_Hidrometereológico
-0.07914479955075134,0.9424469449094282,8726,GPD,tail,21.39793168391183,0.090625,Puntarenas_OTROS_Hidrometereológico
-0.010991862605825728,0.7676310481519925,8727,GPD,tail,21.39793168391183,0.090625,Puntarenas_OTROS_Hidrometereológico
-0.010991862605825728,0.7676310481519925,8728,GPD,tail,21.39793168391183,0.090625,Puntarenas_OTROS_Hidrometereológico
-0.1539223147231411,1.0575923045797637,8729,GPD,tail,21.39793168391183,0.090625,Puntarenas_OTROS_Hidrometereológico
-0.1539223147231411,1.0575923045797637,8730,GPD,tail,21.39793168391183,0.090625,Puntarenas_OTROS_Hidrometereológico
-0.1539223147231411,1.0575923045797637,8731,GPD,tail,21.39793168391183,0.090625,Puntarenas_OTROS_Hidrometereológico
-0.1539223147231411,1.0575923045797637,8732,GPD,tail,21.39793168391183,0.090625,Puntarenas_OTROS_Hidrometereológico
-0.1539223147231411,1.0575923045797637,8733,GPD,tail,21.39793168391183,0.090625,Puntarenas_OTROS_Hidrometereológico
-0.1539223147231411,1.0575923045797637,8734,GPD,tail,21.39793168391183,0.090625,Puntarenas_OTROS_Hidrometereológico
-0.1539223147231411,1.0575923045797637,8735,GPD,tail,21.39793168391183,0.090625,Puntarenas_OTROS_Hidrometereológico
-0.1539223147231411,1.0575923045797637,8736,GPD,tail,21.39793168391183,0.090625,Puntarenas_OTROS_Hidrometereológico
-0.1539223147231411,1.0575923045797637,8737,GPD,tail,21.39793168391183,0.090625,Puntarenas_OTROS_Hidrometereológico
-0.1539223147231411,1.0575923045797637,8738,GPD,tail,21.39793168391183,0.090625,Puntarenas_OTROS_Hidrometereológico
-0.09727586662116555,1.0178870098927357,8739,GPD,tail,21.39793168391183,0.090625,Puntarenas_OTROS_Hidrometereológico
-0.09727586662116555,1.0178870098927357,8740,GPD,tail,21.39793168391183,0.090625,Puntarenas_OTROS_Hidrometereológico
-0.09727586662116555,1.0178870098927357,8741,GPD,tail,21.39793168391183,0.090625,Puntarenas_OTROS_Hidrometereológico
-0.09727586662116555,1.0178870098927357,8742,GPD,tail,21.39793168391183,0.090625,Puntarenas_OTROS_Hidrometereológico
-0.09727586662116555,1.0178870098927357,8743,GPD,tail,21.39793168391183,0.090625,Puntarenas_OTROS_Hidrometereológico
0.017931488860140288,0.670139729345047,8744,GPD,tail,21.39793168391183,0.090625,Puntarenas_OTROS_Hidrometereológico
0.017931488860140288,0.670139729345047,8745,GPD,tail,21.39793168391183,0.090625,Puntarenas_OTROS_Hidrometereológico
0.017931488860140288,0.670139729345047,8746,GPD,tail,21.39793168391183,0.090625,Puntarenas_OTROS_Hidrometereológico
0.017931488860140288,0.670139729345047,8747,GPD,tail,21.39793168391183,0.090625,Puntarenas_OTROS_Hidrometereológico
0.017931488860140288,0.670139729345047,8748,GPD,tail,21.39793168391183,0.090625,Puntarenas_OTROS_Hidrometereológico
0.017931488860140288,0.670139729345047,8749,GPD,tail,21.39793168391183,0.090625,Puntarenas_OTROS_Hidrometereológico
-0.056961127163667274,0.752233887245713,8750,GPD,tail,21.39793168391183,0.090625,Puntarenas_OTROS_Hidrometereológico
-0.056961127163667274,0.752233887245713,8751,GPD,tail,21.39793168391183,0.090625,Puntarenas_OTROS_Hidrometereológico
-0.056961127163667274,0.752233887245713,8752,GPD,tail,21.39793168391183,0.090625,Puntarenas_OTROS_Hidrometereológico
-0.09058260024169787,0.953190447684896,8753,GPD,tail,21.39793168391183,0.090625,Puntarenas_OTROS_Hidrometereológico
-0.09058260024169787,0.953190447684896,8754,GPD,tail,21.39793168391183,0.090625,Puntarenas_OTROS_Hidrometereológico
-0.09058260024169787,0.953190447684896,8755,GPD,tail,21.39793168391183,0.090625,Puntarenas_OTROS_Hidrometereológico
-0.09058260024169787,0.953190447684896,8756,GPD,tail,21.39793168391183,0.090625,Puntarenas_OTROS_Hidrometereológico
-0.09058260024169787,0.953190447684896,8757,GPD,tail,21.39793168391183,0.090625,Puntarenas_OTROS_Hidrometereológico
-0.09058260024169787,0.953190447684896,8758,GPD,tail,21.39793168391183,0.090625,Puntarenas_OTROS_Hidrometereológico
-0.09058260024169787,0.953190447684896,8759,GPD,tail,21.39793168391183,0.090625,Puntarenas_OTROS_Hidrometereológico
-0.09058260024169787,0.953190447684896,8760,GPD,tail,21.39793168391183,0.090625,Puntarenas_OTROS_Hidrometereológico
-0.09058260024169787,0.953190447684896,8761,GPD,tail,21.39793168391183,0.090625,Puntarenas_OTROS_Hidrometereológico
-0.09058260024169787,0.953190447684896,8762,GPD,tail,21.39793168391183,0.090625,Puntarenas_OTROS_Hidrometereológico
-0.09058260024169787,0.953190447684896,8763,GPD,tail,21.39793168391183,0.090625,Puntarenas_OTROS_Hidrometereológico
-0.09058260024169787,0.953190447684896,8764,GPD,tail,21.39793168391183,0.090625,Puntarenas_OTROS_Hidrometereológico
-0.09058260024169787,0.953190447684896,8765,GPD,tail,21.39793168391183,0.090625,Puntarenas_OTROS_Hidrometereológico
-0.07432495178422967,0.8578488879044572,8766,GPD,tail,21.39793168391183,0.090625,Puntarenas_OTROS_Hidrometereológico
-0.07432495178422967,0.8578488879044572,8767,GPD,tail,21.39793168391183,0.090625,Puntarenas_OTROS_Hidrometereológico
-0.07432495178422967,0.8578488879044572,8768,GPD,tail,21.39793168391183,0.090625,Puntarenas_OTROS_Hidrometereológico
-0.07432495178422967,0.8578488879044572,8769,GPD,tail,21.39793168391183,0.090625,Puntarenas_OTROS_Hidrometereológico
-0.11372374055028889,0.8770673314074854,8770,GPD,tail,21.39793168391183,0.090625,Puntarenas_OTROS_Hidrometereológico
-0.11372374055028889,0.8770673314074854,8771,GPD,tail,21.39793168391183,0.090625,Puntarenas_OTROS_Hidrometereológico
-0.11372374055028889,0.8770673314074854,8772,GPD,tail,21.39793168391183,0.090625,Puntarenas_OTROS_Hidrometereológico
-0.11372374055028889,0.8770673314074854,8773,GPD,tail,21.39793168391183,0.090625,Puntarenas_OTROS_Hidrometereológico
-0.11372374055028889,0.8770673314074854,8774,GPD,tail,21.39793168391183,0.090625,Puntarenas_OTROS_Hidrometereológico
-0.11372374055028889,0.8770673314074854,8775,GPD,tail,21.39793168391183,0.090625,Puntarenas_OTROS_Hidrometereológico
-0.11372374055028889,0.8770673314074854,8776,GPD,tail,21.39793168391183,0.090625,Puntarenas_OTROS_Hidrometereológico
-0.11372374055028889,0.8770673314074854,8777,GPD,tail,21.39793168391183,0.090625,Puntarenas_OTROS_Hidrometereológico
-0.11372374055028889,0.8770673314074854,8778,GPD,tail,21.39793168391183,0.090625,Puntarenas_OTROS_Hidrometereológico
-0.11372374055028889,0.8770673314074854,8779,GPD,tail,21.39793168391183,0.090625,Puntarenas_OTROS_Hidrometereológico
-0.11372374055028889,0.8770673314074854,8780,GPD,tail,21.39793168391183,0.090625,Puntarenas_OTROS_Hidrometereológico
-0.11372374055028889,0.8770673314074854,8781,GPD,tail,21.39793168391183,0.090625,Puntarenas_OTROS_Hidrometereológico
-0.11372374055028889,0.8770673314074854,8782,GPD,tail,21.39793168391183,0.090625,Puntarenas_OTROS_Hidrometereológico
-0.11372374055028889,0.8770673314074854,8783,GPD,tail,21.39793168391183,0.090625,Puntarenas_OTROS_Hidrometereológico
-0.11372374055028889,0.8770673314074854,8784,GPD,tail,21.39793168391183,0.090625,Puntarenas_OTROS_Hidrometereológico
-0.11372374055028889,0.8770673314074854,8785,GPD,tail,21.39793168391183,0.090625,Puntarenas_OTROS_Hidrometereológico
-0.11372374055028889,0.8770673314074854,8786,GPD,tail,21.39793168391183,0.090625,Puntarenas_OTROS_Hidrometereológico
-0.11372374055028889,0.8770673314074854,8787,GPD,tail,21.39793168391183,0.090625,Puntarenas_OTROS_Hidrometereológico
-0.11372374055028889,0.8770673314074854,8788,GPD,tail,21.39793168391183,0.090625,Puntarenas_OTROS_Hidrometereológico
-0.11372374055028889,0.8770673314074854,8789,GPD,tail,21.39793168391183,0.090625,Puntarenas_OTROS_Hidrometereológico
-0.11372374055028889,0.8770673314074854,8790,GPD,tail,21.39793168391183,0.090625,Puntarenas_OTROS_Hidrometereológico
-0.11372374055028889,0.8770673314074854,8791,GPD,tail,21.39793168391183,0.090625,Puntarenas_OTROS_Hidrometereológico
-0.11372374055028889,0.8770673314074854,8792,GPD,tail,21.39793168391183,0.090625,Puntarenas_OTROS_Hidrometereológico
-0.11372374055028889,0.8770673314074854,8793,GPD,tail,21.39793168391183,0.090625,Puntarenas_OTROS_Hidrometereológico
-0.11372374055028889,0.8770673314074854,8794,GPD,tail,21.39793168391183,0.090625,Puntarenas_OTROS_Hidrometereológico
-0.11372374055028889,0.8770673314074854,8795,GPD,tail,21.39793168391183,0.090625,Puntarenas_OTROS_Hidrometereológico
-0.11372374055028889,0.8770673314074854,8796,GPD,tail,21.39793168391183,0.090625,Puntarenas_OTROS_Hidrometereológico
-0.11372374055028889,0.8770673314074854,8797,GPD,tail,21.39793168391183,0.090625,Puntarenas_OTROS_Hidrometereológico
-0.11372374055028889,0.8770673314074854,8798,GPD,tail,21.39793168391183,0.090625,Puntarenas_OTROS_Hidrometereológico
-0.11372374055028889,0.8770673314074854,8799,GPD,tail,21.39793168391183,0.090625,Puntarenas_OTROS_Hidrometereológico
-0.11372374055028889,0.8770673314074854,8800,GPD,tail,21.39793168391183,0.090625,Puntarenas_OTROS_Hidrometereológico
-0.137218108566888,0.8787764051610882,8801,GPD,tail,21.39793168391183,0.090625,Puntarenas_OTROS_Hidrometereológico
-0.137218108566888,0.8787764051610882,8802,GPD,tail,21.39793168391183,0.090625,Puntarenas_OTROS_Hidrometereológico
-0.137218108566888,0.8787764051610882,8803,GPD,tail,21.39793168391183,0.090625,Puntarenas_OTROS_Hidrometereológico
-0.137218108566888,0.8787764051610882,8804,GPD,tail,21.39793168391183,0.090625,Puntarenas_OTROS_Hidrometereológico
-0.137218108566888,0.8787764051610882,8805,GPD,tail,21.39793168391183,0.090625,Puntarenas_OTROS_Hidrometereológico
-0.137218108566888,0.8787764051610882,8806,GPD,tail,21.39793168391183,0.090625,Puntarenas_OTROS_Hidrometereológico
-0.137218108566888,0.8787764051610882,8807,GPD,tail,21.39793168391183,0.090625,Puntarenas_OTROS_Hidrometereológico
-0.137218108566888,0.8787764051610882,8808,GPD,tail,21.39793168391183,0.090625,Puntarenas_OTROS_Hidrometereológico
-0.137218108566888,0.8787764051610882,8809,GPD,tail,21.39793168391183,0.090625,Puntarenas_OTROS_Hidrometereológico
-0.137218108566888,0.8787764051610882,8810,GPD,tail,21.39793168391183,0.090625,Puntarenas_OTROS_Hidrometereológico
-0.137218108566888,0.8787764051610882,8811,GPD,tail,21.39793168391183,0.090625,Puntarenas_OTROS_Hidrometereológico
-0.137218108566888,0.8787764051610882,8812,GPD,tail,21.39793168391183,0.090625,Puntarenas_OTROS_Hidrometereológico
-0.137218108566888,0.8787764051610882,8813,GPD,tail,21.39793168391183,0.090625,Puntarenas_OTROS_Hidrometereológico
-0.137218108566888,0.8787764051610882,8814,GPD,tail,21.39793168391183,0.090625,Puntarenas_OTROS_Hidrometereológico
-0.05215564105888454,0.8587348658585283,8815,GPD,tail,21.39793168391183,0.090625,Puntarenas_OTROS_Hidrometereológico
-0.05215564105888454,0.8587348658585283,8816,GPD,tail,21.39793168391183,0.090625,Puntarenas_OTROS_Hidrometereológico
-0.05215564105888454,0.8587348658585283,8817,GPD,tail,21.39793168391183,0.090625,Puntarenas_OTROS_Hidrometereológico
-0.05215564105888454,0.8587348658585283,8818,GPD,tail,21.39793168391183,0.090625,Puntarenas_OTROS_Hidrometereológico
-0.05215564105888454,0.8587348658585283,8819,GPD,tail,21.39793168391183,0.090625,Puntarenas_OTROS_Hidrometereológico
-0.13454389568577563,0.9123138983611997,8820,GPD,tail,21.39793168391183,0.090625,Puntarenas_OTROS_Hidrometereológico
-0.13454389568577563,0.9123138983611997,8821,GPD,tail,21.39793168391183,0.090625,Puntarenas_OTROS_Hidrometereológico
-0.13454389568577563,0.9123138983611997,8822,GPD,tail,21.39793168391183,0.090625,Puntarenas_OTROS_Hidrometereológico
-0.05739331117617265,0.8296026189317219,8823,GPD,tail,21.39793168391183,0.090625,Puntarenas_OTROS_Hidrometereológico
-0.05739331117617265,0.8296026189317219,8824,GPD,tail,21.39793168391183,0.090625,Puntarenas_OTROS_Hidrometereológico
-0.05739331117617265,0.8296026189317219,8825,GPD,tail,21.39793168391183,0.090625,Puntarenas_OTROS_Hidrometereológico
-0.05739331117617265,0.8296026189317219,8826,GPD,tail,21.39793168391183,0.090625,Puntarenas_OTROS_Hidrometereológico
-0.05739331117617265,0.8296026189317219,8827,GPD,tail,21.39793168391183,0.090625,Puntarenas_OTROS_Hidrometereológico
-0.05739331117617265,0.8296026189317219,8828,GPD,tail,21.39793168391183,0.090625,Puntarenas_OTROS_Hidrometereológico
-0.05739331117617265,0.8296026189317219,8829,GPD,tail,21.39793168391183,0.090625,Puntarenas_OTROS_Hidrometereológico
-0.05739331117617265,0.8296026189317219,8830,GPD,tail,21.39793168391183,0.090625,Puntarenas_OTROS_Hidrometereológico
0.0005396918716243301,0.7928989455852494,8831,GPD,tail,21.39793168391183,0.090625,Puntarenas_OTROS_Hidrometereológico
0.0005396918716243301,0.7928989455852494,8832,GPD,tail,21.39793168391183,0.090625,Puntarenas_OTROS_Hidrometereológico
0.0005396918716243301,0.7928989455852494,8833,GPD,tail,21.39793168391183,0.090625,Puntarenas_OTROS_Hidrometereológico
0.0005396918716243301,0.7928989455852494,8834,GPD,tail,21.39793168391183,0.090625,Puntarenas_OTROS_Hidrometereológico
0.0005396918716243301,0.7928989455852494,8835,GPD,tail,21.39793168391183,0.090625,Puntarenas_OTROS_Hidrometereológico
0.0005396918716243301,0.7928989455852494,8836,GPD,tail,21.39793168391183,0.090625,Puntarenas_OTROS_Hidrometereológico
0.0005396918716243301,0.7928989455852494,8837,GPD,tail,21.39793168391183,0.090625,Puntarenas_OTROS_Hidrometereológico
0.0005396918716243301,0.7928989455852494,8838,GPD,tail,21.39793168391183,0.090625,Puntarenas_OTROS_Hidrometereológico
0.0005396918716243301,0.7928989455852494,8839,GPD,tail,21.39793168391183,0.090625,Puntarenas_OTROS_Hidrometereológico
0.0005396918716243301,0.7928989455852494,8840,GPD,tail,21.39793168391183,0.090625,Puntarenas_OTROS_Hidrometereológico
0.0005396918716243301,0.7928989455852494,8841,GPD,tail,21.39793168391183,0.090625,Puntarenas_OTROS_Hidrometereológico
0.0005396918716243301,0.7928989455852494,8842,GPD,tail,21.39793168391183,0.090625,Puntarenas_OTROS_Hidrometereológico
0.0005396918716243301,0.7928989455852494,8843,GPD,tail,21.39793168391183,0.090625,Puntarenas_OTROS_Hidrometereológico
0.0005396918716243301,0.7928989455852494,8844,GPD,tail,21.39793168391183,0.090625,Puntarenas_OTROS_Hidrometereológico
0.0005396918716243301,0.7928989455852494,8845,GPD,tail,21.39793168391183,0.090625,Puntarenas_OTROS_Hidrometereológico
0.0487623348127689,0.8154285346442887,8846,GPD,tail,21.39793168391183,0.090625,Puntarenas_OTROS_Hidrometereológico
0.0487623348127689,0.8154285346442887,8847,GPD,tail,21.39793168391183,0.090625,Puntarenas_OTROS_Hidrometereológico
0.0487623348127689,0.8154285346442887,8848,GPD,tail,21.39793168391183,0.090625,Puntarenas_OTROS_Hidrometereológico
0.0487623348127689,0.8154285346442887,8849,GPD,tail,21.39793168391183,0.090625,Puntarenas_OTROS_Hidrometereológico
0.0487623348127689,0.8154285346442887,8850,GPD,tail,21.39793168391183,0.090625,Puntarenas_OTROS_Hidrometereológico
0.0487623348127689,0.8154285346442887,8851,GPD,tail,21.39793168391183,0.090625,Puntarenas_OTROS_Hidrometereológico
0.0002944942961925906,0.8789658223696365,8852,GPD,tail,21.39793168391183,0.090625,Puntarenas_OTROS_Hidrometereológico
0.0002944942961925906,0.8789658223696365,8853,GPD,tail,21.39793168391183,0.090625,Puntarenas_OTROS_Hidrometereológico
0.0002944942961925906,0.8789658223696365,8854,GPD,tail,21.39793168391183,0.090625,Puntarenas_OTROS_Hidrometereológico
0.0002944942961925906,0.8789658223696365,8855,GPD,tail,21.39793168391183,0.090625,Puntarenas_OTROS_Hidrometereológico
0.0002944942961925906,0.8789658223696365,8856,GPD,tail,21.39793168391183,0.090625,Puntarenas_OTROS_Hidrometereológico
0.0002944942961925906,0.8789658223696365,8857,GPD,tail,21.39793168391183,0.090625,Puntarenas_OTROS_Hidrometereológico
0.0002944942961925906,0.8789658223696365,8858,GPD,tail,21.39793168391183,0.090625,Puntarenas_OTROS_Hidrometereológico
0.0002944942961925906,0.8789658223696365,8859,GPD,tail,21.39793168391183,0.090625,Puntarenas_OTROS_Hidrometereológico
0.0002944942961925906,0.8789658223696365,8860,GPD,tail,21.39793168391183,0.090625,Puntarenas_OTROS_Hidrometereológico
0.0002944942961925906,0.8789658223696365,8861,GPD,tail,21.39793168391183,0.090625,Puntarenas_OTROS_Hidrometereológico
0.0002944942961925906,0.8789658223696365,8862,GPD,tail,21.39793168391183,0.090625,Puntarenas_OTROS_Hidrometereológico
-0.07929267132285597,0.9665888684021096,8863,GPD,tail,21.39793168391183,0.090625,Puntarenas_OTROS_Hidrometereológico
-0.07929267132285597,0.9665888684021096,8864,GPD,tail,21.39793168391183,0.090625,Puntarenas_OTROS_Hidrometereológico
-0.07929267132285597,0.9665888684021096,8865,GPD,tail,21.39793168391183,0.090625,Puntarenas_OTROS_Hidrometereológico
-0.07929267132285597,0.9665888684021096,8866,GPD,tail,21.39793168391183,0.090625,Puntarenas_OTROS_Hidrometereológico
-0.07929267132285597,0.9665888684021096,8867,GPD,tail,21.39793168391183,0.090625,Puntarenas_OTROS_Hidrometereológico
-0.07929267132285597,0.9665888684021096,8868,GPD,tail,21.39793168391183,0.090625,Puntarenas_OTROS_Hidrometereológico
-0.07929267132285597,0.9665888684021096,8869,GPD,tail,21.39793168391183,0.090625,Puntarenas_OTROS_Hidrometereológico
-0.07929267132285597,0.9665888684021096,8870,GPD,tail,21.39793168391183,0.090625,Puntarenas_OTROS_Hidrometereológico
-0.07929267132285597,0.9665888684021096,8871,GPD,tail,21.39793168391183,0.090625,Puntarenas_OTROS_Hidrometereológico
-0.07929267132285597,0.9665888684021096,8872,GPD,tail,21.39793168391183,0.090625,Puntarenas_OTROS_Hidrometereológico
-0.07929267132285597,0.9665888684021096,8873,GPD,tail,21.39793168391183,0.090625,Puntarenas_OTROS_Hidrometereológico
-0.07929267132285597,0.9665888684021096,8874,GPD,tail,21.39793168391183,0.090625,Puntarenas_OTROS_Hidrometereológico
-0.07929267132285597,0.9665888684021096,8875,GPD,tail,21.39793168391183,0.090625,Puntarenas_OTROS_Hidrometereológico
-0.07929267132285597,0.9665888684021096,8876,GPD,tail,21.39793168391183,0.090625,Puntarenas_OTROS_Hidrometereológico
-0.07929267132285597,0.9665888684021096,8877,GPD,tail,21.39793168391183,0.090625,Puntarenas_OTROS_Hidrometereológico
-0.07929267132285597,0.9665888684021096,8878,GPD,tail,21.39793168391183,0.090625,Puntarenas_OTROS_Hidrometereológico
-0.07929267132285597,0.9665888684021096,8879,GPD,tail,21.39793168391183,0.090625,Puntarenas_OTROS_Hidrometereológico
-0.07929267132285597,0.9665888684021096,8880,GPD,tail,21.39793168391183,0.090625,Puntarenas_OTROS_Hidrometereológico
-0.07929267132285597,0.9665888684021096,8881,GPD,tail,21.39793168391183,0.090625,Puntarenas_OTROS_Hidrometereológico
-0.07929267132285597,0.9665888684021096,8882,GPD,tail,21.39793168391183,0.090625,Puntarenas_OTROS_Hidrometereológico
-0.05951832351214402,0.9897959036997366,8883,GPD,tail,21.39793168391183,0.090625,Puntarenas_OTROS_Hidrometereológico
-0.05951832351214402,0.9897959036997366,8884,GPD,tail,21.39793168391183,0.090625,Puntarenas_OTROS_Hidrometereológico
-0.05951832351214402,0.9897959036997366,8885,GPD,tail,21.39793168391183,0.090625,Puntarenas_OTROS_Hidrometereológico
-0.05951832351214402,0.9897959036997366,8886,GPD,tail,21.39793168391183,0.090625,Puntarenas_OTROS_Hidrometereológico
-0.05951832351214402,0.9897959036997366,8887,GPD,tail,21.39793168391183,0.090625,Puntarenas_OTROS_Hidrometereológico
-0.05951832351214402,0.9897959036997366,8888,GPD,tail,21.39793168391183,0.090625,Puntarenas_OTROS_Hidrometereológico
-0.05951832351214402,0.9897959036997366,8889,GPD,tail,21.39793168391183,0.090625,Puntarenas_OTROS_Hidrometereológico
-0.09399601575131429,0.970863339614315,8890,GPD,tail,21.39793168391183,0.090625,Puntarenas_OTROS_Hidrometereológico
-0.09399601575131429,0.970863339614315,8891,GPD,tail,21.39793168391183,0.090625,Puntarenas_OTROS_Hidrometereológico
-0.09399601575131429,0.970863339614315,8892,GPD,tail,21.39793168391183,0.090625,Puntarenas_OTROS_Hidrometereológico
-0.09399601575131429,0.970863339614315,8893,GPD,tail,21.39793168391183,0.090625,Puntarenas_OTROS_Hidrometereológico
-0.09399601575131429,0.970863339614315,8894,GPD,tail,21.39793168391183,0.090625,Puntarenas_OTROS_Hidrometereológico
-0.08146203857535098,0.8990589921055364,8895,GPD,tail,21.39793168391183,0.090625,Puntarenas_OTROS_Hidrometereológico
-0.08146203857535098,0.8990589921055364,8896,GPD,tail,21.39793168391183,0.090625,Puntarenas_OTROS_Hidrometereológico
-0.08146203857535098,0.8990589921055364,8897,GPD,tail,21.39793168391183,0.090625,Puntarenas_OTROS_Hidrometereológico
-0.08146203857535098,0.8990589921055364,8898,GPD,tail,21.39793168391183,0.090625,Puntarenas_OTROS_Hidrometereológico
-0.08146203857535098,0.8990589921055364,8899,GPD,tail,21.39793168391183,0.090625,Puntarenas_OTROS_Hidrometereológico
-0.08146203857535098,0.8990589921055364,8900,GPD,tail,21.39793168391183,0.090625,Puntarenas_OTROS_Hidrometereológico
-0.08146203857535098,0.8990589921055364,8901,GPD,tail,21.39793168391183,0.090625,Puntarenas_OTROS_Hidrometereológico
-0.08146203857535098,0.8990589921055364,8902,GPD,tail,21.39793168391183,0.090625,Puntarenas_OTROS_Hidrometereológico
-0.08146203857535098,0.8990589921055364,8903,GPD,tail,21.39793168391183,0.090625,Puntarenas_OTROS_Hidrometereológico
-0.08146203857535098,0.8990589921055364,8904,GPD,tail,21.39793168391183,0.090625,Puntarenas_OTROS_Hidrometereológico
-0.08146203857535098,0.8990589921055364,8905,GPD,tail,21.39793168391183,0.090625,Puntarenas_OTROS_Hidrometereológico
-0.08146203857535098,0.8990589921055364,8906,GPD,tail,21.39793168391183,0.090625,Puntarenas_OTROS_Hidrometereológico
-0.08146203857535098,0.8990589921055364,8907,GPD,tail,21.39793168391183,0.090625,Puntarenas_OTROS_Hidrometereológico
-0.08146203857535098,0.8990589921055364,8908,GPD,tail,21.39793168391183,0.090625,Puntarenas_OTROS_Hidrometereológico
-0.08146203857535098,0.8990589921055364,8909,GPD,tail,21.39793168391183,0.090625,Puntarenas_OTROS_Hidrometereológico
-0.08146203857535098,0.8990589921055364,8910,GPD,tail,21.39793168391183,0.090625,Puntarenas_OTROS_Hidrometereológico
-0.017435475477950102,0.8309169232563237,8911,GPD,tail,21.39793168391183,0.090625,Puntarenas_OTROS_Hidrometereológico
-0.10947307178801428,0.7895192937070613,8912,GPD,tail,21.39793168391183,0.090625,Puntarenas_OTROS_Hidrometereológico
-0.06168827733158116,0.8656749107334217,8913,GPD,tail,21.39793168391183,0.090625,Puntarenas_OTROS_Hidrometereológico
-0.06168827733158116,0.8656749107334217,8914,GPD,tail,21.39793168391183,0.090625,Puntarenas_OTROS_Hidrometereológico
-0.06168827733158116,0.8656749107334217,8915,GPD,tail,21.39793168391183,0.090625,Puntarenas_OTROS_Hidrometereológico
-0.06168827733158116,0.8656749107334217,8916,GPD,tail,21.39793168391183,0.090625,Puntarenas_OTROS_Hidrometereológico
-0.06168827733158116,0.8656749107334217,8917,GPD,tail,21.39793168391183,0.090625,Puntarenas_OTROS_Hidrometereológico
-0.06168827733158116,0.8656749107334217,8918,GPD,tail,21.39793168391183,0.090625,Puntarenas_OTROS_Hidrometereológico
-0.06168827733158116,0.8656749107334217,8919,GPD,tail,21.39793168391183,0.090625,Puntarenas_OTROS_Hidrometereológico
-0.06168827733158116,0.8656749107334217,8920,GPD,tail,21.39793168391183,0.090625,Puntarenas_OTROS_Hidrometereológico
-0.014887545525934194,0.8845342192745731,8921,GPD,tail,21.39793168391183,0.090625,Puntarenas_OTROS_Hidrometereológico
-0.014887545525934194,0.8845342192745731,8922,GPD,tail,21.39793168391183,0.090625,Puntarenas_OTROS_Hidrometereológico
-0.014887545525934194,0.8845342192745731,8923,GPD,tail,21.39793168391183,0.090625,Puntarenas_OTROS_Hidrometereológico
-0.014887545525934194,0.8845342192745731,8924,GPD,tail,21.39793168391183,0.090625,Puntarenas_OTROS_Hidrometereológico
-0.014887545525934194,0.8845342192745731,8925,GPD,tail,21.39793168391183,0.090625,Puntarenas_OTROS_Hidrometereológico
-0.014887545525934194,0.8845342192745731,8926,GPD,tail,21.39793168391183,0.090625,Puntarenas_OTROS_Hidrometereológico
-0.014887545525934194,0.8845342192745731,8927,GPD,tail,21.39793168391183,0.090625,Puntarenas_OTROS_Hidrometereológico
0.038757668629311355,0.7789406835856316,8928,GPD,tail,21.39793168391183,0.090625,Puntarenas_OTROS_Hidrometereológico
0.038757668629311355,0.7789406835856316,8929,GPD,tail,21.39793168391183,0.090625,Puntarenas_OTROS_Hidrometereológico
0.038757668629311355,0.7789406835856316,8930,GPD,tail,21.39793168391183,0.090625,Puntarenas_OTROS_Hidrometereológico
0.038757668629311355,0.7789406835856316,8931,GPD,tail,21.39793168391183,0.090625,Puntarenas_OTROS_Hidrometereológico
0.038757668629311355,0.7789406835856316,8932,GPD,tail,21.39793168391183,0.090625,Puntarenas_OTROS_Hidrometereológico
0.038757668629311355,0.7789406835856316,8933,GPD,tail,21.39793168391183,0.090625,Puntarenas_OTROS_Hidrometereológico
0.038757668629311355,0.7789406835856316,8934,GPD,tail,21.39793168391183,0.090625,Puntarenas_OTROS_Hidrometereológico
0.038757668629311355,0.7789406835856316,8935,GPD,tail,21.39793168391183,0.090625,Puntarenas_OTROS_Hidrometereológico
0.038757668629311355,0.7789406835856316,8936,GPD,tail,21.39793168391183,0.090625,Puntarenas_OTROS_Hidrometereológico
0.038757668629311355,0.7789406835856316,8937,GPD,tail,21.39793168391183,0.090625,Puntarenas_OTROS_Hidrometereológico
0.038757668629311355,0.7789406835856316,8938,GPD,tail,21.39793168391183,0.090625,Puntarenas_OTROS_Hidrometereológico
-0.015248379646194223,0.7455649188074684,8939,GPD,tail,21.39793168391183,0.090625,Puntarenas_OTROS_Hidrometereológico
-0.015248379646194223,0.7455649188074684,8940,GPD,tail,21.39793168391183,0.090625,Puntarenas_OTROS_Hidrometereológico
-0.015248379646194223,0.7455649188074684,8941,GPD,tail,21.39793168391183,0.090625,Puntarenas_OTROS_Hidrometereológico
-0.015248379646194223,0.7455649188074684,8942,GPD,tail,21.39793168391183,0.090625,Puntarenas_OTROS_Hidrometereológico
-0.015248379646194223,0.7455649188074684,8943,GPD,tail,21.39793168391183,0.090625,Puntarenas_OTROS_Hidrometereológico
-0.015248379646194223,0.7455649188074684,8944,GPD,tail,21.39793168391183,0.090625,Puntarenas_OTROS_Hidrometereológico
-0.015248379646194223,0.7455649188074684,8945,GPD,tail,21.39793168391183,0.090625,Puntarenas_OTROS_Hidrometereológico
-0.015248379646194223,0.7455649188074684,8946,GPD,tail,21.39793168391183,0.090625,Puntarenas_OTROS_Hidrometereológico
-0.015248379646194223,0.7455649188074684,8947,GPD,tail,21.39793168391183,0.090625,Puntarenas_OTROS_Hidrometereológico
-0.015248379646194223,0.7455649188074684,8948,GPD,tail,21.39793168391183,0.090625,Puntarenas_OTROS_Hidrometereológico
-0.015248379646194223,0.7455649188074684,8949,GPD,tail,21.39793168391183,0.090625,Puntarenas_OTROS_Hidrometereológico
-0.12705781215870907,0.9823227708031741,8950,GPD,tail,21.39793168391183,0.090625,Puntarenas_OTROS_Hidrometereológico
-0.12705781215870907,0.9823227708031741,8951,GPD,tail,21.39793168391183,0.090625,Puntarenas_OTROS_Hidrometereológico
-0.12705781215870907,0.9823227708031741,8952,GPD,tail,21.39793168391183,0.090625,Puntarenas_OTROS_Hidrometereológico
-0.12705781215870907,0.9823227708031741,8953,GPD,tail,21.39793168391183,0.090625,Puntarenas_OTROS_Hidrometereológico
-0.1435784609337067,0.9965732479989092,8954,GPD,tail,21.39793168391183,0.090625,Puntarenas_OTROS_Hidrometereológico
-0.1435784609337067,0.9965732479989092,8955,GPD,tail,21.39793168391183,0.090625,Puntarenas_OTROS_Hidrometereológico
-0.1435784609337067,0.9965732479989092,8956,GPD,tail,21.39793168391183,0.090625,Puntarenas_OTROS_Hidrometereológico
-0.1435784609337067,0.9965732479989092,8957,GPD,tail,21.39793168391183,0.090625,Puntarenas_OTROS_Hidrometereológico
-0.1435784609337067,0.9965732479989092,8958,GPD,tail,21.39793168391183,0.090625,Puntarenas_OTROS_Hidrometereológico
-0.1435784609337067,0.9965732479989092,8959,GPD,tail,21.39793168391183,0.090625,Puntarenas_OTROS_Hidrometereológico
-0.1435784609337067,0.9965732479989092,8960,GPD,tail,21.39793168391183,0.090625,Puntarenas_OTROS_Hidrometereológico
-0.1435784609337067,0.9965732479989092,8961,GPD,tail,21.39793168391183,0.090625,Puntarenas_OTROS_Hidrometereológico
-0.1435784609337067,0.9965732479989092,8962,GPD,tail,21.39793168391183,0.090625,Puntarenas_OTROS_Hidrometereológico
-0.12473120052964504,0.8882222636910208,8963,GPD,tail,21.39793168391183,0.090625,Puntarenas_OTROS_Hidrometereológico
-0.12473120052964504,0.8882222636910208,8964,GPD,tail,21.39793168391183,0.090625,Puntarenas_OTROS_Hidrometereológico
-0.13265197720586805,0.8582806671353601,8965,GPD,tail,21.39793168391183,0.090625,Puntarenas_OTROS_Hidrometereológico
-0.13265197720586805,0.8582806671353601,8966,GPD,tail,21.39793168391183,0.090625,Puntarenas_OTROS_Hidrometereológico
-0.13265197720586805,0.8582806671353601,8967,GPD,tail,21.39793168391183,0.090625,Puntarenas_OTROS_Hidrometereológico
-0.13265197720586805,0.8582806671353601,8968,GPD,tail,21.39793168391183,0.090625,Puntarenas_OTROS_Hidrometereológico
-0.13265197720586805,0.8582806671353601,8969,GPD,tail,21.39793168391183,0.090625,Puntarenas_OTROS_Hidrometereológico
-0.13265197720586805,0.8582806671353601,8970,GPD,tail,21.39793168391183,0.090625,Puntarenas_OTROS_Hidrometereológico
-0.11775606275537683,0.8245164636084222,8971,GPD,tail,21.39793168391183,0.090625,Puntarenas_OTROS_Hidrometereológico
-0.11775606275537683,0.8245164636084222,8972,GPD,tail,21.39793168391183,0.090625,Puntarenas_OTROS_Hidrometereológico
-0.11775606275537683,0.8245164636084222,8973,GPD,tail,21.39793168391183,0.090625,Puntarenas_OTROS_Hidrometereológico
-0.11775606275537683,0.8245164636084222,8974,GPD,tail,21.39793168391183,0.090625,Puntarenas_OTROS_Hidrometereológico
-0.033480002016110594,0.8069349328437532,8975,GPD,tail,21.39793168391183,0.090625,Puntarenas_OTROS_Hidrometereológico
-0.033480002016110594,0.8069349328437532,8976,GPD,tail,21.39793168391183,0.090625,Puntarenas_OTROS_Hidrometereológico
-0.033480002016110594,0.8069349328437532,8977,GPD,tail,21.39793168391183,0.090625,Puntarenas_OTROS_Hidrometereológico
-0.033480002016110594,0.8069349328437532,8978,GPD,tail,21.39793168391183,0.090625,Puntarenas_OTROS_Hidrometereológico
-0.033480002016110594,0.8069349328437532,8979,GPD,tail,21.39793168391183,0.090625,Puntarenas_OTROS_Hidrometereológico
-0.033480002016110594,0.8069349328437532,8980,GPD,tail,21.39793168391183,0.090625,Puntarenas_OTROS_Hidrometereológico
-0.033480002016110594,0.8069349328437532,8981,GPD,tail,21.39793168391183,0.090625,Puntarenas_OTROS_Hidrometereológico
-0.033480002016110594,0.8069349328437532,8982,GPD,tail,21.39793168391183,0.090625,Puntarenas_OTROS_Hidrometereológico
-0.033480002016110594,0.8069349328437532,8983,GPD,tail,21.39793168391183,0.090625,Puntarenas_OTROS_Hidrometereológico
-0.033480002016110594,0.8069349328437532,8984,GPD,tail,21.39793168391183,0.090625,Puntarenas_OTROS_Hidrometereológico
-0.033480002016110594,0.8069349328437532,8985,GPD,tail,21.39793168391183,0.090625,Puntarenas_OTROS_Hidrometereológico
-0.033480002016110594,0.8069349328437532,8986,GPD,tail,21.39793168391183,0.090625,Puntarenas_OTROS_Hidrometereológico
-0.033480002016110594,0.8069349328437532,8987,GPD,tail,21.39793168391183,0.090625,Puntarenas_OTROS_Hidrometereológico
-0.05788293780763813,0.8423639917377052,8988,GPD,tail,21.39793168391183,0.090625,Puntarenas_OTROS_Hidrometereológico
-0.05788293780763813,0.8423639917377052,8989,GPD,tail,21.39793168391183,0.090625,Puntarenas_OTROS_Hidrometereológico
-0.05788293780763813,0.8423639917377052,8990,GPD,tail,21.39793168391183,0.090625,Puntarenas_OTROS_Hidrometereológico
-0.05788293780763813,0.8423639917377052,8991,GPD,tail,21.39793168391183,0.090625,Puntarenas_OTROS_Hidrometereológico
-0.05788293780763813,0.8423639917377052,8992,GPD,tail,21.39793168391183,0.090625,Puntarenas_OTROS_Hidrometereológico
-0.05788293780763813,0.8423639917377052,8993,GPD,tail,21.39793168391183,0.090625,Puntarenas_OTROS_Hidrometereológico
-0.05788293780763813,0.8423639917377052,8994,GPD,tail,21.39793168391183,0.090625,Puntarenas_OTROS_Hidrometereológico
-0.05788293780763813,0.8423639917377052,8995,GPD,tail,21.39793168391183,0.090625,Puntarenas_OTROS_Hidrometereológico
-0.05788293780763813,0.8423639917377052,8996,GPD,tail,21.39793168391183,0.090625,Puntarenas_OTROS_Hidrometereológico
-0.05788293780763813,0.8423639917377052,8997,GPD,tail,21.39793168391183,0.090625,Puntarenas_OTROS_Hidrometereológico
-0.05788293780763813,0.8423639917377052,8998,GPD,tail,21.39793168391183,0.090625,Puntarenas_OTROS_Hidrometereológico
-0.05788293780763813,0.8423639917377052,8999,GPD,tail,21.39793168391183,0.090625,Puntarenas_OTROS_Hidrometereológico
-0.05788293780763813,0.8423639917377052,9000,GPD,tail,21.39793168391183,0.090625,Puntarenas_OTROS_Hidrometereológico
-0.05788293780763813,0.8423639917377052,9001,GPD,tail,21.39793168391183,0.090625,Puntarenas_OTROS_Hidrometereológico
-0.05788293780763813,0.8423639917377052,9002,GPD,tail,21.39793168391183,0.090625,Puntarenas_OTROS_Hidrometereológico
-0.05788293780763813,0.8423639917377052,9003,GPD,tail,21.39793168391183,0.090625,Puntarenas_OTROS_Hidrometereológico
-0.05788293780763813,0.8423639917377052,9004,GPD,tail,21.39793168391183,0.090625,Puntarenas_OTROS_Hidrometereológico
-0.08878817617195695,0.915829645709987,9005,GPD,tail,21.39793168391183,0.090625,Puntarenas_OTROS_Hidrometereológico
-0.08878817617195695,0.915829645709987,9006,GPD,tail,21.39793168391183,0.090625,Puntarenas_OTROS_Hidrometereológico
-0.08878817617195695,0.915829645709987,9007,GPD,tail,21.39793168391183,0.090625,Puntarenas_OTROS_Hidrometereológico
-0.08878817617195695,0.915829645709987,9008,GPD,tail,21.39793168391183,0.090625,Puntarenas_OTROS_Hidrometereológico
-0.08878817617195695,0.915829645709987,9009,GPD,tail,21.39793168391183,0.090625,Puntarenas_OTROS_Hidrometereológico
-0.08878817617195695,0.915829645709987,9010,GPD,tail,21.39793168391183,0.090625,Puntarenas_OTROS_Hidrometereológico
-0.08878817617195695,0.915829645709987,9011,GPD,tail,21.39793168391183,0.090625,Puntarenas_OTROS_Hidrometereológico
-0.08878817617195695,0.915829645709987,9012,GPD,tail,21.39793168391183,0.090625,Puntarenas_OTROS_Hidrometereológico
-0.05239682918166263,0.821652376655844,9013,GPD,tail,21.39793168391183,0.090625,Puntarenas_OTROS_Hidrometereológico
-0.11238088630997592,0.9007336707066717,9014,GPD,tail,21.39793168391183,0.090625,Puntarenas_OTROS_Hidrometereológico
-0.11238088630997592,0.9007336707066717,9015,GPD,tail,21.39793168391183,0.090625,Puntarenas_OTROS_Hidrometereológico
-0.11238088630997592,0.9007336707066717,9016,GPD,tail,21.39793168391183,0.090625,Puntarenas_OTROS_Hidrometereológico
-0.11238088630997592,0.9007336707066717,9017,GPD,tail,21.39793168391183,0.090625,Puntarenas_OTROS_Hidrometereológico
-0.11238088630997592,0.9007336707066717,9018,GPD,tail,21.39793168391183,0.090625,Puntarenas_OTROS_Hidrometereológico
-0.11238088630997592,0.9007336707066717,9019,GPD,tail,21.39793168391183,0.090625,Puntarenas_OTROS_Hidrometereológico
-0.11238088630997592,0.9007336707066717,9020,GPD,tail,21.39793168391183,0.090625,Puntarenas_OTROS_Hidrometereológico
-0.11238088630997592,0.9007336707066717,9021,GPD,tail,21.39793168391183,0.090625,Puntarenas_OTROS_Hidrometereológico
-0.11238088630997592,0.9007336707066717,9022,GPD,tail,21.39793168391183,0.090625,Puntarenas_OTROS_Hidrometereológico
-0.11238088630997592,0.9007336707066717,9023,GPD,tail,21.39793168391183,0.090625,Puntarenas_OTROS_Hidrometereológico
-0.11238088630997592,0.9007336707066717,9024,GPD,tail,21.39793168391183,0.090625,Puntarenas_OTROS_Hidrometereológico
-0.11238088630997592,0.9007336707066717,9025,GPD,tail,21.39793168391183,0.090625,Puntarenas_OTROS_Hidrometereológico
-0.11238088630997592,0.9007336707066717,9026,GPD,tail,21.39793168391183,0.090625,Puntarenas_OTROS_Hidrometereológico
-0.11238088630997592,0.9007336707066717,9027,GPD,tail,21.39793168391183,0.090625,Puntarenas_OTROS_Hidrometereológico
-0.11238088630997592,0.9007336707066717,9028,GPD,tail,21.39793168391183,0.090625,Puntarenas_OTROS_Hidrometereológico
-0.11238088630997592,0.9007336707066717,9029,GPD,tail,21.39793168391183,0.090625,Puntarenas_OTROS_Hidrometereológico
-0.11238088630997592,0.9007336707066717,9030,GPD,tail,21.39793168391183,0.090625,Puntarenas_OTROS_Hidrometereológico
-0.11238088630997592,0.9007336707066717,9031,GPD,tail,21.39793168391183,0.090625,Puntarenas_OTROS_Hidrometereológico
-0.11238088630997592,0.9007336707066717,9032,GPD,tail,21.39793168391183,0.090625,Puntarenas_OTROS_Hidrometereológico
-0.11238088630997592,0.9007336707066717,9033,GPD,tail,21.39793168391183,0.090625,Puntarenas_OTROS_Hidrometereológico
-0.10069083277268054,0.9256024839677481,9034,GPD,tail,21.39793168391183,0.090625,Puntarenas_OTROS_Hidrometereológico
-0.10069083277268054,0.9256024839677481,9035,GPD,tail,21.39793168391183,0.090625,Puntarenas_OTROS_Hidrometereológico
-0.10069083277268054,0.9256024839677481,9036,GPD,tail,21.39793168391183,0.090625,Puntarenas_OTROS_Hidrometereológico
-0.10069083277268054,0.9256024839677481,9037,GPD,tail,21.39793168391183,0.090625,Puntarenas_OTROS_Hidrometereológico
-0.10069083277268054,0.9256024839677481,9038,GPD,tail,21.39793168391183,0.090625,Puntarenas_OTROS_Hidrometereológico
-0.10069083277268054,0.9256024839677481,9039,GPD,tail,21.39793168391183,0.090625,Puntarenas_OTROS_Hidrometereológico
-0.10069083277268054,0.9256024839677481,9040,GPD,tail,21.39793168391183,0.090625,Puntarenas_OTROS_Hidrometereológico
-0.10069083277268054,0.9256024839677481,9041,GPD,tail,21.39793168391183,0.090625,Puntarenas_OTROS_Hidrometereológico
-0.10069083277268054,0.9256024839677481,9042,GPD,tail,21.39793168391183,0.090625,Puntarenas_OTROS_Hidrometereológico
-0.10069083277268054,0.9256024839677481,9043,GPD,tail,21.39793168391183,0.090625,Puntarenas_OTROS_Hidrometereológico
-0.10069083277268054,0.9256024839677481,9044,GPD,tail,21.39793168391183,0.090625,Puntarenas_OTROS_Hidrometereológico
-0.10069083277268054,0.9256024839677481,9045,GPD,tail,21.39793168391183,0.090625,Puntarenas_OTROS_Hidrometereológico
-0.10069083277268054,0.9256024839677481,9046,GPD,tail,21.39793168391183,0.090625,Puntarenas_OTROS_Hidrometereológico
-0.10069083277268054,0.9256024839677481,9047,GPD,tail,21.39793168391183,0.090625,Puntarenas_OTROS_Hidrometereológico
-0.10069083277268054,0.9256024839677481,9048,GPD,tail,21.39793168391183,0.090625,Puntarenas_OTROS_Hidrometereológico
-0.10069083277268054,0.9256024839677481,9049,GPD,tail,21.39793168391183,0.090625,Puntarenas_OTROS_Hidrometereológico
-0.10069083277268054,0.9256024839677481,9050,GPD,tail,21.39793168391183,0.090625,Puntarenas_OTROS_Hidrometereológico
-0.10069083277268054,0.9256024839677481,9051,GPD,tail,21.39793168391183,0.090625,Puntarenas_OTROS_Hidrometereológico
-0.13247671013739443,0.9801103515355242,9052,GPD,tail,21.39793168391183,0.090625,Puntarenas_OTROS_Hidrometereológico
-0.13247671013739443,0.9801103515355242,9053,GPD,tail,21.39793168391183,0.090625,Puntarenas_OTROS_Hidrometereológico
-0.13247671013739443,0.9801103515355242,9054,GPD,tail,21.39793168391183,0.090625,Puntarenas_OTROS_Hidrometereológico
-0.13247671013739443,0.9801103515355242,9055,GPD,tail,21.39793168391183,0.090625,Puntarenas_OTROS_Hidrometereológico
-0.13247671013739443,0.9801103515355242,9056,GPD,tail,21.39793168391183,0.090625,Puntarenas_OTROS_Hidrometereológico
-0.13247671013739443,0.9801103515355242,9057,GPD,tail,21.39793168391183,0.090625,Puntarenas_OTROS_Hidrometereológico
-0.13247671013739443,0.9801103515355242,9058,GPD,tail,21.39793168391183,0.090625,Puntarenas_OTROS_Hidrometereológico
-0.13247671013739443,0.9801103515355242,9059,GPD,tail,21.39793168391183,0.090625,Puntarenas_OTROS_Hidrometereológico
-0.13247671013739443,0.9801103515355242,9060,GPD,tail,21.39793168391183,0.090625,Puntarenas_OTROS_Hidrometereológico
-0.13247671013739443,0.9801103515355242,9061,GPD,tail,21.39793168391183,0.090625,Puntarenas_OTROS_Hidrometereológico
-0.0451898368937524,0.907597333697199,9062,GPD,tail,21.39793168391183,0.090625,Puntarenas_OTROS_Hidrometereológico
-0.0451898368937524,0.907597333697199,9063,GPD,tail,21.39793168391183,0.090625,Puntarenas_OTROS_Hidrometereológico
-0.0451898368937524,0.907597333697199,9064,GPD,tail,21.39793168391183,0.090625,Puntarenas_OTROS_Hidrometereológico
-0.0451898368937524,0.907597333697199,9065,GPD,tail,21.39793168391183,0.090625,Puntarenas_OTROS_Hidrometereológico
-0.0451898368937524,0.907597333697199,9066,GPD,tail,21.39793168391183,0.090625,Puntarenas_OTROS_Hidrometereológico
-0.0451898368937524,0.907597333697199,9067,GPD,tail,21.39793168391183,0.090625,Puntarenas_OTROS_Hidrometereológico
-0.0451898368937524,0.907597333697199,9068,GPD,tail,21.39793168391183,0.090625,Puntarenas_OTROS_Hidrometereológico
-0.0451898368937524,0.907597333697199,9069,GPD,tail,21.39793168391183,0.090625,Puntarenas_OTROS_Hidrometereológico
-0.0451898368937524,0.907597333697199,9070,GPD,tail,21.39793168391183,0.090625,Puntarenas_OTROS_Hidrometereológico
-0.0451898368937524,0.907597333697199,9071,GPD,tail,21.39793168391183,0.090625,Puntarenas_OTROS_Hidrometereológico
-0.0451898368937524,0.907597333697199,9072,GPD,tail,21.39793168391183,0.090625,Puntarenas_OTROS_Hidrometereológico
-0.0451898368937524,0.907597333697199,9073,GPD,tail,21.39793168391183,0.090625,Puntarenas_OTROS_Hidrometereológico
-0.1242148936583031,0.9691369838856763,9074,GPD,tail,21.39793168391183,0.090625,Puntarenas_OTROS_Hidrometereológico
-0.1242148936583031,0.9691369838856763,9075,GPD,tail,21.39793168391183,0.090625,Puntarenas_OTROS_Hidrometereológico
-0.1242148936583031,0.9691369838856763,9076,GPD,tail,21.39793168391183,0.090625,Puntarenas_OTROS_Hidrometereológico
-0.1242148936583031,0.9691369838856763,9077,GPD,tail,21.39793168391183,0.090625,Puntarenas_OTROS_Hidrometereológico
-0.1242148936583031,0.9691369838856763,9078,GPD,tail,21.39793168391183,0.090625,Puntarenas_OTROS_Hidrometereológico
-0.1242148936583031,0.9691369838856763,9079,GPD,tail,21.39793168391183,0.090625,Puntarenas_OTROS_Hidrometereológico
-0.1242148936583031,0.9691369838856763,9080,GPD,tail,21.39793168391183,0.090625,Puntarenas_OTROS_Hidrometereológico
-0.1242148936583031,0.9691369838856763,9081,GPD,tail,21.39793168391183,0.090625,Puntarenas_OTROS_Hidrometereológico
-0.1242148936583031,0.9691369838856763,9082,GPD,tail,21.39793168391183,0.090625,Puntarenas_OTROS_Hidrometereológico
-0.1242148936583031,0.9691369838856763,9083,GPD,tail,21.39793168391183,0.090625,Puntarenas_OTROS_Hidrometereológico
-0.1242148936583031,0.9691369838856763,9084,GPD,tail,21.39793168391183,0.090625,Puntarenas_OTROS_Hidrometereológico
-0.1242148936583031,0.9691369838856763,9085,GPD,tail,21.39793168391183,0.090625,Puntarenas_OTROS_Hidrometereológico
-0.1242148936583031,0.9691369838856763,9086,GPD,tail,21.39793168391183,0.090625,Puntarenas_OTROS_Hidrometereológico
-0.1242148936583031,0.9691369838856763,9087,GPD,tail,21.39793168391183,0.090625,Puntarenas_OTROS_Hidrometereológico
-0.1242148936583031,0.9691369838856763,9088,GPD,tail,21.39793168391183,0.090625,Puntarenas_OTROS_Hidrometereológico
-0.1242148936583031,0.9691369838856763,9089,GPD,tail,21.39793168391183,0.090625,Puntarenas_OTROS_Hidrometereológico
-0.1242148936583031,0.9691369838856763,9090,GPD,tail,21.39793168391183,0.090625,Puntarenas_OTROS_Hidrometereológico
-0.1242148936583031,0.9691369838856763,9091,GPD,tail,21.39793168391183,0.090625,Puntarenas_OTROS_Hidrometereológico
-0.1242148936583031,0.9691369838856763,9092,GPD,tail,21.39793168391183,0.090625,Puntarenas_OTROS_Hidrometereológico
-0.1242148936583031,0.9691369838856763,9093,GPD,tail,21.39793168391183,0.090625,Puntarenas_OTROS_Hidrometereológico
-0.1242148936583031,0.9691369838856763,9094,GPD,tail,21.39793168391183,0.090625,Puntarenas_OTROS_Hidrometereológico
-0.09578730167971426,0.8139399619718106,9095,GPD,tail,21.39793168391183,0.090625,Puntarenas_OTROS_Hidrometereológico
-0.09578730167971426,0.8139399619718106,9096,GPD,tail,21.39793168391183,0.090625,Puntarenas_OTROS_Hidrometereológico
-0.09578730167971426,0.8139399619718106,9097,GPD,tail,21.39793168391183,0.090625,Puntarenas_OTROS_Hidrometereológico
-0.09578730167971426,0.8139399619718106,9098,GPD,tail,21.39793168391183,0.090625,Puntarenas_OTROS_Hidrometereológico
-0.09578730167971426,0.8139399619718106,9099,GPD,tail,21.39793168391183,0.090625,Puntarenas_OTROS_Hidrometereológico
-0.09578730167971426,0.8139399619718106,9100,GPD,tail,21.39793168391183,0.090625,Puntarenas_OTROS_Hidrometereológico
-0.09578730167971426,0.8139399619718106,9101,GPD,tail,21.39793168391183,0.090625,Puntarenas_OTROS_Hidrometereológico
-0.09578730167971426,0.8139399619718106,9102,GPD,tail,21.39793168391183,0.090625,Puntarenas_OTROS_Hidrometereológico
-0.09578730167971426,0.8139399619718106,9103,GPD,tail,21.39793168391183,0.090625,Puntarenas_OTROS_Hidrometereológico
-0.09578730167971426,0.8139399619718106,9104,GPD,tail,21.39793168391183,0.090625,Puntarenas_OTROS_Hidrometereológico
-0.09578730167971426,0.8139399619718106,9105,GPD,tail,21.39793168391183,0.090625,Puntarenas_OTROS_Hidrometereológico
-0.09578730167971426,0.8139399619718106,9106,GPD,tail,21.39793168391183,0.090625,Puntarenas_OTROS_Hidrometereológico
-0.09578730167971426,0.8139399619718106,9107,GPD,tail,21.39793168391183,0.090625,Puntarenas_OTROS_Hidrometereológico
-0.09578730167971426,0.8139399619718106,9108,GPD,tail,21.39793168391183,0.090625,Puntarenas_OTROS_Hidrometereológico
-0.09578730167971426,0.8139399619718106,9109,GPD,tail,21.39793168391183,0.090625,Puntarenas_OTROS_Hidrometereológico
-0.10930917014240227,0.873814089716638,9110,GPD,tail,21.39793168391183,0.090625,Puntarenas_OTROS_Hidrometereológico
-0.10930917014240227,0.873814089716638,9111,GPD,tail,21.39793168391183,0.090625,Puntarenas_OTROS_Hidrometereológico
-0.10930917014240227,0.873814089716638,9112,GPD,tail,21.39793168391183,0.090625,Puntarenas_OTROS_Hidrometereológico
-0.10930917014240227,0.873814089716638,9113,GPD,tail,21.39793168391183,0.090625,Puntarenas_OTROS_Hidrometereológico
-0.11466207910443575,0.9125441442145961,9114,GPD,tail,21.39793168391183,0.090625,Puntarenas_OTROS_Hidrometereológico
-0.11466207910443575,0.9125441442145961,9115,GPD,tail,21.39793168391183,0.090625,Puntarenas_OTROS_Hidrometereológico
0.03693685924272945,0.8136480832070313,9116,GPD,tail,21.39793168391183,0.090625,Puntarenas_OTROS_Hidrometereológico
0.03693685924272945,0.8136480832070313,9117,GPD,tail,21.39793168391183,0.090625,Puntarenas_OTROS_Hidrometereológico
0.03693685924272945,0.8136480832070313,9118,GPD,tail,21.39793168391183,0.090625,Puntarenas_OTROS_Hidrometereológico
0.03693685924272945,0.8136480832070313,9119,GPD,tail,21.39793168391183,0.090625,Puntarenas_OTROS_Hidrometereológico
0.03693685924272945,0.8136480832070313,9120,GPD,tail,21.39793168391183,0.090625,Puntarenas_OTROS_Hidrometereológico
-0.022525456399170633,0.9129237729117292,9121,GPD,tail,21.39793168391183,0.090625,Puntarenas_OTROS_Hidrometereológico
-0.022525456399170633,0.9129237729117292,9122,GPD,tail,21.39793168391183,0.090625,Puntarenas_OTROS_Hidrometereológico
-0.022525456399170633,0.9129237729117292,9123,GPD,tail,21.39793168391183,0.090625,Puntarenas_OTROS_Hidrometereológico
-0.022525456399170633,0.9129237729117292,9124,GPD,tail,21.39793168391183,0.090625,Puntarenas_OTROS_Hidrometereológico
-0.022525456399170633,0.9129237729117292,9125,GPD,tail,21.39793168391183,0.090625,Puntarenas_OTROS_Hidrometereológico
-0.022525456399170633,0.9129237729117292,9126,GPD,tail,21.39793168391183,0.090625,Puntarenas_OTROS_Hidrometereológico
-0.022525456399170633,0.9129237729117292,9127,GPD,tail,21.39793168391183,0.090625,Puntarenas_OTROS_Hidrometereológico
-0.022525456399170633,0.9129237729117292,9128,GPD,tail,21.39793168391183,0.090625,Puntarenas_OTROS_Hidrometereológico
-0.022525456399170633,0.9129237729117292,9129,GPD,tail,21.39793168391183,0.090625,Puntarenas_OTROS_Hidrometereológico
-0.022525456399170633,0.9129237729117292,9130,GPD,tail,21.39793168391183,0.090625,Puntarenas_OTROS_Hidrometereológico
-0.022525456399170633,0.9129237729117292,9131,GPD,tail,21.39793168391183,0.090625,Puntarenas_OTROS_Hidrometereológico
-0.022525456399170633,0.9129237729117292,9132,GPD,tail,21.39793168391183,0.090625,Puntarenas_OTROS_Hidrometereológico
0.01501245921016469,0.8678111415912395,9133,GPD,tail,21.39793168391183,0.090625,Puntarenas_OTROS_Hidrometereológico
0.01501245921016469,0.8678111415912395,9134,GPD,tail,21.39793168391183,0.090625,Puntarenas_OTROS_Hidrometereológico
0.01501245921016469,0.8678111415912395,9135,GPD,tail,21.39793168391183,0.090625,Puntarenas_OTROS_Hidrometereológico
0.01501245921016469,0.8678111415912395,9136,GPD,tail,21.39793168391183,0.090625,Puntarenas_OTROS_Hidrometereológico
-0.14106988863189548,0.979621494150698,9137,GPD,tail,21.39793168391183,0.090625,Puntarenas_OTROS_Hidrometereológico
-0.14106988863189548,0.979621494150698,9138,GPD,tail,21.39793168391183,0.090625,Puntarenas_OTROS_Hidrometereológico
-0.14106988863189548,0.979621494150698,9139,GPD,tail,21.39793168391183,0.090625,Puntarenas_OTROS_Hidrometereológico
-0.14106988863189548,0.979621494150698,9140,GPD,tail,21.39793168391183,0.090625,Puntarenas_OTROS_Hidrometereológico
-0.14106988863189548,0.979621494150698,9141,GPD,tail,21.39793168391183,0.090625,Puntarenas_OTROS_Hidrometereológico
-0.14106988863189548,0.979621494150698,9142,GPD,tail,21.39793168391183,0.090625,Puntarenas_OTROS_Hidrometereológico
-0.14106988863189548,0.979621494150698,9143,GPD,tail,21.39793168391183,0.090625,Puntarenas_OTROS_Hidrometereológico
-0.14106988863189548,0.979621494150698,9144,GPD,tail,21.39793168391183,0.090625,Puntarenas_OTROS_Hidrometereológico
0.09816644604388033,0.7658339839014122,9145,GPD,tail,21.39793168391183,0.090625,Puntarenas_OTROS_Hidrometereológico
-0.11629918315709242,0.8488678334294575,9146,GPD,tail,21.39793168391183,0.090625,Puntarenas_OTROS_Hidrometereológico
-0.11629918315709242,0.8488678334294575,9147,GPD,tail,21.39793168391183,0.090625,Puntarenas_OTROS_Hidrometereológico
-0.11629918315709242,0.8488678334294575,9148,GPD,tail,21.39793168391183,0.090625,Puntarenas_OTROS_Hidrometereológico
-0.11629918315709242,0.8488678334294575,9149,GPD,tail,21.39793168391183,0.090625,Puntarenas_OTROS_Hidrometereológico
-0.11629918315709242,0.8488678334294575,9150,GPD,tail,21.39793168391183,0.090625,Puntarenas_OTROS_Hidrometereológico
-0.11629918315709242,0.8488678334294575,9151,GPD,tail,21.39793168391183,0.090625,Puntarenas_OTROS_Hidrometereológico
-0.11629918315709242,0.8488678334294575,9152,GPD,tail,21.39793168391183,0.090625,Puntarenas_OTROS_Hidrometereológico
-0.11629918315709242,0.8488678334294575,9153,GPD,tail,21.39793168391183,0.090625,Puntarenas_OTROS_Hidrometereológico
-0.11629918315709242,0.8488678334294575,9154,GPD,tail,21.39793168391183,0.090625,Puntarenas_OTROS_Hidrometereológico
-0.11629918315709242,0.8488678334294575,9155,GPD,tail,21.39793168391183,0.090625,Puntarenas_OTROS_Hidrometereológico
-0.11629918315709242,0.8488678334294575,9156,GPD,tail,21.39793168391183,0.090625,Puntarenas_OTROS_Hidrometereológico
-0.11629918315709242,0.8488678334294575,9157,GPD,tail,21.39793168391183,0.090625,Puntarenas_OTROS_Hidrometereológico
-0.11629918315709242,0.8488678334294575,9158,GPD,tail,21.39793168391183,0.090625,Puntarenas_OTROS_Hidrometereológico
-0.11629918315709242,0.8488678334294575,9159,GPD,tail,21.39793168391183,0.090625,Puntarenas_OTROS_Hidrometereológico
-0.11629918315709242,0.8488678334294575,9160,GPD,tail,21.39793168391183,0.090625,Puntarenas_OTROS_Hidrometereológico
-0.11629918315709242,0.8488678334294575,9161,GPD,tail,21.39793168391183,0.090625,Puntarenas_OTROS_Hidrometereológico
-0.11629918315709242,0.8488678334294575,9162,GPD,tail,21.39793168391183,0.090625,Puntarenas_OTROS_Hidrometereológico
-0.11629918315709242,0.8488678334294575,9163,GPD,tail,21.39793168391183,0.090625,Puntarenas_OTROS_Hidrometereológico
-0.11629918315709242,0.8488678334294575,9164,GPD,tail,21.39793168391183,0.090625,Puntarenas_OTROS_Hidrometereológico
-0.11629918315709242,0.8488678334294575,9165,GPD,tail,21.39793168391183,0.090625,Puntarenas_OTROS_Hidrometereológico
-0.11629918315709242,0.8488678334294575,9166,GPD,tail,21.39793168391183,0.090625,Puntarenas_OTROS_Hidrometereológico
-0.11629918315709242,0.8488678334294575,9167,GPD,tail,21.39793168391183,0.090625,Puntarenas_OTROS_Hidrometereológico
-0.11629918315709242,0.8488678334294575,9168,GPD,tail,21.39793168391183,0.090625,Puntarenas_OTROS_Hidrometereológico
-0.11629918315709242,0.8488678334294575,9169,GPD,tail,21.39793168391183,0.090625,Puntarenas_OTROS_Hidrometereológico
-0.11629918315709242,0.8488678334294575,9170,GPD,tail,21.39793168391183,0.090625,Puntarenas_OTROS_Hidrometereológico
-0.11629918315709242,0.8488678334294575,9171,GPD,tail,21.39793168391183,0.090625,Puntarenas_OTROS_Hidrometereológico
-0.11629918315709242,0.8488678334294575,9172,GPD,tail,21.39793168391183,0.090625,Puntarenas_OTROS_Hidrometereológico
-0.11629918315709242,0.8488678334294575,9173,GPD,tail,21.39793168391183,0.090625,Puntarenas_OTROS_Hidrometereológico
-0.11629918315709242,0.8488678334294575,9174,GPD,tail,21.39793168391183,0.090625,Puntarenas_OTROS_Hidrometereológico
-0.11629918315709242,0.8488678334294575,9175,GPD,tail,21.39793168391183,0.090625,Puntarenas_OTROS_Hidrometereológico
-0.11629918315709242,0.8488678334294575,9176,GPD,tail,21.39793168391183,0.090625,Puntarenas_OTROS_Hidrometereológico
-0.11629918315709242,0.8488678334294575,9177,GPD,tail,21.39793168391183,0.090625,Puntarenas_OTROS_Hidrometereológico
-0.11629918315709242,0.8488678334294575,9178,GPD,tail,21.39793168391183,0.090625,Puntarenas_OTROS_Hidrometereológico
-0.11629918315709242,0.8488678334294575,9179,GPD,tail,21.39793168391183,0.090625,Puntarenas_OTROS_Hidrometereológico
-0.11629918315709242,0.8488678334294575,9180,GPD,tail,21.39793168391183,0.090625,Puntarenas_OTROS_Hidrometereológico
-0.11629918315709242,0.8488678334294575,9181,GPD,tail,21.39793168391183,0.090625,Puntarenas_OTROS_Hidrometereológico
-0.11629918315709242,0.8488678334294575,9182,GPD,tail,21.39793168391183,0.090625,Puntarenas_OTROS_Hidrometereológico
-0.11629918315709242,0.8488678334294575,9183,GPD,tail,21.39793168391183,0.090625,Puntarenas_OTROS_Hidrometereológico
-0.11629918315709242,0.8488678334294575,9184,GPD,tail,21.39793168391183,0.090625,Puntarenas_OTROS_Hidrometereológico
-0.11629918315709242,0.8488678334294575,9185,GPD,tail,21.39793168391183,0.090625,Puntarenas_OTROS_Hidrometereológico
-0.11629918315709242,0.8488678334294575,9186,GPD,tail,21.39793168391183,0.090625,Puntarenas_OTROS_Hidrometereológico
-0.11629918315709242,0.8488678334294575,9187,GPD,tail,21.39793168391183,0.090625,Puntarenas_OTROS_Hidrometereológico
-0.11629918315709242,0.8488678334294575,9188,GPD,tail,21.39793168391183,0.090625,Puntarenas_OTROS_Hidrometereológico
-0.11629918315709242,0.8488678334294575,9189,GPD,tail,21.39793168391183,0.090625,Puntarenas_OTROS_Hidrometereológico
-0.11629918315709242,0.8488678334294575,9190,GPD,tail,21.39793168391183,0.090625,Puntarenas_OTROS_Hidrometereológico
-0.11629918315709242,0.8488678334294575,9191,GPD,tail,21.39793168391183,0.090625,Puntarenas_OTROS_Hidrometereológico
-0.11629918315709242,0.8488678334294575,9192,GPD,tail,21.39793168391183,0.090625,Puntarenas_OTROS_Hidrometereológico
-0.11629918315709242,0.8488678334294575,9193,GPD,tail,21.39793168391183,0.090625,Puntarenas_OTROS_Hidrometereológico
-0.11629918315709242,0.8488678334294575,9194,GPD,tail,21.39793168391183,0.090625,Puntarenas_OTROS_Hidrometereológico
-0.11629918315709242,0.8488678334294575,9195,GPD,tail,21.39793168391183,0.090625,Puntarenas_OTROS_Hidrometereológico
-0.11629918315709242,0.8488678334294575,9196,GPD,tail,21.39793168391183,0.090625,Puntarenas_OTROS_Hidrometereológico
-0.11629918315709242,0.8488678334294575,9197,GPD,tail,21.39793168391183,0.090625,Puntarenas_OTROS_Hidrometereológico
-0.11629918315709242,0.8488678334294575,9198,GPD,tail,21.39793168391183,0.090625,Puntarenas_OTROS_Hidrometereológico
-0.11629918315709242,0.8488678334294575,9199,GPD,tail,21.39793168391183,0.090625,Puntarenas_OTROS_Hidrometereológico
-0.11629918315709242,0.8488678334294575,9200,GPD,tail,21.39793168391183,0.090625,Puntarenas_OTROS_Hidrometereológico
-0.11629918315709242,0.8488678334294575,9201,GPD,tail,21.39793168391183,0.090625,Puntarenas_OTROS_Hidrometereológico
-0.11629918315709242,0.8488678334294575,9202,GPD,tail,21.39793168391183,0.090625,Puntarenas_OTROS_Hidrometereológico
-0.11629918315709242,0.8488678334294575,9203,GPD,tail,21.39793168391183,0.090625,Puntarenas_OTROS_Hidrometereológico
-0.11629918315709242,0.8488678334294575,9204,GPD,tail,21.39793168391183,0.090625,Puntarenas_OTROS_Hidrometereológico
-0.11629918315709242,0.8488678334294575,9205,GPD,tail,21.39793168391183,0.090625,Puntarenas_OTROS_Hidrometereológico
-0.11629918315709242,0.8488678334294575,9206,GPD,tail,21.39793168391183,0.090625,Puntarenas_OTROS_Hidrometereológico
-0.11629918315709242,0.8488678334294575,9207,GPD,tail,21.39793168391183,0.090625,Puntarenas_OTROS_Hidrometereológico
-0.11629918315709242,0.8488678334294575,9208,GPD,tail,21.39793168391183,0.090625,Puntarenas_OTROS_Hidrometereológico
-0.11629918315709242,0.8488678334294575,9209,GPD,tail,21.39793168391183,0.090625,Puntarenas_OTROS_Hidrometereológico
-0.11629918315709242,0.8488678334294575,9210,GPD,tail,21.39793168391183,0.090625,Puntarenas_OTROS_Hidrometereológico
-0.11629918315709242,0.8488678334294575,9211,GPD,tail,21.39793168391183,0.090625,Puntarenas_OTROS_Hidrometereológico
-0.11629918315709242,0.8488678334294575,9212,GPD,tail,21.39793168391183,0.090625,Puntarenas_OTROS_Hidrometereológico
-0.11629918315709242,0.8488678334294575,9213,GPD,tail,21.39793168391183,0.090625,Puntarenas_OTROS_Hidrometereológico
-0.11629918315709242,0.8488678334294575,9214,GPD,tail,21.39793168391183,0.090625,Puntarenas_OTROS_Hidrometereológico
-0.11629918315709242,0.8488678334294575,9215,GPD,tail,21.39793168391183,0.090625,Puntarenas_OTROS_Hidrometereológico
-0.11629918315709242,0.8488678334294575,9216,GPD,tail,21.39793168391183,0.090625,Puntarenas_OTROS_Hidrometereológico
-0.11629918315709242,0.8488678334294575,9217,GPD,tail,21.39793168391183,0.090625,Puntarenas_OTROS_Hidrometereológico
-0.11629918315709242,0.8488678334294575,9218,GPD,tail,21.39793168391183,0.090625,Puntarenas_OTROS_Hidrometereológico
-0.11629918315709242,0.8488678334294575,9219,GPD,tail,21.39793168391183,0.090625,Puntarenas_OTROS_Hidrometereológico
-0.11629918315709242,0.8488678334294575,9220,GPD,tail,21.39793168391183,0.090625,Puntarenas_OTROS_Hidrometereológico
-0.11629918315709242,0.8488678334294575,9221,GPD,tail,21.39793168391183,0.090625,Puntarenas_OTROS_Hidrometereológico
-0.11629918315709242,0.8488678334294575,9222,GPD,tail,21.39793168391183,0.090625,Puntarenas_OTROS_Hidrometereológico
-0.11629918315709242,0.8488678334294575,9223,GPD,tail,21.39793168391183,0.090625,Puntarenas_OTROS_Hidrometereológico
-0.06122920123968807,0.8474948344938656,9224,GPD,tail,21.39793168391183,0.090625,Puntarenas_OTROS_Hidrometereológico
-0.06122920123968807,0.8474948344938656,9225,GPD,tail,21.39793168391183,0.090625,Puntarenas_OTROS_Hidrometereológico
-0.06122920123968807,0.8474948344938656,9226,GPD,tail,21.39793168391183,0.090625,Puntarenas_OTROS_Hidrometereológico
-0.06122920123968807,0.8474948344938656,9227,GPD,tail,21.39793168391183,0.090625,Puntarenas_OTROS_Hidrometereológico
-0.06122920123968807,0.8474948344938656,9228,GPD,tail,21.39793168391183,0.090625,Puntarenas_OTROS_Hidrometereológico
-0.06122920123968807,0.8474948344938656,9229,GPD,tail,21.39793168391183,0.090625,Puntarenas_OTROS_Hidrometereológico
-0.007891952448492758,0.7242291049376459,9230,GPD,tail,21.39793168391183,0.090625,Puntarenas_OTROS_Hidrometereológico
-0.007891952448492758,0.7242291049376459,9231,GPD,tail,21.39793168391183,0.090625,Puntarenas_OTROS_Hidrometereológico
-0.007891952448492758,0.7242291049376459,9232,GPD,tail,21.39793168391183,0.090625,Puntarenas_OTROS_Hidrometereológico
-0.007891952448492758,0.7242291049376459,9233,GPD,tail,21.39793168391183,0.090625,Puntarenas_OTROS_Hidrometereológico
-0.007891952448492758,0.7242291049376459,9234,GPD,tail,21.39793168391183,0.090625,Puntarenas_OTROS_Hidrometereológico
-0.007891952448492758,0.7242291049376459,9235,GPD,tail,21.39793168391183,0.090625,Puntarenas_OTROS_Hidrometereológico
-0.13979975265476144,0.9636147371349105,9236,GPD,tail,21.39793168391183,0.090625,Puntarenas_OTROS_Hidrometereológico
-0.13979975265476144,0.9636147371349105,9237,GPD,tail,21.39793168391183,0.090625,Puntarenas_OTROS_Hidrometereológico
-0.13979975265476144,0.9636147371349105,9238,GPD,tail,21.39793168391183,0.090625,Puntarenas_OTROS_Hidrometereológico
-0.13979975265476144,0.9636147371349105,9239,GPD,tail,21.39793168391183,0.090625,Puntarenas_OTROS_Hidrometereológico
-0.13979975265476144,0.9636147371349105,9240,GPD,tail,21.39793168391183,0.090625,Puntarenas_OTROS_Hidrometereológico
-0.13979975265476144,0.9636147371349105,9241,GPD,tail,21.39793168391183,0.090625,Puntarenas_OTROS_Hidrometereológico
-0.13979975265476144,0.9636147371349105,9242,GPD,tail,21.39793168391183,0.090625,Puntarenas_OTROS_Hidrometereológico
-0.13979975265476144,0.9636147371349105,9243,GPD,tail,21.39793168391183,0.090625,Puntarenas_OTROS_Hidrometereológico
-0.13979975265476144,0.9636147371349105,9244,GPD,tail,21.39793168391183,0.090625,Puntarenas_OTROS_Hidrometereológico
-0.13979975265476144,0.9636147371349105,9245,GPD,tail,21.39793168391183,0.090625,Puntarenas_OTROS_Hidrometereológico
-0.13979975265476144,0.9636147371349105,9246,GPD,tail,21.39793168391183,0.090625,Puntarenas_OTROS_Hidrometereológico
-0.13979975265476144,0.9636147371349105,9247,GPD,tail,21.39793168391183,0.090625,Puntarenas_OTROS_Hidrometereológico
-0.13979975265476144,0.9636147371349105,9248,GPD,tail,21.39793168391183,0.090625,Puntarenas_OTROS_Hidrometereológico
-0.13979975265476144,0.9636147371349105,9249,GPD,tail,21.39793168391183,0.090625,Puntarenas_OTROS_Hidrometereológico
-0.13979975265476144,0.9636147371349105,9250,GPD,tail,21.39793168391183,0.090625,Puntarenas_OTROS_Hidrometereológico
-0.13979975265476144,0.9636147371349105,9251,GPD,tail,21.39793168391183,0.090625,Puntarenas_OTROS_Hidrometereológico
-0.13979975265476144,0.9636147371349105,9252,GPD,tail,21.39793168391183,0.090625,Puntarenas_OTROS_Hidrometereológico
-0.13979975265476144,0.9636147371349105,9253,GPD,tail,21.39793168391183,0.090625,Puntarenas_OTROS_Hidrometereológico
-0.13979975265476144,0.9636147371349105,9254,GPD,tail,21.39793168391183,0.090625,Puntarenas_OTROS_Hidrometereológico
-0.13979975265476144,0.9636147371349105,9255,GPD,tail,21.39793168391183,0.090625,Puntarenas_OTROS_Hidrometereológico
-0.13979975265476144,0.9636147371349105,9256,GPD,tail,21.39793168391183,0.090625,Puntarenas_OTROS_Hidrometereológico
-0.13979975265476144,0.9636147371349105,9257,GPD,tail,21.39793168391183,0.090625,Puntarenas_OTROS_Hidrometereológico
-0.13979975265476144,0.9636147371349105,9258,GPD,tail,21.39793168391183,0.090625,Puntarenas_OTROS_Hidrometereológico
-0.13979975265476144,0.9636147371349105,9259,GPD,tail,21.39793168391183,0.090625,Puntarenas_OTROS_Hidrometereológico
-0.13979975265476144,0.9636147371349105,9260,GPD,tail,21.39793168391183,0.090625,Puntarenas_OTROS_Hidrometereológico
-0.12728268151903893,0.8953092047160774,9261,GPD,tail,21.39793168391183,0.090625,Puntarenas_OTROS_Hidrometereológico
-0.12728268151903893,0.8953092047160774,9262,GPD,tail,21.39793168391183,0.090625,Puntarenas_OTROS_Hidrometereológico
-0.12728268151903893,0.8953092047160774,9263,GPD,tail,21.39793168391183,0.090625,Puntarenas_OTROS_Hidrometereológico
-0.12728268151903893,0.8953092047160774,9264,GPD,tail,21.39793168391183,0.090625,Puntarenas_OTROS_Hidrometereológico
-0.16504353394065052,0.9602366114828453,9265,GPD,tail,21.39793168391183,0.090625,Puntarenas_OTROS_Hidrometereológico
-0.16504353394065052,0.9602366114828453,9266,GPD,tail,21.39793168391183,0.090625,Puntarenas_OTROS_Hidrometereológico
-0.16504353394065052,0.9602366114828453,9267,GPD,tail,21.39793168391183,0.090625,Puntarenas_OTROS_Hidrometereológico
-0.11977691083528919,1.0243996998560627,9268,GPD,tail,21.39793168391183,0.090625,Puntarenas_OTROS_Hidrometereológico
-0.11977691083528919,1.0243996998560627,9269,GPD,tail,21.39793168391183,0.090625,Puntarenas_OTROS_Hidrometereológico
-0.11977691083528919,1.0243996998560627,9270,GPD,tail,21.39793168391183,0.090625,Puntarenas_OTROS_Hidrometereológico
-0.11977691083528919,1.0243996998560627,9271,GPD,tail,21.39793168391183,0.090625,Puntarenas_OTROS_Hidrometereológico
-0.11977691083528919,1.0243996998560627,9272,GPD,tail,21.39793168391183,0.090625,Puntarenas_OTROS_Hidrometereológico
-0.11977691083528919,1.0243996998560627,9273,GPD,tail,21.39793168391183,0.090625,Puntarenas_OTROS_Hidrometereológico
-0.11977691083528919,1.0243996998560627,9274,GPD,tail,21.39793168391183,0.090625,Puntarenas_OTROS_Hidrometereológico
-0.11977691083528919,1.0243996998560627,9275,GPD,tail,21.39793168391183,0.090625,Puntarenas_OTROS_Hidrometereológico
-0.11977691083528919,1.0243996998560627,9276,GPD,tail,21.39793168391183,0.090625,Puntarenas_OTROS_Hidrometereológico
-0.11977691083528919,1.0243996998560627,9277,GPD,tail,21.39793168391183,0.090625,Puntarenas_OTROS_Hidrometereológico
-0.11977691083528919,1.0243996998560627,9278,GPD,tail,21.39793168391183,0.090625,Puntarenas_OTROS_Hidrometereológico
-0.11977691083528919,1.0243996998560627,9279,GPD,tail,21.39793168391183,0.090625,Puntarenas_OTROS_Hidrometereológico
-0.11052063921062155,0.9683810306120306,9280,GPD,tail,21.39793168391183,0.090625,Puntarenas_OTROS_Hidrometereológico
-0.11052063921062155,0.9683810306120306,9281,GPD,tail,21.39793168391183,0.090625,Puntarenas_OTROS_Hidrometereológico
-0.11052063921062155,0.9683810306120306,9282,GPD,tail,21.39793168391183,0.090625,Puntarenas_OTROS_Hidrometereológico
-0.11052063921062155,0.9683810306120306,9283,GPD,tail,21.39793168391183,0.090625,Puntarenas_OTROS_Hidrometereológico
-0.11052063921062155,0.9683810306120306,9284,GPD,tail,21.39793168391183,0.090625,Puntarenas_OTROS_Hidrometereológico
-0.11052063921062155,0.9683810306120306,9285,GPD,tail,21.39793168391183,0.090625,Puntarenas_OTROS_Hidrometereológico
-0.11052063921062155,0.9683810306120306,9286,GPD,tail,21.39793168391183,0.090625,Puntarenas_OTROS_Hidrometereológico
-0.11052063921062155,0.9683810306120306,9287,GPD,tail,21.39793168391183,0.090625,Puntarenas_OTROS_Hidrometereológico
-0.11052063921062155,0.9683810306120306,9288,GPD,tail,21.39793168391183,0.090625,Puntarenas_OTROS_Hidrometereológico
-0.11052063921062155,0.9683810306120306,9289,GPD,tail,21.39793168391183,0.090625,Puntarenas_OTROS_Hidrometereológico
-0.11052063921062155,0.9683810306120306,9290,GPD,tail,21.39793168391183,0.090625,Puntarenas_OTROS_Hidrometereológico
-0.11052063921062155,0.9683810306120306,9291,GPD,tail,21.39793168391183,0.090625,Puntarenas_OTROS_Hidrometereológico
-0.11052063921062155,0.9683810306120306,9292,GPD,tail,21.39793168391183,0.090625,Puntarenas_OTROS_Hidrometereológico
-0.11052063921062155,0.9683810306120306,9293,GPD,tail,21.39793168391183,0.090625,Puntarenas_OTROS_Hidrometereológico
-0.11052063921062155,0.9683810306120306,9294,GPD,tail,21.39793168391183,0.090625,Puntarenas_OTROS_Hidrometereológico
-0.11052063921062155,0.9683810306120306,9295,GPD,tail,21.39793168391183,0.090625,Puntarenas_OTROS_Hidrometereológico
-0.11052063921062155,0.9683810306120306,9296,GPD,tail,21.39793168391183,0.090625,Puntarenas_OTROS_Hidrometereológico
-0.11052063921062155,0.9683810306120306,9297,GPD,tail,21.39793168391183,0.090625,Puntarenas_OTROS_Hidrometereológico
-0.11052063921062155,0.9683810306120306,9298,GPD,tail,21.39793168391183,0.090625,Puntarenas_OTROS_Hidrometereológico
-0.11052063921062155,0.9683810306120306,9299,GPD,tail,21.39793168391183,0.090625,Puntarenas_OTROS_Hidrometereológico
-0.11052063921062155,0.9683810306120306,9300,GPD,tail,21.39793168391183,0.090625,Puntarenas_OTROS_Hidrometereológico
-0.11052063921062155,0.9683810306120306,9301,GPD,tail,21.39793168391183,0.090625,Puntarenas_OTROS_Hidrometereológico
-0.11052063921062155,0.9683810306120306,9302,GPD,tail,21.39793168391183,0.090625,Puntarenas_OTROS_Hidrometereológico
-0.11052063921062155,0.9683810306120306,9303,GPD,tail,21.39793168391183,0.090625,Puntarenas_OTROS_Hidrometereológico
-0.11052063921062155,0.9683810306120306,9304,GPD,tail,21.39793168391183,0.090625,Puntarenas_OTROS_Hidrometereológico
-0.11052063921062155,0.9683810306120306,9305,GPD,tail,21.39793168391183,0.090625,Puntarenas_OTROS_Hidrometereológico
-0.11052063921062155,0.9683810306120306,9306,GPD,tail,21.39793168391183,0.090625,Puntarenas_OTROS_Hidrometereológico
-0.11052063921062155,0.9683810306120306,9307,GPD,tail,21.39793168391183,0.090625,Puntarenas_OTROS_Hidrometereológico
-0.09764989998623681,0.793519408995401,9308,GPD,tail,21.39793168391183,0.090625,Puntarenas_OTROS_Hidrometereológico
-0.09764989998623681,0.793519408995401,9309,GPD,tail,21.39793168391183,0.090625,Puntarenas_OTROS_Hidrometereológico
-0.09764989998623681,0.793519408995401,9310,GPD,tail,21.39793168391183,0.090625,Puntarenas_OTROS_Hidrometereológico
-0.09764989998623681,0.793519408995401,9311,GPD,tail,21.39793168391183,0.090625,Puntarenas_OTROS_Hidrometereológico
-0.09764989998623681,0.793519408995401,9312,GPD,tail,21.39793168391183,0.090625,Puntarenas_OTROS_Hidrometereológico
-0.20303148824548448,1.1025324957777287,9313,GPD,tail,21.39793168391183,0.090625,Puntarenas_OTROS_Hidrometereológico
-0.20303148824548448,1.1025324957777287,9314,GPD,tail,21.39793168391183,0.090625,Puntarenas_OTROS_Hidrometereológico
-0.20303148824548448,1.1025324957777287,9315,GPD,tail,21.39793168391183,0.090625,Puntarenas_OTROS_Hidrometereológico
-0.20303148824548448,1.1025324957777287,9316,GPD,tail,21.39793168391183,0.090625,Puntarenas_OTROS_Hidrometereológico
-0.20303148824548448,1.1025324957777287,9317,GPD,tail,21.39793168391183,0.090625,Puntarenas_OTROS_Hidrometereológico
-0.20303148824548448,1.1025324957777287,9318,GPD,tail,21.39793168391183,0.090625,Puntarenas_OTROS_Hidrometereológico
-0.20303148824548448,1.1025324957777287,9319,GPD,tail,21.39793168391183,0.090625,Puntarenas_OTROS_Hidrometereológico
-0.20303148824548448,1.1025324957777287,9320,GPD,tail,21.39793168391183,0.090625,Puntarenas_OTROS_Hidrometereológico
-0.022808887055116744,0.8977780686075163,9321,GPD,tail,21.39793168391183,0.090625,Puntarenas_OTROS_Hidrometereológico
-0.022808887055116744,0.8977780686075163,9322,GPD,tail,21.39793168391183,0.090625,Puntarenas_OTROS_Hidrometereológico
-0.022808887055116744,0.8977780686075163,9323,GPD,tail,21.39793168391183,0.090625,Puntarenas_OTROS_Hidrometereológico
-0.022808887055116744,0.8977780686075163,9324,GPD,tail,21.39793168391183,0.090625,Puntarenas_OTROS_Hidrometereológico
-0.022808887055116744,0.8977780686075163,9325,GPD,tail,21.39793168391183,0.090625,Puntarenas_OTROS_Hidrometereológico
-0.022808887055116744,0.8977780686075163,9326,GPD,tail,21.39793168391183,0.090625,Puntarenas_OTROS_Hidrometereológico
-0.022808887055116744,0.8977780686075163,9327,GPD,tail,21.39793168391183,0.090625,Puntarenas_OTROS_Hidrometereológico
-0.022808887055116744,0.8977780686075163,9328,GPD,tail,21.39793168391183,0.090625,Puntarenas_OTROS_Hidrometereológico
-0.02949613895222592,0.7537656945498913,9329,GPD,tail,21.39793168391183,0.090625,Puntarenas_OTROS_Hidrometereológico
-0.02949613895222592,0.7537656945498913,9330,GPD,tail,21.39793168391183,0.090625,Puntarenas_OTROS_Hidrometereológico
-0.02949613895222592,0.7537656945498913,9331,GPD,tail,21.39793168391183,0.090625,Puntarenas_OTROS_Hidrometereológico
-0.02949613895222592,0.7537656945498913,9332,GPD,tail,21.39793168391183,0.090625,Puntarenas_OTROS_Hidrometereológico
-0.02949613895222592,0.7537656945498913,9333,GPD,tail,21.39793168391183,0.090625,Puntarenas_OTROS_Hidrometereológico
-0.02949613895222592,0.7537656945498913,9334,GPD,tail,21.39793168391183,0.090625,Puntarenas_OTROS_Hidrometereológico
-0.02949613895222592,0.7537656945498913,9335,GPD,tail,21.39793168391183,0.090625,Puntarenas_OTROS_Hidrometereológico
-0.02949613895222592,0.7537656945498913,9336,GPD,tail,21.39793168391183,0.090625,Puntarenas_OTROS_Hidrometereológico
-0.02949613895222592,0.7537656945498913,9337,GPD,tail,21.39793168391183,0.090625,Puntarenas_OTROS_Hidrometereológico
-0.02949613895222592,0.7537656945498913,9338,GPD,tail,21.39793168391183,0.090625,Puntarenas_OTROS_Hidrometereológico
-0.02949613895222592,0.7537656945498913,9339,GPD,tail,21.39793168391183,0.090625,Puntarenas_OTROS_Hidrometereológico
-0.02949613895222592,0.7537656945498913,9340,GPD,tail,21.39793168391183,0.090625,Puntarenas_OTROS_Hidrometereológico
-0.09679590590384546,0.8533711518834798,9341,GPD,tail,21.39793168391183,0.090625,Puntarenas_OTROS_Hidrometereológico
-0.09679590590384546,0.8533711518834798,9342,GPD,tail,21.39793168391183,0.090625,Puntarenas_OTROS_Hidrometereológico
-0.09679590590384546,0.8533711518834798,9343,GPD,tail,21.39793168391183,0.090625,Puntarenas_OTROS_Hidrometereológico
-0.09679590590384546,0.8533711518834798,9344,GPD,tail,21.39793168391183,0.090625,Puntarenas_OTROS_Hidrometereológico
-0.09679590590384546,0.8533711518834798,9345,GPD,tail,21.39793168391183,0.090625,Puntarenas_OTROS_Hidrometereológico
-0.09679590590384546,0.8533711518834798,9346,GPD,tail,21.39793168391183,0.090625,Puntarenas_OTROS_Hidrometereológico
-0.09679590590384546,0.8533711518834798,9347,GPD,tail,21.39793168391183,0.090625,Puntarenas_OTROS_Hidrometereológico
-0.09679590590384546,0.8533711518834798,9348,GPD,tail,21.39793168391183,0.090625,Puntarenas_OTROS_Hidrometereológico
-0.09679590590384546,0.8533711518834798,9349,GPD,tail,21.39793168391183,0.090625,Puntarenas_OTROS_Hidrometereológico
-0.09679590590384546,0.8533711518834798,9350,GPD,tail,21.39793168391183,0.090625,Puntarenas_OTROS_Hidrometereológico
-0.09679590590384546,0.8533711518834798,9351,GPD,tail,21.39793168391183,0.090625,Puntarenas_OTROS_Hidrometereológico
-0.09679590590384546,0.8533711518834798,9352,GPD,tail,21.39793168391183,0.090625,Puntarenas_OTROS_Hidrometereológico
-0.09679590590384546,0.8533711518834798,9353,GPD,tail,21.39793168391183,0.090625,Puntarenas_OTROS_Hidrometereológico
-0.09679590590384546,0.8533711518834798,9354,GPD,tail,21.39793168391183,0.090625,Puntarenas_OTROS_Hidrometereológico
-0.09679590590384546,0.8533711518834798,9355,GPD,tail,21.39793168391183,0.090625,Puntarenas_OTROS_Hidrometereológico
-0.09679590590384546,0.8533711518834798,9356,GPD,tail,21.39793168391183,0.090625,Puntarenas_OTROS_Hidrometereológico
-0.09679590590384546,0.8533711518834798,9357,GPD,tail,21.39793168391183,0.090625,Puntarenas_OTROS_Hidrometereológico
-0.09679590590384546,0.8533711518834798,9358,GPD,tail,21.39793168391183,0.090625,Puntarenas_OTROS_Hidrometereológico
-0.09679590590384546,0.8533711518834798,9359,GPD,tail,21.39793168391183,0.090625,Puntarenas_OTROS_Hidrometereológico
-0.09679590590384546,0.8533711518834798,9360,GPD,tail,21.39793168391183,0.090625,Puntarenas_OTROS_Hidrometereológico
-0.09679590590384546,0.8533711518834798,9361,GPD,tail,21.39793168391183,0.090625,Puntarenas_OTROS_Hidrometereológico
-0.09679590590384546,0.8533711518834798,9362,GPD,tail,21.39793168391183,0.090625,Puntarenas_OTROS_Hidrometereológico
-0.09679590590384546,0.8533711518834798,9363,GPD,tail,21.39793168391183,0.090625,Puntarenas_OTROS_Hidrometereológico
-0.09679590590384546,0.8533711518834798,9364,GPD,tail,21.39793168391183,0.090625,Puntarenas_OTROS_Hidrometereológico
-0.09679590590384546,0.8533711518834798,9365,GPD,tail,21.39793168391183,0.090625,Puntarenas_OTROS_Hidrometereológico
-0.09679590590384546,0.8533711518834798,9366,GPD,tail,21.39793168391183,0.090625,Puntarenas_OTROS_Hidrometereológico
-0.09679590590384546,0.8533711518834798,9367,GPD,tail,21.39793168391183,0.090625,Puntarenas_OTROS_Hidrometereológico
-0.09679590590384546,0.8533711518834798,9368,GPD,tail,21.39793168391183,0.090625,Puntarenas_OTROS_Hidrometereológico
-0.09679590590384546,0.8533711518834798,9369,GPD,tail,21.39793168391183,0.090625,Puntarenas_OTROS_Hidrometereológico
-0.09679590590384546,0.8533711518834798,9370,GPD,tail,21.39793168391183,0.090625,Puntarenas_OTROS_Hidrometereológico
-0.09679590590384546,0.8533711518834798,9371,GPD,tail,21.39793168391183,0.090625,Puntarenas_OTROS_Hidrometereológico
-0.09679590590384546,0.8533711518834798,9372,GPD,tail,21.39793168391183,0.090625,Puntarenas_OTROS_Hidrometereológico
-0.09679590590384546,0.8533711518834798,9373,GPD,tail,21.39793168391183,0.090625,Puntarenas_OTROS_Hidrometereológico
-0.09679590590384546,0.8533711518834798,9374,GPD,tail,21.39793168391183,0.090625,Puntarenas_OTROS_Hidrometereológico
-0.09679590590384546,0.8533711518834798,9375,GPD,tail,21.39793168391183,0.090625,Puntarenas_OTROS_Hidrometereológico
-0.09679590590384546,0.8533711518834798,9376,GPD,tail,21.39793168391183,0.090625,Puntarenas_OTROS_Hidrometereológico
-0.09679590590384546,0.8533711518834798,9377,GPD,tail,21.39793168391183,0.090625,Puntarenas_OTROS_Hidrometereológico
-0.09679590590384546,0.8533711518834798,9378,GPD,tail,21.39793168391183,0.090625,Puntarenas_OTROS_Hidrometereológico
-0.09679590590384546,0.8533711518834798,9379,GPD,tail,21.39793168391183,0.090625,Puntarenas_OTROS_Hidrometereológico
-0.12688125631985347,0.908629272465586,9380,GPD,tail,21.39793168391183,0.090625,Puntarenas_OTROS_Hidrometereológico
-0.12688125631985347,0.908629272465586,9381,GPD,tail,21.39793168391183,0.090625,Puntarenas_OTROS_Hidrometereológico
-0.12688125631985347,0.908629272465586,9382,GPD,tail,21.39793168391183,0.090625,Puntarenas_OTROS_Hidrometereológico
-0.12688125631985347,0.908629272465586,9383,GPD,tail,21.39793168391183,0.090625,Puntarenas_OTROS_Hidrometereológico
-0.12688125631985347,0.908629272465586,9384,GPD,tail,21.39793168391183,0.090625,Puntarenas_OTROS_Hidrometereológico
-0.12688125631985347,0.908629272465586,9385,GPD,tail,21.39793168391183,0.090625,Puntarenas_OTROS_Hidrometereológico
-0.12688125631985347,0.908629272465586,9386,GPD,tail,21.39793168391183,0.090625,Puntarenas_OTROS_Hidrometereológico
-0.12688125631985347,0.908629272465586,9387,GPD,tail,21.39793168391183,0.090625,Puntarenas_OTROS_Hidrometereológico
-0.12688125631985347,0.908629272465586,9388,GPD,tail,21.39793168391183,0.090625,Puntarenas_OTROS_Hidrometereológico
-0.12688125631985347,0.908629272465586,9389,GPD,tail,21.39793168391183,0.090625,Puntarenas_OTROS_Hidrometereológico
-0.12688125631985347,0.908629272465586,9390,GPD,tail,21.39793168391183,0.090625,Puntarenas_OTROS_Hidrometereológico
-0.12688125631985347,0.908629272465586,9391,GPD,tail,21.39793168391183,0.090625,Puntarenas_OTROS_Hidrometereológico
-0.12688125631985347,0.908629272465586,9392,GPD,tail,21.39793168391183,0.090625,Puntarenas_OTROS_Hidrometereológico
-0.12688125631985347,0.908629272465586,9393,GPD,tail,21.39793168391183,0.090625,Puntarenas_OTROS_Hidrometereológico
-0.12688125631985347,0.908629272465586,9394,GPD,tail,21.39793168391183,0.090625,Puntarenas_OTROS_Hidrometereológico
-0.12688125631985347,0.908629272465586,9395,GPD,tail,21.39793168391183,0.090625,Puntarenas_OTROS_Hidrometereológico
-0.12688125631985347,0.908629272465586,9396,GPD,tail,21.39793168391183,0.090625,Puntarenas_OTROS_Hidrometereológico
-0.12688125631985347,0.908629272465586,9397,GPD,tail,21.39793168391183,0.090625,Puntarenas_OTROS_Hidrometereológico
-0.12688125631985347,0.908629272465586,9398,GPD,tail,21.39793168391183,0.090625,Puntarenas_OTROS_Hidrometereológico
-0.12688125631985347,0.908629272465586,9399,GPD,tail,21.39793168391183,0.090625,Puntarenas_OTROS_Hidrometereológico
-0.12688125631985347,0.908629272465586,9400,GPD,tail,21.39793168391183,0.090625,Puntarenas_OTROS_Hidrometereológico
-0.12688125631985347,0.908629272465586,9401,GPD,tail,21.39793168391183,0.090625,Puntarenas_OTROS_Hidrometereológico
-0.12688125631985347,0.908629272465586,9402,GPD,tail,21.39793168391183,0.090625,Puntarenas_OTROS_Hidrometereológico
-0.12688125631985347,0.908629272465586,9403,GPD,tail,21.39793168391183,0.090625,Puntarenas_OTROS_Hidrometereológico
-0.12688125631985347,0.908629272465586,9404,GPD,tail,21.39793168391183,0.090625,Puntarenas_OTROS_Hidrometereológico
-0.12688125631985347,0.908629272465586,9405,GPD,tail,21.39793168391183,0.090625,Puntarenas_OTROS_Hidrometereológico
-0.12688125631985347,0.908629272465586,9406,GPD,tail,21.39793168391183,0.090625,Puntarenas_OTROS_Hidrometereológico
-0.12688125631985347,0.908629272465586,9407,GPD,tail,21.39793168391183,0.090625,Puntarenas_OTROS_Hidrometereológico
-0.12688125631985347,0.908629272465586,9408,GPD,tail,21.39793168391183,0.090625,Puntarenas_OTROS_Hidrometereológico
-0.12688125631985347,0.908629272465586,9409,GPD,tail,21.39793168391183,0.090625,Puntarenas_OTROS_Hidrometereológico
-0.12688125631985347,0.908629272465586,9410,GPD,tail,21.39793168391183,0.090625,Puntarenas_OTROS_Hidrometereológico
-0.12688125631985347,0.908629272465586,9411,GPD,tail,21.39793168391183,0.090625,Puntarenas_OTROS_Hidrometereológico
-0.12688125631985347,0.908629272465586,9412,GPD,tail,21.39793168391183,0.090625,Puntarenas_OTROS_Hidrometereológico
-0.12688125631985347,0.908629272465586,9413,GPD,tail,21.39793168391183,0.090625,Puntarenas_OTROS_Hidrometereológico
-0.12688125631985347,0.908629272465586,9414,GPD,tail,21.39793168391183,0.090625,Puntarenas_OTROS_Hidrometereológico
-0.12688125631985347,0.908629272465586,9415,GPD,tail,21.39793168391183,0.090625,Puntarenas_OTROS_Hidrometereológico
-0.12688125631985347,0.908629272465586,9416,GPD,tail,21.39793168391183,0.090625,Puntarenas_OTROS_Hidrometereológico
-0.12688125631985347,0.908629272465586,9417,GPD,tail,21.39793168391183,0.090625,Puntarenas_OTROS_Hidrometereológico
-0.12688125631985347,0.908629272465586,9418,GPD,tail,21.39793168391183,0.090625,Puntarenas_OTROS_Hidrometereológico
-0.017108445543861997,0.7894593454785807,9419,GPD,tail,21.39793168391183,0.090625,Puntarenas_OTROS_Hidrometereológico
-0.017108445543861997,0.7894593454785807,9420,GPD,tail,21.39793168391183,0.090625,Puntarenas_OTROS_Hidrometereológico
-0.017108445543861997,0.7894593454785807,9421,GPD,tail,21.39793168391183,0.090625,Puntarenas_OTROS_Hidrometereológico
-0.017108445543861997,0.7894593454785807,9422,GPD,tail,21.39793168391183,0.090625,Puntarenas_OTROS_Hidrometereológico
-0.017108445543861997,0.7894593454785807,9423,GPD,tail,21.39793168391183,0.090625,Puntarenas_OTROS_Hidrometereológico
-0.017108445543861997,0.7894593454785807,9424,GPD,tail,21.39793168391183,0.090625,Puntarenas_OTROS_Hidrometereológico
-0.017108445543861997,0.7894593454785807,9425,GPD,tail,21.39793168391183,0.090625,Puntarenas_OTROS_Hidrometereológico
-0.017108445543861997,0.7894593454785807,9426,GPD,tail,21.39793168391183,0.090625,Puntarenas_OTROS_Hidrometereológico
-0.017108445543861997,0.7894593454785807,9427,GPD,tail,21.39793168391183,0.090625,Puntarenas_OTROS_Hidrometereológico
-0.017108445543861997,0.7894593454785807,9428,GPD,tail,21.39793168391183,0.090625,Puntarenas_OTROS_Hidrometereológico
0.006567999788769752,0.807864168523188,9429,GPD,tail,21.39793168391183,0.090625,Puntarenas_OTROS_Hidrometereológico
0.006567999788769752,0.807864168523188,9430,GPD,tail,21.39793168391183,0.090625,Puntarenas_OTROS_Hidrometereológico
0.006567999788769752,0.807864168523188,9431,GPD,tail,21.39793168391183,0.090625,Puntarenas_OTROS_Hidrometereológico
0.006567999788769752,0.807864168523188,9432,GPD,tail,21.39793168391183,0.090625,Puntarenas_OTROS_Hidrometereológico
0.006567999788769752,0.807864168523188,9433,GPD,tail,21.39793168391183,0.090625,Puntarenas_OTROS_Hidrometereológico
0.07115755843200043,0.7153222600956943,9434,GPD,tail,21.39793168391183,0.090625,Puntarenas_OTROS_Hidrometereológico
0.07115755843200043,0.7153222600956943,9435,GPD,tail,21.39793168391183,0.090625,Puntarenas_OTROS_Hidrometereológico
0.07115755843200043,0.7153222600956943,9436,GPD,tail,21.39793168391183,0.090625,Puntarenas_OTROS_Hidrometereológico
0.07115755843200043,0.7153222600956943,9437,GPD,tail,21.39793168391183,0.090625,Puntarenas_OTROS_Hidrometereológico
0.10607043394492457,0.5893881820094706,9438,GPD,tail,21.39793168391183,0.090625,Puntarenas_OTROS_Hidrometereológico
0.2636304777277444,0.6905322055350573,9439,GPD,tail,21.39793168391183,0.090625,Puntarenas_OTROS_Hidrometereológico
0.2636304777277444,0.6905322055350573,9440,GPD,tail,21.39793168391183,0.090625,Puntarenas_OTROS_Hidrometereológico
0.2636304777277444,0.6905322055350573,9441,GPD,tail,21.39793168391183,0.090625,Puntarenas_OTROS_Hidrometereológico
0.2636304777277444,0.6905322055350573,9442,GPD,tail,21.39793168391183,0.090625,Puntarenas_OTROS_Hidrometereológico
0.2636304777277444,0.6905322055350573,9443,GPD,tail,21.39793168391183,0.090625,Puntarenas_OTROS_Hidrometereológico
0.2636304777277444,0.6905322055350573,9444,GPD,tail,21.39793168391183,0.090625,Puntarenas_OTROS_Hidrometereológico
0.2636304777277444,0.6905322055350573,9445,GPD,tail,21.39793168391183,0.090625,Puntarenas_OTROS_Hidrometereológico
0.2636304777277444,0.6905322055350573,9446,GPD,tail,21.39793168391183,0.090625,Puntarenas_OTROS_Hidrometereológico
0.2636304777277444,0.6905322055350573,9447,GPD,tail,21.39793168391183,0.090625,Puntarenas_OTROS_Hidrometereológico
0.2636304777277444,0.6905322055350573,9448,GPD,tail,21.39793168391183,0.090625,Puntarenas_OTROS_Hidrometereológico
0.2636304777277444,0.6905322055350573,9449,GPD,tail,21.39793168391183,0.090625,Puntarenas_OTROS_Hidrometereológico
0.04302494269246063,0.6237947024862309,9450,GPD,tail,21.39793168391183,0.090625,Puntarenas_OTROS_Hidrometereológico
0.04302494269246063,0.6237947024862309,9451,GPD,tail,21.39793168391183,0.090625,Puntarenas_OTROS_Hidrometereológico
0.04302494269246063,0.6237947024862309,9452,GPD,tail,21.39793168391183,0.090625,Puntarenas_OTROS_Hidrometereológico
0.04302494269246063,0.6237947024862309,9453,GPD,tail,21.39793168391183,0.090625,Puntarenas_OTROS_Hidrometereológico
0.04302494269246063,0.6237947024862309,9454,GPD,tail,21.39793168391183,0.090625,Puntarenas_OTROS_Hidrometereológico
0.04302494269246063,0.6237947024862309,9455,GPD,tail,21.39793168391183,0.090625,Puntarenas_OTROS_Hidrometereológico
0.04302494269246063,0.6237947024862309,9456,GPD,tail,21.39793168391183,0.090625,Puntarenas_OTROS_Hidrometereológico
0.04302494269246063,0.6237947024862309,9457,GPD,tail,21.39793168391183,0.090625,Puntarenas_OTROS_Hidrometereológico
-0.043238239951275834,0.7957733423996334,9458,GPD,tail,21.39793168391183,0.090625,Puntarenas_OTROS_Hidrometereológico
-0.043238239951275834,0.7957733423996334,9459,GPD,tail,21.39793168391183,0.090625,Puntarenas_OTROS_Hidrometereológico
-0.043238239951275834,0.7957733423996334,9460,GPD,tail,21.39793168391183,0.090625,Puntarenas_OTROS_Hidrometereológico
-0.043238239951275834,0.7957733423996334,9461,GPD,tail,21.39793168391183,0.090625,Puntarenas_OTROS_Hidrometereológico
-0.043238239951275834,0.7957733423996334,9462,GPD,tail,21.39793168391183,0.090625,Puntarenas_OTROS_Hidrometereológico
-0.043238239951275834,0.7957733423996334,9463,GPD,tail,21.39793168391183,0.090625,Puntarenas_OTROS_Hidrometereológico
-0.043238239951275834,0.7957733423996334,9464,GPD,tail,21.39793168391183,0.090625,Puntarenas_OTROS_Hidrometereológico
-0.043238239951275834,0.7957733423996334,9465,GPD,tail,21.39793168391183,0.090625,Puntarenas_OTROS_Hidrometereológico
-0.043238239951275834,0.7957733423996334,9466,GPD,tail,21.39793168391183,0.090625,Puntarenas_OTROS_Hidrometereológico
-0.043238239951275834,0.7957733423996334,9467,GPD,tail,21.39793168391183,0.090625,Puntarenas_OTROS_Hidrometereológico
0.07123824142037379,0.7312056597608683,9468,GPD,tail,21.39793168391183,0.090625,Puntarenas_OTROS_Hidrometereológico
0.07123824142037379,0.7312056597608683,9469,GPD,tail,21.39793168391183,0.090625,Puntarenas_OTROS_Hidrometereológico
0.07123824142037379,0.7312056597608683,9470,GPD,tail,21.39793168391183,0.090625,Puntarenas_OTROS_Hidrometereológico
0.07123824142037379,0.7312056597608683,9471,GPD,tail,21.39793168391183,0.090625,Puntarenas_OTROS_Hidrometereológico
0.07123824142037379,0.7312056597608683,9472,GPD,tail,21.39793168391183,0.090625,Puntarenas_OTROS_Hidrometereológico
0.07123824142037379,0.7312056597608683,9473,GPD,tail,21.39793168391183,0.090625,Puntarenas_OTROS_Hidrometereológico
0.07123824142037379,0.7312056597608683,9474,GPD,tail,21.39793168391183,0.090625,Puntarenas_OTROS_Hidrometereológico
0.07123824142037379,0.7312056597608683,9475,GPD,tail,21.39793168391183,0.090625,Puntarenas_OTROS_Hidrometereológico
0.07123824142037379,0.7312056597608683,9476,GPD,tail,21.39793168391183,0.090625,Puntarenas_OTROS_Hidrometereológico
0.07123824142037379,0.7312056597608683,9477,GPD,tail,21.39793168391183,0.090625,Puntarenas_OTROS_Hidrometereológico
0.07123824142037379,0.7312056597608683,9478,GPD,tail,21.39793168391183,0.090625,Puntarenas_OTROS_Hidrometereológico
0.07123824142037379,0.7312056597608683,9479,GPD,tail,21.39793168391183,0.090625,Puntarenas_OTROS_Hidrometereológico
0.07123824142037379,0.7312056597608683,9480,GPD,tail,21.39793168391183,0.090625,Puntarenas_OTROS_Hidrometereológico
0.02021425159229684,0.8161717383719049,9481,GPD,tail,21.39793168391183,0.090625,Puntarenas_OTROS_Hidrometereológico
0.02021425159229684,0.8161717383719049,9482,GPD,tail,21.39793168391183,0.090625,Puntarenas_OTROS_Hidrometereológico
0.02021425159229684,0.8161717383719049,9483,GPD,tail,21.39793168391183,0.090625,Puntarenas_OTROS_Hidrometereológico
0.02021425159229684,0.8161717383719049,9484,GPD,tail,21.39793168391183,0.090625,Puntarenas_OTROS_Hidrometereológico
0.02021425159229684,0.8161717383719049,9485,GPD,tail,21.39793168391183,0.090625,Puntarenas_OTROS_Hidrometereológico
0.02021425159229684,0.8161717383719049,9486,GPD,tail,21.39793168391183,0.090625,Puntarenas_OTROS_Hidrometereológico
0.02021425159229684,0.8161717383719049,9487,GPD,tail,21.39793168391183,0.090625,Puntarenas_OTROS_Hidrometereológico
0.02021425159229684,0.8161717383719049,9488,GPD,tail,21.39793168391183,0.090625,Puntarenas_OTROS_Hidrometereológico
0.02021425159229684,0.8161717383719049,9489,GPD,tail,21.39793168391183,0.090625,Puntarenas_OTROS_Hidrometereológico
0.02021425159229684,0.8161717383719049,9490,GPD,tail,21.39793168391183,0.090625,Puntarenas_OTROS_Hidrometereológico
0.02021425159229684,0.8161717383719049,9491,GPD,tail,21.39793168391183,0.090625,Puntarenas_OTROS_Hidrometereológico
0.02021425159229684,0.8161717383719049,9492,GPD,tail,21.39793168391183,0.090625,Puntarenas_OTROS_Hidrometereológico
-0.03749449858009138,0.8999193611726443,9493,GPD,tail,21.39793168391183,0.090625,Puntarenas_OTROS_Hidrometereológico
-0.03749449858009138,0.8999193611726443,9494,GPD,tail,21.39793168391183,0.090625,Puntarenas_OTROS_Hidrometereológico
-0.03749449858009138,0.8999193611726443,9495,GPD,tail,21.39793168391183,0.090625,Puntarenas_OTROS_Hidrometereológico
-0.03749449858009138,0.8999193611726443,9496,GPD,tail,21.39793168391183,0.090625,Puntarenas_OTROS_Hidrometereológico
0.00475381869483308,0.7743525772364861,9497,GPD,tail,21.39793168391183,0.090625,Puntarenas_OTROS_Hidrometereológico
0.00475381869483308,0.7743525772364861,9498,GPD,tail,21.39793168391183,0.090625,Puntarenas_OTROS_Hidrometereológico
0.00475381869483308,0.7743525772364861,9499,GPD,tail,21.39793168391183,0.090625,Puntarenas_OTROS_Hidrometereológico
0.00475381869483308,0.7743525772364861,9500,GPD,tail,21.39793168391183,0.090625,Puntarenas_OTROS_Hidrometereológico
0.00475381869483308,0.7743525772364861,9501,GPD,tail,21.39793168391183,0.090625,Puntarenas_OTROS_Hidrometereológico
0.00475381869483308,0.7743525772364861,9502,GPD,tail,21.39793168391183,0.090625,Puntarenas_OTROS_Hidrometereológico
0.00475381869483308,0.7743525772364861,9503,GPD,tail,21.39793168391183,0.090625,Puntarenas_OTROS_Hidrometereológico
0.00475381869483308,0.7743525772364861,9504,GPD,tail,21.39793168391183,0.090625,Puntarenas_OTROS_Hidrometereológico
0.00475381869483308,0.7743525772364861,9505,GPD,tail,21.39793168391183,0.090625,Puntarenas_OTROS_Hidrometereológico
0.00475381869483308,0.7743525772364861,9506,GPD,tail,21.39793168391183,0.090625,Puntarenas_OTROS_Hidrometereológico
0.00475381869483308,0.7743525772364861,9507,GPD,tail,21.39793168391183,0.090625,Puntarenas_OTROS_Hidrometereológico
0.00475381869483308,0.7743525772364861,9508,GPD,tail,21.39793168391183,0.090625,Puntarenas_OTROS_Hidrometereológico
0.00475381869483308,0.7743525772364861,9509,GPD,tail,21.39793168391183,0.090625,Puntarenas_OTROS_Hidrometereológico
0.00475381869483308,0.7743525772364861,9510,GPD,tail,21.39793168391183,0.090625,Puntarenas_OTROS_Hidrometereológico
0.00475381869483308,0.7743525772364861,9511,GPD,tail,21.39793168391183,0.090625,Puntarenas_OTROS_Hidrometereológico
0.06385735182264562,0.7603821942693744,9512,GPD,tail,21.39793168391183,0.090625,Puntarenas_OTROS_Hidrometereológico
0.06385735182264562,0.7603821942693744,9513,GPD,tail,21.39793168391183,0.090625,Puntarenas_OTROS_Hidrometereológico
0.06385735182264562,0.7603821942693744,9514,GPD,tail,21.39793168391183,0.090625,Puntarenas_OTROS_Hidrometereológico
0.06385735182264562,0.7603821942693744,9515,GPD,tail,21.39793168391183,0.090625,Puntarenas_OTROS_Hidrometereológico
0.06385735182264562,0.7603821942693744,9516,GPD,tail,21.39793168391183,0.090625,Puntarenas_OTROS_Hidrometereológico
0.06385735182264562,0.7603821942693744,9517,GPD,tail,21.39793168391183,0.090625,Puntarenas_OTROS_Hidrometereológico
0.06385735182264562,0.7603821942693744,9518,GPD,tail,21.39793168391183,0.090625,Puntarenas_OTROS_Hidrometereológico
0.06385735182264562,0.7603821942693744,9519,GPD,tail,21.39793168391183,0.090625,Puntarenas_OTROS_Hidrometereológico
0.06385735182264562,0.7603821942693744,9520,GPD,tail,21.39793168391183,0.090625,Puntarenas_OTROS_Hidrometereológico
0.06385735182264562,0.7603821942693744,9521,GPD,tail,21.39793168391183,0.090625,Puntarenas_OTROS_Hidrometereológico
0.06385735182264562,0.7603821942693744,9522,GPD,tail,21.39793168391183,0.090625,Puntarenas_OTROS_Hidrometereológico
0.06385735182264562,0.7603821942693744,9523,GPD,tail,21.39793168391183,0.090625,Puntarenas_OTROS_Hidrometereológico
0.06385735182264562,0.7603821942693744,9524,GPD,tail,21.39793168391183,0.090625,Puntarenas_OTROS_Hidrometereológico
0.06385735182264562,0.7603821942693744,9525,GPD,tail,21.39793168391183,0.090625,Puntarenas_OTROS_Hidrometereológico
0.06385735182264562,0.7603821942693744,9526,GPD,tail,21.39793168391183,0.090625,Puntarenas_OTROS_Hidrometereológico
0.06385735182264562,0.7603821942693744,9527,GPD,tail,21.39793168391183,0.090625,Puntarenas_OTROS_Hidrometereológico
0.06385735182264562,0.7603821942693744,9528,GPD,tail,21.39793168391183,0.090625,Puntarenas_OTROS_Hidrometereológico
0.06385735182264562,0.7603821942693744,9529,GPD,tail,21.39793168391183,0.090625,Puntarenas_OTROS_Hidrometereológico
0.06385735182264562,0.7603821942693744,9530,GPD,tail,21.39793168391183,0.090625,Puntarenas_OTROS_Hidrometereológico
0.06385735182264562,0.7603821942693744,9531,GPD,tail,21.39793168391183,0.090625,Puntarenas_OTROS_Hidrometereológico
0.06385735182264562,0.7603821942693744,9532,GPD,tail,21.39793168391183,0.090625,Puntarenas_OTROS_Hidrometereológico
0.06385735182264562,0.7603821942693744,9533,GPD,tail,21.39793168391183,0.090625,Puntarenas_OTROS_Hidrometereológico
0.06385735182264562,0.7603821942693744,9534,GPD,tail,21.39793168391183,0.090625,Puntarenas_OTROS_Hidrometereológico
0.07139428839872594,0.6496247790388472,9535,GPD,tail,21.39793168391183,0.090625,Puntarenas_OTROS_Hidrometereológico
0.07139428839872594,0.6496247790388472,9536,GPD,tail,21.39793168391183,0.090625,Puntarenas_OTROS_Hidrometereológico
0.07139428839872594,0.6496247790388472,9537,GPD,tail,21.39793168391183,0.090625,Puntarenas_OTROS_Hidrometereológico
0.07139428839872594,0.6496247790388472,9538,GPD,tail,21.39793168391183,0.090625,Puntarenas_OTROS_Hidrometereológico
0.07139428839872594,0.6496247790388472,9539,GPD,tail,21.39793168391183,0.090625,Puntarenas_OTROS_Hidrometereológico
-0.0696448720416614,1.0010187914930901,9540,GPD,tail,21.39793168391183,0.090625,Puntarenas_OTROS_Hidrometereológico
-0.0696448720416614,1.0010187914930901,9541,GPD,tail,21.39793168391183,0.090625,Puntarenas_OTROS_Hidrometereológico
-0.0696448720416614,1.0010187914930901,9542,GPD,tail,21.39793168391183,0.090625,Puntarenas_OTROS_Hidrometereológico
-0.0696448720416614,1.0010187914930901,9543,GPD,tail,21.39793168391183,0.090625,Puntarenas_OTROS_Hidrometereológico
-0.0696448720416614,1.0010187914930901,9544,GPD,tail,21.39793168391183,0.090625,Puntarenas_OTROS_Hidrometereológico
-0.0696448720416614,1.0010187914930901,9545,GPD,tail,21.39793168391183,0.090625,Puntarenas_OTROS_Hidrometereológico
-0.0696448720416614,1.0010187914930901,9546,GPD,tail,21.39793168391183,0.090625,Puntarenas_OTROS_Hidrometereológico
-0.0696448720416614,1.0010187914930901,9547,GPD,tail,21.39793168391183,0.090625,Puntarenas_OTROS_Hidrometereológico
-0.0696448720416614,1.0010187914930901,9548,GPD,tail,21.39793168391183,0.090625,Puntarenas_OTROS_Hidrometereológico
-0.133122589588966,1.0087534871680535,9549,GPD,tail,21.39793168391183,0.090625,Puntarenas_OTROS_Hidrometereológico
-0.133122589588966,1.0087534871680535,9550,GPD,tail,21.39793168391183,0.090625,Puntarenas_OTROS_Hidrometereológico
-0.133122589588966,1.0087534871680535,9551,GPD,tail,21.39793168391183,0.090625,Puntarenas_OTROS_Hidrometereológico
-0.133122589588966,1.0087534871680535,9552,GPD,tail,21.39793168391183,0.090625,Puntarenas_OTROS_Hidrometereológico
-0.133122589588966,1.0087534871680535,9553,GPD,tail,21.39793168391183,0.090625,Puntarenas_OTROS_Hidrometereológico
-0.133122589588966,1.0087534871680535,9554,GPD,tail,21.39793168391183,0.090625,Puntarenas_OTROS_Hidrometereológico
-0.133122589588966,1.0087534871680535,9555,GPD,tail,21.39793168391183,0.090625,Puntarenas_OTROS_Hidrometereológico
-0.133122589588966,1.0087534871680535,9556,GPD,tail,21.39793168391183,0.090625,Puntarenas_OTROS_Hidrometereológico
-0.133122589588966,1.0087534871680535,9557,GPD,tail,21.39793168391183,0.090625,Puntarenas_OTROS_Hidrometereológico
-0.133122589588966,1.0087534871680535,9558,GPD,tail,21.39793168391183,0.090625,Puntarenas_OTROS_Hidrometereológico
-0.133122589588966,1.0087534871680535,9559,GPD,tail,21.39793168391183,0.090625,Puntarenas_OTROS_Hidrometereológico
-0.133122589588966,1.0087534871680535,9560,GPD,tail,21.39793168391183,0.090625,Puntarenas_OTROS_Hidrometereológico
-0.133122589588966,1.0087534871680535,9561,GPD,tail,21.39793168391183,0.090625,Puntarenas_OTROS_Hidrometereológico
-0.133122589588966,1.0087534871680535,9562,GPD,tail,21.39793168391183,0.090625,Puntarenas_OTROS_Hidrometereológico
-0.1272922379913992,1.0069974633952647,9563,GPD,tail,21.39793168391183,0.090625,Puntarenas_OTROS_Hidrometereológico
-0.1272922379913992,1.0069974633952647,9564,GPD,tail,21.39793168391183,0.090625,Puntarenas_OTROS_Hidrometereológico
-0.1272922379913992,1.0069974633952647,9565,GPD,tail,21.39793168391183,0.090625,Puntarenas_OTROS_Hidrometereológico
-0.1272922379913992,1.0069974633952647,9566,GPD,tail,21.39793168391183,0.090625,Puntarenas_OTROS_Hidrometereológico
-0.1272922379913992,1.0069974633952647,9567,GPD,tail,21.39793168391183,0.090625,Puntarenas_OTROS_Hidrometereológico
-0.1272922379913992,1.0069974633952647,9568,GPD,tail,21.39793168391183,0.090625,Puntarenas_OTROS_Hidrometereológico
-0.1272922379913992,1.0069974633952647,9569,GPD,tail,21.39793168391183,0.090625,Puntarenas_OTROS_Hidrometereológico
-0.017831172004013754,0.7395578508025527,9570,GPD,tail,21.39793168391183,0.090625,Puntarenas_OTROS_Hidrometereológico
-0.017831172004013754,0.7395578508025527,9571,GPD,tail,21.39793168391183,0.090625,Puntarenas_OTROS_Hidrometereológico
-0.017831172004013754,0.7395578508025527,9572,GPD,tail,21.39793168391183,0.090625,Puntarenas_OTROS_Hidrometereológico
-0.017831172004013754,0.7395578508025527,9573,GPD,tail,21.39793168391183,0.090625,Puntarenas_OTROS_Hidrometereológico
-0.017831172004013754,0.7395578508025527,9574,GPD,tail,21.39793168391183,0.090625,Puntarenas_OTROS_Hidrometereológico
-0.017831172004013754,0.7395578508025527,9575,GPD,tail,21.39793168391183,0.090625,Puntarenas_OTROS_Hidrometereológico
-0.017831172004013754,0.7395578508025527,9576,GPD,tail,21.39793168391183,0.090625,Puntarenas_OTROS_Hidrometereológico
-0.017831172004013754,0.7395578508025527,9577,GPD,tail,21.39793168391183,0.090625,Puntarenas_OTROS_Hidrometereológico
-0.017831172004013754,0.7395578508025527,9578,GPD,tail,21.39793168391183,0.090625,Puntarenas_OTROS_Hidrometereológico
-0.017831172004013754,0.7395578508025527,9579,GPD,tail,21.39793168391183,0.090625,Puntarenas_OTROS_Hidrometereológico
-0.017831172004013754,0.7395578508025527,9580,GPD,tail,21.39793168391183,0.090625,Puntarenas_OTROS_Hidrometereológico
-0.017831172004013754,0.7395578508025527,9581,GPD,tail,21.39793168391183,0.090625,Puntarenas_OTROS_Hidrometereológico
-0.017831172004013754,0.7395578508025527,9582,GPD,tail,21.39793168391183,0.090625,Puntarenas_OTROS_Hidrometereológico
-0.017831172004013754,0.7395578508025527,9583,GPD,tail,21.39793168391183,0.090625,Puntarenas_OTROS_Hidrometereológico
-0.09397745448932611,0.8176371654455983,9584,GPD,tail,21.39793168391183,0.090625,Puntarenas_OTROS_Hidrometereológico
-0.09397745448932611,0.8176371654455983,9585,GPD,tail,21.39793168391183,0.090625,Puntarenas_OTROS_Hidrometereológico
-0.09397745448932611,0.8176371654455983,9586,GPD,tail,21.39793168391183,0.090625,Puntarenas_OTROS_Hidrometereológico
-0.09397745448932611,0.8176371654455983,9587,GPD,tail,21.39793168391183,0.090625,Puntarenas_OTROS_Hidrometereológico
-0.09397745448932611,0.8176371654455983,9588,GPD,tail,21.39793168391183,0.090625,Puntarenas_OTROS_Hidrometereológico
-0.09397745448932611,0.8176371654455983,9589,GPD,tail,21.39793168391183,0.090625,Puntarenas_OTROS_Hidrometereológico
-0.09397745448932611,0.8176371654455983,9590,GPD,tail,21.39793168391183,0.090625,Puntarenas_OTROS_Hidrometereológico
-0.09397745448932611,0.8176371654455983,9591,GPD,tail,21.39793168391183,0.090625,Puntarenas_OTROS_Hidrometereológico
-0.09397745448932611,0.8176371654455983,9592,GPD,tail,21.39793168391183,0.090625,Puntarenas_OTROS_Hidrometereológico
-0.09397745448932611,0.8176371654455983,9593,GPD,tail,21.39793168391183,0.090625,Puntarenas_OTROS_Hidrometereológico
-0.09397745448932611,0.8176371654455983,9594,GPD,tail,21.39793168391183,0.090625,Puntarenas_OTROS_Hidrometereológico
-0.09397745448932611,0.8176371654455983,9595,GPD,tail,21.39793168391183,0.090625,Puntarenas_OTROS_Hidrometereológico
-0.09397745448932611,0.8176371654455983,9596,GPD,tail,21.39793168391183,0.090625,Puntarenas_OTROS_Hidrometereológico
-0.09397745448932611,0.8176371654455983,9597,GPD,tail,21.39793168391183,0.090625,Puntarenas_OTROS_Hidrometereológico
-0.09397745448932611,0.8176371654455983,9598,GPD,tail,21.39793168391183,0.090625,Puntarenas_OTROS_Hidrometereológico
-0.09397745448932611,0.8176371654455983,9599,GPD,tail,21.39793168391183,0.090625,Puntarenas_OTROS_Hidrometereológico
-0.09397745448932611,0.8176371654455983,9600,GPD,tail,21.39793168391183,0.090625,Puntarenas_OTROS_Hidrometereológico
-0.09397745448932611,0.8176371654455983,9601,GPD,tail,21.39793168391183,0.090625,Puntarenas_OTROS_Hidrometereológico
-0.09397745448932611,0.8176371654455983,9602,GPD,tail,21.39793168391183,0.090625,Puntarenas_OTROS_Hidrometereológico
-0.09397745448932611,0.8176371654455983,9603,GPD,tail,21.39793168391183,0.090625,Puntarenas_OTROS_Hidrometereológico
-0.09397745448932611,0.8176371654455983,9604,GPD,tail,21.39793168391183,0.090625,Puntarenas_OTROS_Hidrometereológico
-0.09397745448932611,0.8176371654455983,9605,GPD,tail,21.39793168391183,0.090625,Puntarenas_OTROS_Hidrometereológico
-0.09397745448932611,0.8176371654455983,9606,GPD,tail,21.39793168391183,0.090625,Puntarenas_OTROS_Hidrometereológico
-0.09397745448932611,0.8176371654455983,9607,GPD,tail,21.39793168391183,0.090625,Puntarenas_OTROS_Hidrometereológico
-0.09397745448932611,0.8176371654455983,9608,GPD,tail,21.39793168391183,0.090625,Puntarenas_OTROS_Hidrometereológico
-0.09397745448932611,0.8176371654455983,9609,GPD,tail,21.39793168391183,0.090625,Puntarenas_OTROS_Hidrometereológico
-0.09397745448932611,0.8176371654455983,9610,GPD,tail,21.39793168391183,0.090625,Puntarenas_OTROS_Hidrometereológico
-0.09397745448932611,0.8176371654455983,9611,GPD,tail,21.39793168391183,0.090625,Puntarenas_OTROS_Hidrometereológico
-0.09397745448932611,0.8176371654455983,9612,GPD,tail,21.39793168391183,0.090625,Puntarenas_OTROS_Hidrometereológico
-0.09397745448932611,0.8176371654455983,9613,GPD,tail,21.39793168391183,0.090625,Puntarenas_OTROS_Hidrometereológico
-0.09397745448932611,0.8176371654455983,9614,GPD,tail,21.39793168391183,0.090625,Puntarenas_OTROS_Hidrometereológico
-0.09397745448932611,0.8176371654455983,9615,GPD,tail,21.39793168391183,0.090625,Puntarenas_OTROS_Hidrometereológico
-0.09397745448932611,0.8176371654455983,9616,GPD,tail,21.39793168391183,0.090625,Puntarenas_OTROS_Hidrometereológico
-0.09397745448932611,0.8176371654455983,9617,GPD,tail,21.39793168391183,0.090625,Puntarenas_OTROS_Hidrometereológico
-0.09397745448932611,0.8176371654455983,9618,GPD,tail,21.39793168391183,0.090625,Puntarenas_OTROS_Hidrometereológico
-0.09397745448932611,0.8176371654455983,9619,GPD,tail,21.39793168391183,0.090625,Puntarenas_OTROS_Hidrometereológico
-0.11264434774623829,0.8297912836975835,9620,GPD,tail,21.39793168391183,0.090625,Puntarenas_OTROS_Hidrometereológico
-0.11264434774623829,0.8297912836975835,9621,GPD,tail,21.39793168391183,0.090625,Puntarenas_OTROS_Hidrometereológico
-0.037246608067279266,0.8255959485997421,9622,GPD,tail,21.39793168391183,0.090625,Puntarenas_OTROS_Hidrometereológico
-0.037246608067279266,0.8255959485997421,9623,GPD,tail,21.39793168391183,0.090625,Puntarenas_OTROS_Hidrometereológico
-0.037246608067279266,0.8255959485997421,9624,GPD,tail,21.39793168391183,0.090625,Puntarenas_OTROS_Hidrometereológico
-0.037246608067279266,0.8255959485997421,9625,GPD,tail,21.39793168391183,0.090625,Puntarenas_OTROS_Hidrometereológico
-0.037246608067279266,0.8255959485997421,9626,GPD,tail,21.39793168391183,0.090625,Puntarenas_OTROS_Hidrometereológico
-0.037246608067279266,0.8255959485997421,9627,GPD,tail,21.39793168391183,0.090625,Puntarenas_OTROS_Hidrometereológico
-0.037246608067279266,0.8255959485997421,9628,GPD,tail,21.39793168391183,0.090625,Puntarenas_OTROS_Hidrometereológico
-0.037246608067279266,0.8255959485997421,9629,GPD,tail,21.39793168391183,0.090625,Puntarenas_OTROS_Hidrometereológico
-0.037246608067279266,0.8255959485997421,9630,GPD,tail,21.39793168391183,0.090625,Puntarenas_OTROS_Hidrometereológico
-0.037246608067279266,0.8255959485997421,9631,GPD,tail,21.39793168391183,0.090625,Puntarenas_OTROS_Hidrometereológico
-0.037246608067279266,0.8255959485997421,9632,GPD,tail,21.39793168391183,0.090625,Puntarenas_OTROS_Hidrometereológico
-0.037246608067279266,0.8255959485997421,9633,GPD,tail,21.39793168391183,0.090625,Puntarenas_OTROS_Hidrometereológico
-0.037246608067279266,0.8255959485997421,9634,GPD,tail,21.39793168391183,0.090625,Puntarenas_OTROS_Hidrometereológico
-0.037246608067279266,0.8255959485997421,9635,GPD,tail,21.39793168391183,0.090625,Puntarenas_OTROS_Hidrometereológico
-0.037246608067279266,0.8255959485997421,9636,GPD,tail,21.39793168391183,0.090625,Puntarenas_OTROS_Hidrometereológico
-0.037246608067279266,0.8255959485997421,9637,GPD,tail,21.39793168391183,0.090625,Puntarenas_OTROS_Hidrometereológico
-0.037246608067279266,0.8255959485997421,9638,GPD,tail,21.39793168391183,0.090625,Puntarenas_OTROS_Hidrometereológico
-0.037246608067279266,0.8255959485997421,9639,GPD,tail,21.39793168391183,0.090625,Puntarenas_OTROS_Hidrometereológico
-0.037246608067279266,0.8255959485997421,9640,GPD,tail,21.39793168391183,0.090625,Puntarenas_OTROS_Hidrometereológico
-0.08838910354530816,0.8262113363915411,9641,GPD,tail,21.39793168391183,0.090625,Puntarenas_OTROS_Hidrometereológico
-0.08838910354530816,0.8262113363915411,9642,GPD,tail,21.39793168391183,0.090625,Puntarenas_OTROS_Hidrometereológico
-0.08838910354530816,0.8262113363915411,9643,GPD,tail,21.39793168391183,0.090625,Puntarenas_OTROS_Hidrometereológico
-0.08838910354530816,0.8262113363915411,9644,GPD,tail,21.39793168391183,0.090625,Puntarenas_OTROS_Hidrometereológico
-0.08838910354530816,0.8262113363915411,9645,GPD,tail,21.39793168391183,0.090625,Puntarenas_OTROS_Hidrometereológico
-0.08838910354530816,0.8262113363915411,9646,GPD,tail,21.39793168391183,0.090625,Puntarenas_OTROS_Hidrometereológico
-0.08838910354530816,0.8262113363915411,9647,GPD,tail,21.39793168391183,0.090625,Puntarenas_OTROS_Hidrometereológico
-0.08838910354530816,0.8262113363915411,9648,GPD,tail,21.39793168391183,0.090625,Puntarenas_OTROS_Hidrometereológico
-0.08838910354530816,0.8262113363915411,9649,GPD,tail,21.39793168391183,0.090625,Puntarenas_OTROS_Hidrometereológico
-0.08838910354530816,0.8262113363915411,9650,GPD,tail,21.39793168391183,0.090625,Puntarenas_OTROS_Hidrometereológico
-0.08838910354530816,0.8262113363915411,9651,GPD,tail,21.39793168391183,0.090625,Puntarenas_OTROS_Hidrometereológico
-0.08838910354530816,0.8262113363915411,9652,GPD,tail,21.39793168391183,0.090625,Puntarenas_OTROS_Hidrometereológico
-0.08838910354530816,0.8262113363915411,9653,GPD,tail,21.39793168391183,0.090625,Puntarenas_OTROS_Hidrometereológico
-0.08838910354530816,0.8262113363915411,9654,GPD,tail,21.39793168391183,0.090625,Puntarenas_OTROS_Hidrometereológico
-0.08838910354530816,0.8262113363915411,9655,GPD,tail,21.39793168391183,0.090625,Puntarenas_OTROS_Hidrometereológico
-0.08838910354530816,0.8262113363915411,9656,GPD,tail,21.39793168391183,0.090625,Puntarenas_OTROS_Hidrometereológico
-0.08838910354530816,0.8262113363915411,9657,GPD,tail,21.39793168391183,0.090625,Puntarenas_OTROS_Hidrometereológico
-0.08838910354530816,0.8262113363915411,9658,GPD,tail,21.39793168391183,0.090625,Puntarenas_OTROS_Hidrometereológico
-0.08838910354530816,0.8262113363915411,9659,GPD,tail,21.39793168391183,0.090625,Puntarenas_OTROS_Hidrometereológico
-0.08838910354530816,0.8262113363915411,9660,GPD,tail,21.39793168391183,0.090625,Puntarenas_OTROS_Hidrometereológico
-0.08838910354530816,0.8262113363915411,9661,GPD,tail,21.39793168391183,0.090625,Puntarenas_OTROS_Hidrometereológico
-0.08838910354530816,0.8262113363915411,9662,GPD,tail,21.39793168391183,0.090625,Puntarenas_OTROS_Hidrometereológico
-0.08838910354530816,0.8262113363915411,9663,GPD,tail,21.39793168391183,0.090625,Puntarenas_OTROS_Hidrometereológico
-0.08838910354530816,0.8262113363915411,9664,GPD,tail,21.39793168391183,0.090625,Puntarenas_OTROS_Hidrometereológico
-0.08838910354530816,0.8262113363915411,9665,GPD,tail,21.39793168391183,0.090625,Puntarenas_OTROS_Hidrometereológico
-0.08838910354530816,0.8262113363915411,9666,GPD,tail,21.39793168391183,0.090625,Puntarenas_OTROS_Hidrometereológico
-0.08838910354530816,0.8262113363915411,9667,GPD,tail,21.39793168391183,0.090625,Puntarenas_OTROS_Hidrometereológico
-0.08838910354530816,0.8262113363915411,9668,GPD,tail,21.39793168391183,0.090625,Puntarenas_OTROS_Hidrometereológico
-0.09457572405028443,0.8261882104627215,9669,GPD,tail,21.39793168391183,0.090625,Puntarenas_OTROS_Hidrometereológico
-0.09457572405028443,0.8261882104627215,9670,GPD,tail,21.39793168391183,0.090625,Puntarenas_OTROS_Hidrometereológico
-0.09457572405028443,0.8261882104627215,9671,GPD,tail,21.39793168391183,0.090625,Puntarenas_OTROS_Hidrometereológico
-0.09457572405028443,0.8261882104627215,9672,GPD,tail,21.39793168391183,0.090625,Puntarenas_OTROS_Hidrometereológico
-0.09457572405028443,0.8261882104627215,9673,GPD,tail,21.39793168391183,0.090625,Puntarenas_OTROS_Hidrometereológico
-0.09457572405028443,0.8261882104627215,9674,GPD,tail,21.39793168391183,0.090625,Puntarenas_OTROS_Hidrometereológico
-0.09457572405028443,0.8261882104627215,9675,GPD,tail,21.39793168391183,0.090625,Puntarenas_OTROS_Hidrometereológico
-0.09457572405028443,0.8261882104627215,9676,GPD,tail,21.39793168391183,0.090625,Puntarenas_OTROS_Hidrometereológico
-0.09457572405028443,0.8261882104627215,9677,GPD,tail,21.39793168391183,0.090625,Puntarenas_OTROS_Hidrometereológico
-0.09457572405028443,0.8261882104627215,9678,GPD,tail,21.39793168391183,0.090625,Puntarenas_OTROS_Hidrometereológico
-0.09457572405028443,0.8261882104627215,9679,GPD,tail,21.39793168391183,0.090625,Puntarenas_OTROS_Hidrometereológico
-0.09457572405028443,0.8261882104627215,9680,GPD,tail,21.39793168391183,0.090625,Puntarenas_OTROS_Hidrometereológico
-0.09457572405028443,0.8261882104627215,9681,GPD,tail,21.39793168391183,0.090625,Puntarenas_OTROS_Hidrometereológico
-0.09457572405028443,0.8261882104627215,9682,GPD,tail,21.39793168391183,0.090625,Puntarenas_OTROS_Hidrometereológico
-0.09254862612989279,0.8212695538834262,9683,GPD,tail,21.39793168391183,0.090625,Puntarenas_OTROS_Hidrometereológico
-0.09254862612989279,0.8212695538834262,9684,GPD,tail,21.39793168391183,0.090625,Puntarenas_OTROS_Hidrometereológico
-0.09254862612989279,0.8212695538834262,9685,GPD,tail,21.39793168391183,0.090625,Puntarenas_OTROS_Hidrometereológico
-0.09254862612989279,0.8212695538834262,9686,GPD,tail,21.39793168391183,0.090625,Puntarenas_OTROS_Hidrometereológico
-0.09254862612989279,0.8212695538834262,9687,GPD,tail,21.39793168391183,0.090625,Puntarenas_OTROS_Hidrometereológico
-0.09254862612989279,0.8212695538834262,9688,GPD,tail,21.39793168391183,0.090625,Puntarenas_OTROS_Hidrometereológico
-0.03086275724692908,0.8742033705658075,9689,GPD,tail,21.39793168391183,0.090625,Puntarenas_OTROS_Hidrometereológico
-0.03086275724692908,0.8742033705658075,9690,GPD,tail,21.39793168391183,0.090625,Puntarenas_OTROS_Hidrometereológico
-0.03086275724692908,0.8742033705658075,9691,GPD,tail,21.39793168391183,0.090625,Puntarenas_OTROS_Hidrometereológico
-0.03086275724692908,0.8742033705658075,9692,GPD,tail,21.39793168391183,0.090625,Puntarenas_OTROS_Hidrometereológico
-0.03086275724692908,0.8742033705658075,9693,GPD,tail,21.39793168391183,0.090625,Puntarenas_OTROS_Hidrometereológico
-0.03086275724692908,0.8742033705658075,9694,GPD,tail,21.39793168391183,0.090625,Puntarenas_OTROS_Hidrometereológico
-0.03086275724692908,0.8742033705658075,9695,GPD,tail,21.39793168391183,0.090625,Puntarenas_OTROS_Hidrometereológico
-0.09469185998616343,0.9363852785973769,9696,GPD,tail,21.39793168391183,0.090625,Puntarenas_OTROS_Hidrometereológico
-0.09469185998616343,0.9363852785973769,9697,GPD,tail,21.39793168391183,0.090625,Puntarenas_OTROS_Hidrometereológico
-0.09469185998616343,0.9363852785973769,9698,GPD,tail,21.39793168391183,0.090625,Puntarenas_OTROS_Hidrometereológico
-0.09469185998616343,0.9363852785973769,9699,GPD,tail,21.39793168391183,0.090625,Puntarenas_OTROS_Hidrometereológico
-0.09469185998616343,0.9363852785973769,9700,GPD,tail,21.39793168391183,0.090625,Puntarenas_OTROS_Hidrometereológico
-0.09469185998616343,0.9363852785973769,9701,GPD,tail,21.39793168391183,0.090625,Puntarenas_OTROS_Hidrometereológico
-0.09469185998616343,0.9363852785973769,9702,GPD,tail,21.39793168391183,0.090625,Puntarenas_OTROS_Hidrometereológico
-0.09469185998616343,0.9363852785973769,9703,GPD,tail,21.39793168391183,0.090625,Puntarenas_OTROS_Hidrometereológico
-0.09469185998616343,0.9363852785973769,9704,GPD,tail,21.39793168391183,0.090625,Puntarenas_OTROS_Hidrometereológico
-0.09469185998616343,0.9363852785973769,9705,GPD,tail,21.39793168391183,0.090625,Puntarenas_OTROS_Hidrometereológico
-0.09469185998616343,0.9363852785973769,9706,GPD,tail,21.39793168391183,0.090625,Puntarenas_OTROS_Hidrometereológico
-0.09469185998616343,0.9363852785973769,9707,GPD,tail,21.39793168391183,0.090625,Puntarenas_OTROS_Hidrometereológico
-0.09469185998616343,0.9363852785973769,9708,GPD,tail,21.39793168391183,0.090625,Puntarenas_OTROS_Hidrometereológico
-0.14252979924922016,0.8857932717843967,9709,GPD,tail,21.39793168391183,0.090625,Puntarenas_OTROS_Hidrometereológico
-0.14252979924922016,0.8857932717843967,9710,GPD,tail,21.39793168391183,0.090625,Puntarenas_OTROS_Hidrometereológico
-0.14252979924922016,0.8857932717843967,9711,GPD,tail,21.39793168391183,0.090625,Puntarenas_OTROS_Hidrometereológico
-0.14252979924922016,0.8857932717843967,9712,GPD,tail,21.39793168391183,0.090625,Puntarenas_OTROS_Hidrometereológico
-0.14252979924922016,0.8857932717843967,9713,GPD,tail,21.39793168391183,0.090625,Puntarenas_OTROS_Hidrometereológico
-0.14252979924922016,0.8857932717843967,9714,GPD,tail,21.39793168391183,0.090625,Puntarenas_OTROS_Hidrometereológico
-0.14252979924922016,0.8857932717843967,9715,GPD,tail,21.39793168391183,0.090625,Puntarenas_OTROS_Hidrometereológico
-0.14252979924922016,0.8857932717843967,9716,GPD,tail,21.39793168391183,0.090625,Puntarenas_OTROS_Hidrometereológico
-0.04264211589281021,0.7513992455947026,9717,GPD,tail,21.39793168391183,0.090625,Puntarenas_OTROS_Hidrometereológico
-0.04264211589281021,0.7513992455947026,9718,GPD,tail,21.39793168391183,0.090625,Puntarenas_OTROS_Hidrometereológico
0.045569062068125166,0.8170637944040615,9719,GPD,tail,21.39793168391183,0.090625,Puntarenas_OTROS_Hidrometereológico
0.045569062068125166,0.8170637944040615,9720,GPD,tail,21.39793168391183,0.090625,Puntarenas_OTROS_Hidrometereológico
0.045569062068125166,0.8170637944040615,9721,GPD,tail,21.39793168391183,0.090625,Puntarenas_OTROS_Hidrometereológico
0.045569062068125166,0.8170637944040615,9722,GPD,tail,21.39793168391183,0.090625,Puntarenas_OTROS_Hidrometereológico
0.045569062068125166,0.8170637944040615,9723,GPD,tail,21.39793168391183,0.090625,Puntarenas_OTROS_Hidrometereológico
0.045569062068125166,0.8170637944040615,9724,GPD,tail,21.39793168391183,0.090625,Puntarenas_OTROS_Hidrometereológico
0.045569062068125166,0.8170637944040615,9725,GPD,tail,21.39793168391183,0.090625,Puntarenas_OTROS_Hidrometereológico
0.045569062068125166,0.8170637944040615,9726,GPD,tail,21.39793168391183,0.090625,Puntarenas_OTROS_Hidrometereológico
0.045569062068125166,0.8170637944040615,9727,GPD,tail,21.39793168391183,0.090625,Puntarenas_OTROS_Hidrometereológico
0.045569062068125166,0.8170637944040615,9728,GPD,tail,21.39793168391183,0.090625,Puntarenas_OTROS_Hidrometereológico
0.010054807026832709,0.6824023709057028,9729,GPD,tail,21.39793168391183,0.090625,Puntarenas_OTROS_Hidrometereológico
0.010054807026832709,0.6824023709057028,9730,GPD,tail,21.39793168391183,0.090625,Puntarenas_OTROS_Hidrometereológico
0.010054807026832709,0.6824023709057028,9731,GPD,tail,21.39793168391183,0.090625,Puntarenas_OTROS_Hidrometereológico
0.010054807026832709,0.6824023709057028,9732,GPD,tail,21.39793168391183,0.090625,Puntarenas_OTROS_Hidrometereológico
0.010054807026832709,0.6824023709057028,9733,GPD,tail,21.39793168391183,0.090625,Puntarenas_OTROS_Hidrometereológico
0.010054807026832709,0.6824023709057028,9734,GPD,tail,21.39793168391183,0.090625,Puntarenas_OTROS_Hidrometereológico
0.010054807026832709,0.6824023709057028,9735,GPD,tail,21.39793168391183,0.090625,Puntarenas_OTROS_Hidrometereológico
0.010054807026832709,0.6824023709057028,9736,GPD,tail,21.39793168391183,0.090625,Puntarenas_OTROS_Hidrometereológico
0.010054807026832709,0.6824023709057028,9737,GPD,tail,21.39793168391183,0.090625,Puntarenas_OTROS_Hidrometereológico
0.010054807026832709,0.6824023709057028,9738,GPD,tail,21.39793168391183,0.090625,Puntarenas_OTROS_Hidrometereológico
0.010054807026832709,0.6824023709057028,9739,GPD,tail,21.39793168391183,0.090625,Puntarenas_OTROS_Hidrometereológico
0.010054807026832709,0.6824023709057028,9740,GPD,tail,21.39793168391183,0.090625,Puntarenas_OTROS_Hidrometereológico
0.010054807026832709,0.6824023709057028,9741,GPD,tail,21.39793168391183,0.090625,Puntarenas_OTROS_Hidrometereológico
0.010054807026832709,0.6824023709057028,9742,GPD,tail,21.39793168391183,0.090625,Puntarenas_OTROS_Hidrometereológico
0.010054807026832709,0.6824023709057028,9743,GPD,tail,21.39793168391183,0.090625,Puntarenas_OTROS_Hidrometereológico
0.010054807026832709,0.6824023709057028,9744,GPD,tail,21.39793168391183,0.090625,Puntarenas_OTROS_Hidrometereológico
0.010054807026832709,0.6824023709057028,9745,GPD,tail,21.39793168391183,0.090625,Puntarenas_OTROS_Hidrometereológico
0.010054807026832709,0.6824023709057028,9746,GPD,tail,21.39793168391183,0.090625,Puntarenas_OTROS_Hidrometereológico
0.010054807026832709,0.6824023709057028,9747,GPD,tail,21.39793168391183,0.090625,Puntarenas_OTROS_Hidrometereológico
0.010054807026832709,0.6824023709057028,9748,GPD,tail,21.39793168391183,0.090625,Puntarenas_OTROS_Hidrometereológico
0.010054807026832709,0.6824023709057028,9749,GPD,tail,21.39793168391183,0.090625,Puntarenas_OTROS_Hidrometereológico
0.010054807026832709,0.6824023709057028,9750,GPD,tail,21.39793168391183,0.090625,Puntarenas_OTROS_Hidrometereológico
0.010054807026832709,0.6824023709057028,9751,GPD,tail,21.39793168391183,0.090625,Puntarenas_OTROS_Hidrometereológico
0.010054807026832709,0.6824023709057028,9752,GPD,tail,21.39793168391183,0.090625,Puntarenas_OTROS_Hidrometereológico
0.01077404876509195,0.931211375831369,9753,GPD,tail,21.39793168391183,0.090625,Puntarenas_OTROS_Hidrometereológico
0.01077404876509195,0.931211375831369,9754,GPD,tail,21.39793168391183,0.090625,Puntarenas_OTROS_Hidrometereológico
0.01077404876509195,0.931211375831369,9755,GPD,tail,21.39793168391183,0.090625,Puntarenas_OTROS_Hidrometereológico
0.01077404876509195,0.931211375831369,9756,GPD,tail,21.39793168391183,0.090625,Puntarenas_OTROS_Hidrometereológico
0.05109535514767697,0.6883602751635712,9757,GPD,tail,21.39793168391183,0.090625,Puntarenas_OTROS_Hidrometereológico
0.05109535514767697,0.6883602751635712,9758,GPD,tail,21.39793168391183,0.090625,Puntarenas_OTROS_Hidrometereológico
0.05109535514767697,0.6883602751635712,9759,GPD,tail,21.39793168391183,0.090625,Puntarenas_OTROS_Hidrometereológico
0.05109535514767697,0.6883602751635712,9760,GPD,tail,21.39793168391183,0.090625,Puntarenas_OTROS_Hidrometereológico
0.05109535514767697,0.6883602751635712,9761,GPD,tail,21.39793168391183,0.090625,Puntarenas_OTROS_Hidrometereológico
0.05109535514767697,0.6883602751635712,9762,GPD,tail,21.39793168391183,0.090625,Puntarenas_OTROS_Hidrometereológico
0.05109535514767697,0.6883602751635712,9763,GPD,tail,21.39793168391183,0.090625,Puntarenas_OTROS_Hidrometereológico
0.05109535514767697,0.6883602751635712,9764,GPD,tail,21.39793168391183,0.090625,Puntarenas_OTROS_Hidrometereológico
0.05109535514767697,0.6883602751635712,9765,GPD,tail,21.39793168391183,0.090625,Puntarenas_OTROS_Hidrometereológico
0.05109535514767697,0.6883602751635712,9766,GPD,tail,21.39793168391183,0.090625,Puntarenas_OTROS_Hidrometereológico
0.05109535514767697,0.6883602751635712,9767,GPD,tail,21.39793168391183,0.090625,Puntarenas_OTROS_Hidrometereológico
0.05109535514767697,0.6883602751635712,9768,GPD,tail,21.39793168391183,0.090625,Puntarenas_OTROS_Hidrometereológico
0.05109535514767697,0.6883602751635712,9769,GPD,tail,21.39793168391183,0.090625,Puntarenas_OTROS_Hidrometereológico
-0.010726179256875995,0.720530692710741,9770,GPD,tail,21.39793168391183,0.090625,Puntarenas_OTROS_Hidrometereológico
-0.010726179256875995,0.720530692710741,9771,GPD,tail,21.39793168391183,0.090625,Puntarenas_OTROS_Hidrometereológico
-0.010726179256875995,0.720530692710741,9772,GPD,tail,21.39793168391183,0.090625,Puntarenas_OTROS_Hidrometereológico
-0.010726179256875995,0.720530692710741,9773,GPD,tail,21.39793168391183,0.090625,Puntarenas_OTROS_Hidrometereológico
-0.010726179256875995,0.720530692710741,9774,GPD,tail,21.39793168391183,0.090625,Puntarenas_OTROS_Hidrometereológico
-0.010726179256875995,0.720530692710741,9775,GPD,tail,21.39793168391183,0.090625,Puntarenas_OTROS_Hidrometereológico
-0.010726179256875995,0.720530692710741,9776,GPD,tail,21.39793168391183,0.090625,Puntarenas_OTROS_Hidrometereológico
-0.028340004067681442,0.7774237389037258,9777,GPD,tail,21.39793168391183,0.090625,Puntarenas_OTROS_Hidrometereológico
-0.028340004067681442,0.7774237389037258,9778,GPD,tail,21.39793168391183,0.090625,Puntarenas_OTROS_Hidrometereológico
-0.028340004067681442,0.7774237389037258,9779,GPD,tail,21.39793168391183,0.090625,Puntarenas_OTROS_Hidrometereológico
-0.028340004067681442,0.7774237389037258,9780,GPD,tail,21.39793168391183,0.090625,Puntarenas_OTROS_Hidrometereológico
-0.028340004067681442,0.7774237389037258,9781,GPD,tail,21.39793168391183,0.090625,Puntarenas_OTROS_Hidrometereológico
-0.028340004067681442,0.7774237389037258,9782,GPD,tail,21.39793168391183,0.090625,Puntarenas_OTROS_Hidrometereológico
-0.028340004067681442,0.7774237389037258,9783,GPD,tail,21.39793168391183,0.090625,Puntarenas_OTROS_Hidrometereológico
-0.028340004067681442,0.7774237389037258,9784,GPD,tail,21.39793168391183,0.090625,Puntarenas_OTROS_Hidrometereológico
-0.028340004067681442,0.7774237389037258,9785,GPD,tail,21.39793168391183,0.090625,Puntarenas_OTROS_Hidrometereológico
-0.028340004067681442,0.7774237389037258,9786,GPD,tail,21.39793168391183,0.090625,Puntarenas_OTROS_Hidrometereológico
-0.028340004067681442,0.7774237389037258,9787,GPD,tail,21.39793168391183,0.090625,Puntarenas_OTROS_Hidrometereológico
-0.028340004067681442,0.7774237389037258,9788,GPD,tail,21.39793168391183,0.090625,Puntarenas_OTROS_Hidrometereológico
-0.028340004067681442,0.7774237389037258,9789,GPD,tail,21.39793168391183,0.090625,Puntarenas_OTROS_Hidrometereológico
-0.028340004067681442,0.7774237389037258,9790,GPD,tail,21.39793168391183,0.090625,Puntarenas_OTROS_Hidrometereológico
-0.028340004067681442,0.7774237389037258,9791,GPD,tail,21.39793168391183,0.090625,Puntarenas_OTROS_Hidrometereológico
-0.028340004067681442,0.7774237389037258,9792,GPD,tail,21.39793168391183,0.090625,Puntarenas_OTROS_Hidrometereológico
-0.028340004067681442,0.7774237389037258,9793,GPD,tail,21.39793168391183,0.090625,Puntarenas_OTROS_Hidrometereológico
-0.028340004067681442,0.7774237389037258,9794,GPD,tail,21.39793168391183,0.090625,Puntarenas_OTROS_Hidrometereológico
-0.028340004067681442,0.7774237389037258,9795,GPD,tail,21.39793168391183,0.090625,Puntarenas_OTROS_Hidrometereológico
-0.028340004067681442,0.7774237389037258,9796,GPD,tail,21.39793168391183,0.090625,Puntarenas_OTROS_Hidrometereológico
-0.028340004067681442,0.7774237389037258,9797,GPD,tail,21.39793168391183,0.090625,Puntarenas_OTROS_Hidrometereológico
-0.028340004067681442,0.7774237389037258,9798,GPD,tail,21.39793168391183,0.090625,Puntarenas_OTROS_Hidrometereológico
-0.028340004067681442,0.7774237389037258,9799,GPD,tail,21.39793168391183,0.090625,Puntarenas_OTROS_Hidrometereológico
0.042197777280695584,0.760255406744323,9800,GPD,tail,21.39793168391183,0.090625,Puntarenas_OTROS_Hidrometereológico
0.042197777280695584,0.760255406744323,9801,GPD,tail,21.39793168391183,0.090625,Puntarenas_OTROS_Hidrometereológico
-0.0819099086913307,0.804110793167797,9802,GPD,tail,21.39793168391183,0.090625,Puntarenas_OTROS_Hidrometereológico
-0.0819099086913307,0.804110793167797,9803,GPD,tail,21.39793168391183,0.090625,Puntarenas_OTROS_Hidrometereológico
-0.0819099086913307,0.804110793167797,9804,GPD,tail,21.39793168391183,0.090625,Puntarenas_OTROS_Hidrometereológico
-0.0819099086913307,0.804110793167797,9805,GPD,tail,21.39793168391183,0.090625,Puntarenas_OTROS_Hidrometereológico
-0.0819099086913307,0.804110793167797,9806,GPD,tail,21.39793168391183,0.090625,Puntarenas_OTROS_Hidrometereológico
-0.0819099086913307,0.804110793167797,9807,GPD,tail,21.39793168391183,0.090625,Puntarenas_OTROS_Hidrometereológico
-0.0819099086913307,0.804110793167797,9808,GPD,tail,21.39793168391183,0.090625,Puntarenas_OTROS_Hidrometereológico
-0.0819099086913307,0.804110793167797,9809,GPD,tail,21.39793168391183,0.090625,Puntarenas_OTROS_Hidrometereológico
-0.0819099086913307,0.804110793167797,9810,GPD,tail,21.39793168391183,0.090625,Puntarenas_OTROS_Hidrometereológico
-0.0819099086913307,0.804110793167797,9811,GPD,tail,21.39793168391183,0.090625,Puntarenas_OTROS_Hidrometereológico
-0.0819099086913307,0.804110793167797,9812,GPD,tail,21.39793168391183,0.090625,Puntarenas_OTROS_Hidrometereológico
-0.0819099086913307,0.804110793167797,9813,GPD,tail,21.39793168391183,0.090625,Puntarenas_OTROS_Hidrometereológico
-0.0819099086913307,0.804110793167797,9814,GPD,tail,21.39793168391183,0.090625,Puntarenas_OTROS_Hidrometereológico
-0.0819099086913307,0.804110793167797,9815,GPD,tail,21.39793168391183,0.090625,Puntarenas_OTROS_Hidrometereológico
-0.0819099086913307,0.804110793167797,9816,GPD,tail,21.39793168391183,0.090625,Puntarenas_OTROS_Hidrometereológico
-0.0819099086913307,0.804110793167797,9817,GPD,tail,21.39793168391183,0.090625,Puntarenas_OTROS_Hidrometereológico
-0.0819099086913307,0.804110793167797,9818,GPD,tail,21.39793168391183,0.090625,Puntarenas_OTROS_Hidrometereológico
-0.0819099086913307,0.804110793167797,9819,GPD,tail,21.39793168391183,0.090625,Puntarenas_OTROS_Hidrometereológico
-0.1196837197816103,0.8658304462779277,9820,GPD,tail,21.39793168391183,0.090625,Puntarenas_OTROS_Hidrometereológico
-0.1196837197816103,0.8658304462779277,9821,GPD,tail,21.39793168391183,0.090625,Puntarenas_OTROS_Hidrometereológico
-0.1196837197816103,0.8658304462779277,9822,GPD,tail,21.39793168391183,0.090625,Puntarenas_OTROS_Hidrometereológico
-0.1196837197816103,0.8658304462779277,9823,GPD,tail,21.39793168391183,0.090625,Puntarenas_OTROS_Hidrometereológico
-0.1196837197816103,0.8658304462779277,9824,GPD,tail,21.39793168391183,0.090625,Puntarenas_OTROS_Hidrometereológico
-0.1196837197816103,0.8658304462779277,9825,GPD,tail,21.39793168391183,0.090625,Puntarenas_OTROS_Hidrometereológico
-0.1196837197816103,0.8658304462779277,9826,GPD,tail,21.39793168391183,0.090625,Puntarenas_OTROS_Hidrometereológico
-0.1196837197816103,0.8658304462779277,9827,GPD,tail,21.39793168391183,0.090625,Puntarenas_OTROS_Hidrometereológico
-0.1196837197816103,0.8658304462779277,9828,GPD,tail,21.39793168391183,0.090625,Puntarenas_OTROS_Hidrometereológico
-0.1196837197816103,0.8658304462779277,9829,GPD,tail,21.39793168391183,0.090625,Puntarenas_OTROS_Hidrometereológico
-0.1196837197816103,0.8658304462779277,9830,GPD,tail,21.39793168391183,0.090625,Puntarenas_OTROS_Hidrometereológico
-0.1196837197816103,0.8658304462779277,9831,GPD,tail,21.39793168391183,0.090625,Puntarenas_OTROS_Hidrometereológico
-0.1196837197816103,0.8658304462779277,9832,GPD,tail,21.39793168391183,0.090625,Puntarenas_OTROS_Hidrometereológico
-0.1196837197816103,0.8658304462779277,9833,GPD,tail,21.39793168391183,0.090625,Puntarenas_OTROS_Hidrometereológico
-0.1196837197816103,0.8658304462779277,9834,GPD,tail,21.39793168391183,0.090625,Puntarenas_OTROS_Hidrometereológico
-0.1196837197816103,0.8658304462779277,9835,GPD,tail,21.39793168391183,0.090625,Puntarenas_OTROS_Hidrometereológico
-0.1196837197816103,0.8658304462779277,9836,GPD,tail,21.39793168391183,0.090625,Puntarenas_OTROS_Hidrometereológico
-0.1196837197816103,0.8658304462779277,9837,GPD,tail,21.39793168391183,0.090625,Puntarenas_OTROS_Hidrometereológico
-0.1196837197816103,0.8658304462779277,9838,GPD,tail,21.39793168391183,0.090625,Puntarenas_OTROS_Hidrometereológico
-0.1196837197816103,0.8658304462779277,9839,GPD,tail,21.39793168391183,0.090625,Puntarenas_OTROS_Hidrometereológico
-0.1196837197816103,0.8658304462779277,9840,GPD,tail,21.39793168391183,0.090625,Puntarenas_OTROS_Hidrometereológico
-0.1196837197816103,0.8658304462779277,9841,GPD,tail,21.39793168391183,0.090625,Puntarenas_OTROS_Hidrometereológico
-0.1196837197816103,0.8658304462779277,9842,GPD,tail,21.39793168391183,0.090625,Puntarenas_OTROS_Hidrometereológico
-0.1196837197816103,0.8658304462779277,9843,GPD,tail,21.39793168391183,0.090625,Puntarenas_OTROS_Hidrometereológico
-0.07526759182543985,0.8112605317241263,9844,GPD,tail,21.39793168391183,0.090625,Puntarenas_OTROS_Hidrometereológico
-0.07526759182543985,0.8112605317241263,9845,GPD,tail,21.39793168391183,0.090625,Puntarenas_OTROS_Hidrometereológico
-0.07526759182543985,0.8112605317241263,9846,GPD,tail,21.39793168391183,0.090625,Puntarenas_OTROS_Hidrometereológico
-0.07526759182543985,0.8112605317241263,9847,GPD,tail,21.39793168391183,0.090625,Puntarenas_OTROS_Hidrometereológico
-0.07526759182543985,0.8112605317241263,9848,GPD,tail,21.39793168391183,0.090625,Puntarenas_OTROS_Hidrometereológico
-0.07526759182543985,0.8112605317241263,9849,GPD,tail,21.39793168391183,0.090625,Puntarenas_OTROS_Hidrometereológico
-0.07526759182543985,0.8112605317241263,9850,GPD,tail,21.39793168391183,0.090625,Puntarenas_OTROS_Hidrometereológico
-0.07526759182543985,0.8112605317241263,9851,GPD,tail,21.39793168391183,0.090625,Puntarenas_OTROS_Hidrometereológico
-0.07526759182543985,0.8112605317241263,9852,GPD,tail,21.39793168391183,0.090625,Puntarenas_OTROS_Hidrometereológico
-0.07526759182543985,0.8112605317241263,9853,GPD,tail,21.39793168391183,0.090625,Puntarenas_OTROS_Hidrometereológico
-0.07526759182543985,0.8112605317241263,9854,GPD,tail,21.39793168391183,0.090625,Puntarenas_OTROS_Hidrometereológico
-0.07526759182543985,0.8112605317241263,9855,GPD,tail,21.39793168391183,0.090625,Puntarenas_OTROS_Hidrometereológico
-0.07526759182543985,0.8112605317241263,9856,GPD,tail,21.39793168391183,0.090625,Puntarenas_OTROS_Hidrometereológico
-0.07526759182543985,0.8112605317241263,9857,GPD,tail,21.39793168391183,0.090625,Puntarenas_OTROS_Hidrometereológico
-0.07526759182543985,0.8112605317241263,9858,GPD,tail,21.39793168391183,0.090625,Puntarenas_OTROS_Hidrometereológico
-0.07526759182543985,0.8112605317241263,9859,GPD,tail,21.39793168391183,0.090625,Puntarenas_OTROS_Hidrometereológico
-0.07526759182543985,0.8112605317241263,9860,GPD,tail,21.39793168391183,0.090625,Puntarenas_OTROS_Hidrometereológico
-0.07526759182543985,0.8112605317241263,9861,GPD,tail,21.39793168391183,0.090625,Puntarenas_OTROS_Hidrometereológico
-0.07526759182543985,0.8112605317241263,9862,GPD,tail,21.39793168391183,0.090625,Puntarenas_OTROS_Hidrometereológico
-0.07526759182543985,0.8112605317241263,9863,GPD,tail,21.39793168391183,0.090625,Puntarenas_OTROS_Hidrometereológico
-0.07526759182543985,0.8112605317241263,9864,GPD,tail,21.39793168391183,0.090625,Puntarenas_OTROS_Hidrometereológico
-0.07526759182543985,0.8112605317241263,9865,GPD,tail,21.39793168391183,0.090625,Puntarenas_OTROS_Hidrometereológico
-0.07526759182543985,0.8112605317241263,9866,GPD,tail,21.39793168391183,0.090625,Puntarenas_OTROS_Hidrometereológico
-0.07526759182543985,0.8112605317241263,9867,GPD,tail,21.39793168391183,0.090625,Puntarenas_OTROS_Hidrometereológico
-0.07526759182543985,0.8112605317241263,9868,GPD,tail,21.39793168391183,0.090625,Puntarenas_OTROS_Hidrometereológico
-0.07526759182543985,0.8112605317241263,9869,GPD,tail,21.39793168391183,0.090625,Puntarenas_OTROS_Hidrometereológico
-0.07526759182543985,0.8112605317241263,9870,GPD,tail,21.39793168391183,0.090625,Puntarenas_OTROS_Hidrometereológico
-0.07526759182543985,0.8112605317241263,9871,GPD,tail,21.39793168391183,0.090625,Puntarenas_OTROS_Hidrometereológico
-0.07526759182543985,0.8112605317241263,9872,GPD,tail,21.39793168391183,0.090625,Puntarenas_OTROS_Hidrometereológico
-0.07526759182543985,0.8112605317241263,9873,GPD,tail,21.39793168391183,0.090625,Puntarenas_OTROS_Hidrometereológico
-0.07526759182543985,0.8112605317241263,9874,GPD,tail,21.39793168391183,0.090625,Puntarenas_OTROS_Hidrometereológico
-0.07526759182543985,0.8112605317241263,9875,GPD,tail,21.39793168391183,0.090625,Puntarenas_OTROS_Hidrometereológico
-0.07526759182543985,0.8112605317241263,9876,GPD,tail,21.39793168391183,0.090625,Puntarenas_OTROS_Hidrometereológico
-0.07526759182543985,0.8112605317241263,9877,GPD,tail,21.39793168391183,0.090625,Puntarenas_OTROS_Hidrometereológico
-0.07526759182543985,0.8112605317241263,9878,GPD,tail,21.39793168391183,0.090625,Puntarenas_OTROS_Hidrometereológico
-0.07526759182543985,0.8112605317241263,9879,GPD,tail,21.39793168391183,0.090625,Puntarenas_OTROS_Hidrometereológico
0.004197418209359011,0.7878637065041474,9880,GPD,tail,21.39793168391183,0.090625,Puntarenas_OTROS_Hidrometereológico
0.004197418209359011,0.7878637065041474,9881,GPD,tail,21.39793168391183,0.090625,Puntarenas_OTROS_Hidrometereológico
0.004197418209359011,0.7878637065041474,9882,GPD,tail,21.39793168391183,0.090625,Puntarenas_OTROS_Hidrometereológico
0.004197418209359011,0.7878637065041474,9883,GPD,tail,21.39793168391183,0.090625,Puntarenas_OTROS_Hidrometereológico
0.004197418209359011,0.7878637065041474,9884,GPD,tail,21.39793168391183,0.090625,Puntarenas_OTROS_Hidrometereológico
0.004197418209359011,0.7878637065041474,9885,GPD,tail,21.39793168391183,0.090625,Puntarenas_OTROS_Hidrometereológico
0.004197418209359011,0.7878637065041474,9886,GPD,tail,21.39793168391183,0.090625,Puntarenas_OTROS_Hidrometereológico
0.004197418209359011,0.7878637065041474,9887,GPD,tail,21.39793168391183,0.090625,Puntarenas_OTROS_Hidrometereológico
0.004197418209359011,0.7878637065041474,9888,GPD,tail,21.39793168391183,0.090625,Puntarenas_OTROS_Hidrometereológico
0.004197418209359011,0.7878637065041474,9889,GPD,tail,21.39793168391183,0.090625,Puntarenas_OTROS_Hidrometereológico
0.004197418209359011,0.7878637065041474,9890,GPD,tail,21.39793168391183,0.090625,Puntarenas_OTROS_Hidrometereológico
0.004197418209359011,0.7878637065041474,9891,GPD,tail,21.39793168391183,0.090625,Puntarenas_OTROS_Hidrometereológico
0.004197418209359011,0.7878637065041474,9892,GPD,tail,21.39793168391183,0.090625,Puntarenas_OTROS_Hidrometereológico
0.004197418209359011,0.7878637065041474,9893,GPD,tail,21.39793168391183,0.090625,Puntarenas_OTROS_Hidrometereológico
0.004197418209359011,0.7878637065041474,9894,GPD,tail,21.39793168391183,0.090625,Puntarenas_OTROS_Hidrometereológico
0.004197418209359011,0.7878637065041474,9895,GPD,tail,21.39793168391183,0.090625,Puntarenas_OTROS_Hidrometereológico
0.004197418209359011,0.7878637065041474,9896,GPD,tail,21.39793168391183,0.090625,Puntarenas_OTROS_Hidrometereológico
0.004197418209359011,0.7878637065041474,9897,GPD,tail,21.39793168391183,0.090625,Puntarenas_OTROS_Hidrometereológico
0.004197418209359011,0.7878637065041474,9898,GPD,tail,21.39793168391183,0.090625,Puntarenas_OTROS_Hidrometereológico
0.004197418209359011,0.7878637065041474,9899,GPD,tail,21.39793168391183,0.090625,Puntarenas_OTROS_Hidrometereológico
-0.12654513549540325,0.8755025586286054,9900,GPD,tail,21.39793168391183,0.090625,Puntarenas_OTROS_Hidrometereológico
-0.12654513549540325,0.8755025586286054,9901,GPD,tail,21.39793168391183,0.090625,Puntarenas_OTROS_Hidrometereológico
-0.12654513549540325,0.8755025586286054,9902,GPD,tail,21.39793168391183,0.090625,Puntarenas_OTROS_Hidrometereológico
-0.12654513549540325,0.8755025586286054,9903,GPD,tail,21.39793168391183,0.090625,Puntarenas_OTROS_Hidrometereológico
-0.12654513549540325,0.8755025586286054,9904,GPD,tail,21.39793168391183,0.090625,Puntarenas_OTROS_Hidrometereológico
-0.12654513549540325,0.8755025586286054,9905,GPD,tail,21.39793168391183,0.090625,Puntarenas_OTROS_Hidrometereológico
-0.12654513549540325,0.8755025586286054,9906,GPD,tail,21.39793168391183,0.090625,Puntarenas_OTROS_Hidrometereológico
-0.12654513549540325,0.8755025586286054,9907,GPD,tail,21.39793168391183,0.090625,Puntarenas_OTROS_Hidrometereológico
-0.12654513549540325,0.8755025586286054,9908,GPD,tail,21.39793168391183,0.090625,Puntarenas_OTROS_Hidrometereológico
-0.12654513549540325,0.8755025586286054,9909,GPD,tail,21.39793168391183,0.090625,Puntarenas_OTROS_Hidrometereológico
-0.12654513549540325,0.8755025586286054,9910,GPD,tail,21.39793168391183,0.090625,Puntarenas_OTROS_Hidrometereológico
-0.12654513549540325,0.8755025586286054,9911,GPD,tail,21.39793168391183,0.090625,Puntarenas_OTROS_Hidrometereológico
-0.12654513549540325,0.8755025586286054,9912,GPD,tail,21.39793168391183,0.090625,Puntarenas_OTROS_Hidrometereológico
-0.12654513549540325,0.8755025586286054,9913,GPD,tail,21.39793168391183,0.090625,Puntarenas_OTROS_Hidrometereológico
-0.12654513549540325,0.8755025586286054,9914,GPD,tail,21.39793168391183,0.090625,Puntarenas_OTROS_Hidrometereológico
-0.12654513549540325,0.8755025586286054,9915,GPD,tail,21.39793168391183,0.090625,Puntarenas_OTROS_Hidrometereológico
-0.12654513549540325,0.8755025586286054,9916,GPD,tail,21.39793168391183,0.090625,Puntarenas_OTROS_Hidrometereológico
-0.12654513549540325,0.8755025586286054,9917,GPD,tail,21.39793168391183,0.090625,Puntarenas_OTROS_Hidrometereológico
-0.12654513549540325,0.8755025586286054,9918,GPD,tail,21.39793168391183,0.090625,Puntarenas_OTROS_Hidrometereológico
-0.11901765184043174,0.8955251034283904,9919,GPD,tail,21.39793168391183,0.090625,Puntarenas_OTROS_Hidrometereológico
-0.11901765184043174,0.8955251034283904,9920,GPD,tail,21.39793168391183,0.090625,Puntarenas_OTROS_Hidrometereológico
-0.11901765184043174,0.8955251034283904,9921,GPD,tail,21.39793168391183,0.090625,Puntarenas_OTROS_Hidrometereológico
-0.11901765184043174,0.8955251034283904,9922,GPD,tail,21.39793168391183,0.090625,Puntarenas_OTROS_Hidrometereológico
-0.11901765184043174,0.8955251034283904,9923,GPD,tail,21.39793168391183,0.090625,Puntarenas_OTROS_Hidrometereológico
-0.11901765184043174,0.8955251034283904,9924,GPD,tail,21.39793168391183,0.090625,Puntarenas_OTROS_Hidrometereológico
-0.11901765184043174,0.8955251034283904,9925,GPD,tail,21.39793168391183,0.090625,Puntarenas_OTROS_Hidrometereológico
-0.11901765184043174,0.8955251034283904,9926,GPD,tail,21.39793168391183,0.090625,Puntarenas_OTROS_Hidrometereológico
-0.11901765184043174,0.8955251034283904,9927,GPD,tail,21.39793168391183,0.090625,Puntarenas_OTROS_Hidrometereológico
0.014537578660406295,0.711889229157429,9928,GPD,tail,21.39793168391183,0.090625,Puntarenas_OTROS_Hidrometereológico
-0.08190182002519314,0.7996135849543647,9929,GPD,tail,21.39793168391183,0.090625,Puntarenas_OTROS_Hidrometereológico
-0.08190182002519314,0.7996135849543647,9930,GPD,tail,21.39793168391183,0.090625,Puntarenas_OTROS_Hidrometereológico
-0.08190182002519314,0.7996135849543647,9931,GPD,tail,21.39793168391183,0.090625,Puntarenas_OTROS_Hidrometereológico
-0.08190182002519314,0.7996135849543647,9932,GPD,tail,21.39793168391183,0.090625,Puntarenas_OTROS_Hidrometereológico
-0.08190182002519314,0.7996135849543647,9933,GPD,tail,21.39793168391183,0.090625,Puntarenas_OTROS_Hidrometereológico
-0.09303038752375233,0.9684270806087263,9934,GPD,tail,21.39793168391183,0.090625,Puntarenas_OTROS_Hidrometereológico
-0.09303038752375233,0.9684270806087263,9935,GPD,tail,21.39793168391183,0.090625,Puntarenas_OTROS_Hidrometereológico
-0.09303038752375233,0.9684270806087263,9936,GPD,tail,21.39793168391183,0.090625,Puntarenas_OTROS_Hidrometereológico
-0.09303038752375233,0.9684270806087263,9937,GPD,tail,21.39793168391183,0.090625,Puntarenas_OTROS_Hidrometereológico
-0.07814387444719467,0.8463411192536059,9938,GPD,tail,21.39793168391183,0.090625,Puntarenas_OTROS_Hidrometereológico
-0.07814387444719467,0.8463411192536059,9939,GPD,tail,21.39793168391183,0.090625,Puntarenas_OTROS_Hidrometereológico
-0.07814387444719467,0.8463411192536059,9940,GPD,tail,21.39793168391183,0.090625,Puntarenas_OTROS_Hidrometereológico
-0.07814387444719467,0.8463411192536059,9941,GPD,tail,21.39793168391183,0.090625,Puntarenas_OTROS_Hidrometereológico
-0.07814387444719467,0.8463411192536059,9942,GPD,tail,21.39793168391183,0.090625,Puntarenas_OTROS_Hidrometereológico
-0.07814387444719467,0.8463411192536059,9943,GPD,tail,21.39793168391183,0.090625,Puntarenas_OTROS_Hidrometereológico
-0.07814387444719467,0.8463411192536059,9944,GPD,tail,21.39793168391183,0.090625,Puntarenas_OTROS_Hidrometereológico
0.056780155172839075,0.8822663000654591,9945,GPD,tail,21.39793168391183,0.090625,Puntarenas_OTROS_Hidrometereológico
0.056780155172839075,0.8822663000654591,9946,GPD,tail,21.39793168391183,0.090625,Puntarenas_OTROS_Hidrometereológico
0.056780155172839075,0.8822663000654591,9947,GPD,tail,21.39793168391183,0.090625,Puntarenas_OTROS_Hidrometereológico
0.056780155172839075,0.8822663000654591,9948,GPD,tail,21.39793168391183,0.090625,Puntarenas_OTROS_Hidrometereológico
0.056780155172839075,0.8822663000654591,9949,GPD,tail,21.39793168391183,0.090625,Puntarenas_OTROS_Hidrometereológico
0.056780155172839075,0.8822663000654591,9950,GPD,tail,21.39793168391183,0.090625,Puntarenas_OTROS_Hidrometereológico
0.056780155172839075,0.8822663000654591,9951,GPD,tail,21.39793168391183,0.090625,Puntarenas_OTROS_Hidrometereológico
0.056780155172839075,0.8822663000654591,9952,GPD,tail,21.39793168391183,0.090625,Puntarenas_OTROS_Hidrometereológico
0.056780155172839075,0.8822663000654591,9953,GPD,tail,21.39793168391183,0.090625,Puntarenas_OTROS_Hidrometereológico
0.056780155172839075,0.8822663000654591,9954,GPD,tail,21.39793168391183,0.090625,Puntarenas_OTROS_Hidrometereológico
0.056780155172839075,0.8822663000654591,9955,GPD,tail,21.39793168391183,0.090625,Puntarenas_OTROS_Hidrometereológico
0.056780155172839075,0.8822663000654591,9956,GPD,tail,21.39793168391183,0.090625,Puntarenas_OTROS_Hidrometereológico
0.16242472453797754,0.7435222086614971,9957,GPD,tail,21.39793168391183,0.090625,Puntarenas_OTROS_Hidrometereológico
0.057457048645697256,0.8812755875237263,9958,GPD,tail,21.39793168391183,0.090625,Puntarenas_OTROS_Hidrometereológico
0.057457048645697256,0.8812755875237263,9959,GPD,tail,21.39793168391183,0.090625,Puntarenas_OTROS_Hidrometereológico
0.057457048645697256,0.8812755875237263,9960,GPD,tail,21.39793168391183,0.090625,Puntarenas_OTROS_Hidrometereológico
0.057457048645697256,0.8812755875237263,9961,GPD,tail,21.39793168391183,0.090625,Puntarenas_OTROS_Hidrometereológico
0.057457048645697256,0.8812755875237263,9962,GPD,tail,21.39793168391183,0.090625,Puntarenas_OTROS_Hidrometereológico
0.057457048645697256,0.8812755875237263,9963,GPD,tail,21.39793168391183,0.090625,Puntarenas_OTROS_Hidrometereológico
0.057457048645697256,0.8812755875237263,9964,GPD,tail,21.39793168391183,0.090625,Puntarenas_OTROS_Hidrometereológico
0.057457048645697256,0.8812755875237263,9965,GPD,tail,21.39793168391183,0.090625,Puntarenas_OTROS_Hidrometereológico
-0.045028124853108045,0.7560728871438551,9966,GPD,tail,21.39793168391183,0.090625,Puntarenas_OTROS_Hidrometereológico
-0.019546593289215184,0.8823484967203565,9967,GPD,tail,21.39793168391183,0.090625,Puntarenas_OTROS_Hidrometereológico
-0.019546593289215184,0.8823484967203565,9968,GPD,tail,21.39793168391183,0.090625,Puntarenas_OTROS_Hidrometereológico
-0.019546593289215184,0.8823484967203565,9969,GPD,tail,21.39793168391183,0.090625,Puntarenas_OTROS_Hidrometereológico
-0.019546593289215184,0.8823484967203565,9970,GPD,tail,21.39793168391183,0.090625,Puntarenas_OTROS_Hidrometereológico
-0.019546593289215184,0.8823484967203565,9971,GPD,tail,21.39793168391183,0.090625,Puntarenas_OTROS_Hidrometereológico
-0.019546593289215184,0.8823484967203565,9972,GPD,tail,21.39793168391183,0.090625,Puntarenas_OTROS_Hidrometereológico
-0.019546593289215184,0.8823484967203565,9973,GPD,tail,21.39793168391183,0.090625,Puntarenas_OTROS_Hidrometereológico
-0.019546593289215184,0.8823484967203565,9974,GPD,tail,21.39793168391183,0.090625,Puntarenas_OTROS_Hidrometereológico
-0.019546593289215184,0.8823484967203565,9975,GPD,tail,21.39793168391183,0.090625,Puntarenas_OTROS_Hidrometereológico
-0.019546593289215184,0.8823484967203565,9976,GPD,tail,21.39793168391183,0.090625,Puntarenas_OTROS_Hidrometereológico
-0.019546593289215184,0.8823484967203565,9977,GPD,tail,21.39793168391183,0.090625,Puntarenas_OTROS_Hidrometereológico
-0.0901459828689299,0.886531123726782,9978,GPD,tail,21.39793168391183,0.090625,Puntarenas_OTROS_Hidrometereológico
-0.0901459828689299,0.886531123726782,9979,GPD,tail,21.39793168391183,0.090625,Puntarenas_OTROS_Hidrometereológico
-0.0901459828689299,0.886531123726782,9980,GPD,tail,21.39793168391183,0.090625,Puntarenas_OTROS_Hidrometereológico
-0.0901459828689299,0.886531123726782,9981,GPD,tail,21.39793168391183,0.090625,Puntarenas_OTROS_Hidrometereológico
-0.0901459828689299,0.886531123726782,9982,GPD,tail,21.39793168391183,0.090625,Puntarenas_OTROS_Hidrometereológico
-0.0901459828689299,0.886531123726782,9983,GPD,tail,21.39793168391183,0.090625,Puntarenas_OTROS_Hidrometereológico
-0.0901459828689299,0.886531123726782,9984,GPD,tail,21.39793168391183,0.090625,Puntarenas_OTROS_Hidrometereológico
-0.08252418551679422,0.9194947101075135,9985,GPD,tail,21.39793168391183,0.090625,Puntarenas_OTROS_Hidrometereológico
-0.11824900065254368,0.9367309504932574,9986,GPD,tail,21.39793168391183,0.090625,Puntarenas_OTROS_Hidrometereológico
-0.11824900065254368,0.9367309504932574,9987,GPD,tail,21.39793168391183,0.090625,Puntarenas_OTROS_Hidrometereológico
-0.11824900065254368,0.9367309504932574,9988,GPD,tail,21.39793168391183,0.090625,Puntarenas_OTROS_Hidrometereológico
-0.11824900065254368,0.9367309504932574,9989,GPD,tail,21.39793168391183,0.090625,Puntarenas_OTROS_Hidrometereológico
-0.11824900065254368,0.9367309504932574,9990,GPD,tail,21.39793168391183,0.090625,Puntarenas_OTROS_Hidrometereológico
-0.11824900065254368,0.9367309504932574,9991,GPD,tail,21.39793168391183,0.090625,Puntarenas_OTROS_Hidrometereológico
-0.11824900065254368,0.9367309504932574,9992,GPD,tail,21.39793168391183,0.090625,Puntarenas_OTROS_Hidrometereológico
-0.11824900065254368,0.9367309504932574,9993,GPD,tail,21.39793168391183,0.090625,Puntarenas_OTROS_Hidrometereológico
-0.11824900065254368,0.9367309504932574,9994,GPD,tail,21.39793168391183,0.090625,Puntarenas_OTROS_Hidrometereológico
-0.11824900065254368,0.9367309504932574,9995,GPD,tail,21.39793168391183,0.090625,Puntarenas_OTROS_Hidrometereológico
-0.11824900065254368,0.9367309504932574,9996,GPD,tail,21.39793168391183,0.090625,Puntarenas_OTROS_Hidrometereológico
-0.11824900065254368,0.9367309504932574,9997,GPD,tail,21.39793168391183,0.090625,Puntarenas_OTROS_Hidrometereológico
-0.11824900065254368,0.9367309504932574,9998,GPD,tail,21.39793168391183,0.090625,Puntarenas_OTROS_Hidrometereológico
-0.11824900065254368,0.9367309504932574,9999,GPD,tail,21.39793168391183,0.090625,Puntarenas_OTROS_Hidrometereológico
-0.11824900065254368,0.9367309504932574,10000,GPD,tail,21.39793168391183,0.090625,Puntarenas_OTROS_Hidrometereológico
-0.11824900065254368,0.9367309504932574,10001,GPD,tail,21.39793168391183,0.090625,Puntarenas_OTROS_Hidrometereológico
-0.11824900065254368,0.9367309504932574,10002,GPD,tail,21.39793168391183,0.090625,Puntarenas_OTROS_Hidrometereológico
-0.11824900065254368,0.9367309504932574,10003,GPD,tail,21.39793168391183,0.090625,Puntarenas_OTROS_Hidrometereológico
-0.11824900065254368,0.9367309504932574,10004,GPD,tail,21.39793168391183,0.090625,Puntarenas_OTROS_Hidrometereológico
-0.11824900065254368,0.9367309504932574,10005,GPD,tail,21.39793168391183,0.090625,Puntarenas_OTROS_Hidrometereológico
-0.11824900065254368,0.9367309504932574,10006,GPD,tail,21.39793168391183,0.090625,Puntarenas_OTROS_Hidrometereológico
-0.11824900065254368,0.9367309504932574,10007,GPD,tail,21.39793168391183,0.090625,Puntarenas_OTROS_Hidrometereológico
-0.11824900065254368,0.9367309504932574,10008,GPD,tail,21.39793168391183,0.090625,Puntarenas_OTROS_Hidrometereológico
-0.023209816054864288,0.866346057520098,10009,GPD,tail,21.39793168391183,0.090625,Puntarenas_OTROS_Hidrometereológico
-0.023209816054864288,0.866346057520098,10010,GPD,tail,21.39793168391183,0.090625,Puntarenas_OTROS_Hidrometereológico
-0.023209816054864288,0.866346057520098,10011,GPD,tail,21.39793168391183,0.090625,Puntarenas_OTROS_Hidrometereológico
-0.023209816054864288,0.866346057520098,10012,GPD,tail,21.39793168391183,0.090625,Puntarenas_OTROS_Hidrometereológico
-0.11578012171015849,0.8524154670652553,10013,GPD,tail,21.39793168391183,0.090625,Puntarenas_OTROS_Hidrometereológico
-0.11578012171015849,0.8524154670652553,10014,GPD,tail,21.39793168391183,0.090625,Puntarenas_OTROS_Hidrometereológico
-0.11578012171015849,0.8524154670652553,10015,GPD,tail,21.39793168391183,0.090625,Puntarenas_OTROS_Hidrometereológico
-0.11578012171015849,0.8524154670652553,10016,GPD,tail,21.39793168391183,0.090625,Puntarenas_OTROS_Hidrometereológico
-0.11578012171015849,0.8524154670652553,10017,GPD,tail,21.39793168391183,0.090625,Puntarenas_OTROS_Hidrometereológico
-0.11578012171015849,0.8524154670652553,10018,GPD,tail,21.39793168391183,0.090625,Puntarenas_OTROS_Hidrometereológico
-0.11578012171015849,0.8524154670652553,10019,GPD,tail,21.39793168391183,0.090625,Puntarenas_OTROS_Hidrometereológico
-0.11578012171015849,0.8524154670652553,10020,GPD,tail,21.39793168391183,0.090625,Puntarenas_OTROS_Hidrometereológico
-0.11578012171015849,0.8524154670652553,10021,GPD,tail,21.39793168391183,0.090625,Puntarenas_OTROS_Hidrometereológico
-0.11578012171015849,0.8524154670652553,10022,GPD,tail,21.39793168391183,0.090625,Puntarenas_OTROS_Hidrometereológico
-0.11578012171015849,0.8524154670652553,10023,GPD,tail,21.39793168391183,0.090625,Puntarenas_OTROS_Hidrometereológico
-0.11578012171015849,0.8524154670652553,10024,GPD,tail,21.39793168391183,0.090625,Puntarenas_OTROS_Hidrometereológico
-0.11578012171015849,0.8524154670652553,10025,GPD,tail,21.39793168391183,0.090625,Puntarenas_OTROS_Hidrometereológico
-0.11578012171015849,0.8524154670652553,10026,GPD,tail,21.39793168391183,0.090625,Puntarenas_OTROS_Hidrometereológico
-0.11578012171015849,0.8524154670652553,10027,GPD,tail,21.39793168391183,0.090625,Puntarenas_OTROS_Hidrometereológico
-0.11578012171015849,0.8524154670652553,10028,GPD,tail,21.39793168391183,0.090625,Puntarenas_OTROS_Hidrometereológico
-0.11578012171015849,0.8524154670652553,10029,GPD,tail,21.39793168391183,0.090625,Puntarenas_OTROS_Hidrometereológico
-0.11578012171015849,0.8524154670652553,10030,GPD,tail,21.39793168391183,0.090625,Puntarenas_OTROS_Hidrometereológico
-0.11578012171015849,0.8524154670652553,10031,GPD,tail,21.39793168391183,0.090625,Puntarenas_OTROS_Hidrometereológico
-0.11578012171015849,0.8524154670652553,10032,GPD,tail,21.39793168391183,0.090625,Puntarenas_OTROS_Hidrometereológico
-0.11578012171015849,0.8524154670652553,10033,GPD,tail,21.39793168391183,0.090625,Puntarenas_OTROS_Hidrometereológico
-0.11578012171015849,0.8524154670652553,10034,GPD,tail,21.39793168391183,0.090625,Puntarenas_OTROS_Hidrometereológico
-0.11578012171015849,0.8524154670652553,10035,GPD,tail,21.39793168391183,0.090625,Puntarenas_OTROS_Hidrometereológico
-0.11578012171015849,0.8524154670652553,10036,GPD,tail,21.39793168391183,0.090625,Puntarenas_OTROS_Hidrometereológico
-0.11578012171015849,0.8524154670652553,10037,GPD,tail,21.39793168391183,0.090625,Puntarenas_OTROS_Hidrometereológico
-0.11578012171015849,0.8524154670652553,10038,GPD,tail,21.39793168391183,0.090625,Puntarenas_OTROS_Hidrometereológico
-0.12736620483412567,0.9647439648500291,10039,GPD,tail,21.39793168391183,0.090625,Puntarenas_OTROS_Hidrometereológico
-0.12736620483412567,0.9647439648500291,10040,GPD,tail,21.39793168391183,0.090625,Puntarenas_OTROS_Hidrometereológico
-0.12736620483412567,0.9647439648500291,10041,GPD,tail,21.39793168391183,0.090625,Puntarenas_OTROS_Hidrometereológico
-0.12736620483412567,0.9647439648500291,10042,GPD,tail,21.39793168391183,0.090625,Puntarenas_OTROS_Hidrometereológico
-0.12736620483412567,0.9647439648500291,10043,GPD,tail,21.39793168391183,0.090625,Puntarenas_OTROS_Hidrometereológico
-0.12736620483412567,0.9647439648500291,10044,GPD,tail,21.39793168391183,0.090625,Puntarenas_OTROS_Hidrometereológico
-0.12736620483412567,0.9647439648500291,10045,GPD,tail,21.39793168391183,0.090625,Puntarenas_OTROS_Hidrometereológico
-0.12736620483412567,0.9647439648500291,10046,GPD,tail,21.39793168391183,0.090625,Puntarenas_OTROS_Hidrometereológico
-0.12736620483412567,0.9647439648500291,10047,GPD,tail,21.39793168391183,0.090625,Puntarenas_OTROS_Hidrometereológico
-0.12736620483412567,0.9647439648500291,10048,GPD,tail,21.39793168391183,0.090625,Puntarenas_OTROS_Hidrometereológico
-0.12736620483412567,0.9647439648500291,10049,GPD,tail,21.39793168391183,0.090625,Puntarenas_OTROS_Hidrometereológico
-0.12736620483412567,0.9647439648500291,10050,GPD,tail,21.39793168391183,0.090625,Puntarenas_OTROS_Hidrometereológico
-0.12736620483412567,0.9647439648500291,10051,GPD,tail,21.39793168391183,0.090625,Puntarenas_OTROS_Hidrometereológico
-0.12736620483412567,0.9647439648500291,10052,GPD,tail,21.39793168391183,0.090625,Puntarenas_OTROS_Hidrometereológico
-0.12736620483412567,0.9647439648500291,10053,GPD,tail,21.39793168391183,0.090625,Puntarenas_OTROS_Hidrometereológico
-0.12736620483412567,0.9647439648500291,10054,GPD,tail,21.39793168391183,0.090625,Puntarenas_OTROS_Hidrometereológico
-0.12736620483412567,0.9647439648500291,10055,GPD,tail,21.39793168391183,0.090625,Puntarenas_OTROS_Hidrometereológico
-0.12736620483412567,0.9647439648500291,10056,GPD,tail,21.39793168391183,0.090625,Puntarenas_OTROS_Hidrometereológico
-0.12736620483412567,0.9647439648500291,10057,GPD,tail,21.39793168391183,0.090625,Puntarenas_OTROS_Hidrometereológico
-0.12736620483412567,0.9647439648500291,10058,GPD,tail,21.39793168391183,0.090625,Puntarenas_OTROS_Hidrometereológico
-0.12736620483412567,0.9647439648500291,10059,GPD,tail,21.39793168391183,0.090625,Puntarenas_OTROS_Hidrometereológico
-0.12736620483412567,0.9647439648500291,10060,GPD,tail,21.39793168391183,0.090625,Puntarenas_OTROS_Hidrometereológico
-0.12736620483412567,0.9647439648500291,10061,GPD,tail,21.39793168391183,0.090625,Puntarenas_OTROS_Hidrometereológico
-0.12736620483412567,0.9647439648500291,10062,GPD,tail,21.39793168391183,0.090625,Puntarenas_OTROS_Hidrometereológico
-0.12736620483412567,0.9647439648500291,10063,GPD,tail,21.39793168391183,0.090625,Puntarenas_OTROS_Hidrometereológico
-0.12736620483412567,0.9647439648500291,10064,GPD,tail,21.39793168391183,0.090625,Puntarenas_OTROS_Hidrometereológico
-0.12736620483412567,0.9647439648500291,10065,GPD,tail,21.39793168391183,0.090625,Puntarenas_OTROS_Hidrometereológico
-0.12736620483412567,0.9647439648500291,10066,GPD,tail,21.39793168391183,0.090625,Puntarenas_OTROS_Hidrometereológico
-0.15594391083709583,0.9388750796458236,10067,GPD,tail,21.39793168391183,0.090625,Puntarenas_OTROS_Hidrometereológico
-0.15594391083709583,0.9388750796458236,10068,GPD,tail,21.39793168391183,0.090625,Puntarenas_OTROS_Hidrometereológico
-0.15594391083709583,0.9388750796458236,10069,GPD,tail,21.39793168391183,0.090625,Puntarenas_OTROS_Hidrometereológico
-0.15594391083709583,0.9388750796458236,10070,GPD,tail,21.39793168391183,0.090625,Puntarenas_OTROS_Hidrometereológico
-0.15594391083709583,0.9388750796458236,10071,GPD,tail,21.39793168391183,0.090625,Puntarenas_OTROS_Hidrometereológico
-0.15594391083709583,0.9388750796458236,10072,GPD,tail,21.39793168391183,0.090625,Puntarenas_OTROS_Hidrometereológico
-0.14302386898015218,0.9577765938786706,10073,GPD,tail,21.39793168391183,0.090625,Puntarenas_OTROS_Hidrometereológico
-0.14302386898015218,0.9577765938786706,10074,GPD,tail,21.39793168391183,0.090625,Puntarenas_OTROS_Hidrometereológico
-0.14302386898015218,0.9577765938786706,10075,GPD,tail,21.39793168391183,0.090625,Puntarenas_OTROS_Hidrometereológico
-0.14302386898015218,0.9577765938786706,10076,GPD,tail,21.39793168391183,0.090625,Puntarenas_OTROS_Hidrometereológico
-0.14302386898015218,0.9577765938786706,10077,GPD,tail,21.39793168391183,0.090625,Puntarenas_OTROS_Hidrometereológico
-0.14302386898015218,0.9577765938786706,10078,GPD,tail,21.39793168391183,0.090625,Puntarenas_OTROS_Hidrometereológico
-0.14302386898015218,0.9577765938786706,10079,GPD,tail,21.39793168391183,0.090625,Puntarenas_OTROS_Hidrometereológico
-0.14302386898015218,0.9577765938786706,10080,GPD,tail,21.39793168391183,0.090625,Puntarenas_OTROS_Hidrometereológico
-0.14302386898015218,0.9577765938786706,10081,GPD,tail,21.39793168391183,0.090625,Puntarenas_OTROS_Hidrometereológico
-0.14302386898015218,0.9577765938786706,10082,GPD,tail,21.39793168391183,0.090625,Puntarenas_OTROS_Hidrometereológico
-0.14302386898015218,0.9577765938786706,10083,GPD,tail,21.39793168391183,0.090625,Puntarenas_OTROS_Hidrometereológico
-0.14302386898015218,0.9577765938786706,10084,GPD,tail,21.39793168391183,0.090625,Puntarenas_OTROS_Hidrometereológico
-0.14302386898015218,0.9577765938786706,10085,GPD,tail,21.39793168391183,0.090625,Puntarenas_OTROS_Hidrometereológico
-0.14302386898015218,0.9577765938786706,10086,GPD,tail,21.39793168391183,0.090625,Puntarenas_OTROS_Hidrometereológico
-0.14302386898015218,0.9577765938786706,10087,GPD,tail,21.39793168391183,0.090625,Puntarenas_OTROS_Hidrometereológico
-0.14302386898015218,0.9577765938786706,10088,GPD,tail,21.39793168391183,0.090625,Puntarenas_OTROS_Hidrometereológico
-0.14302386898015218,0.9577765938786706,10089,GPD,tail,21.39793168391183,0.090625,Puntarenas_OTROS_Hidrometereológico
-0.14302386898015218,0.9577765938786706,10090,GPD,tail,21.39793168391183,0.090625,Puntarenas_OTROS_Hidrometereológico
-0.14302386898015218,0.9577765938786706,10091,GPD,tail,21.39793168391183,0.090625,Puntarenas_OTROS_Hidrometereológico
0.003924308299551343,0.7724681267836574,10092,GPD,tail,21.39793168391183,0.090625,Puntarenas_OTROS_Hidrometereológico
0.003924308299551343,0.7724681267836574,10093,GPD,tail,21.39793168391183,0.090625,Puntarenas_OTROS_Hidrometereológico
-0.08614141082737511,1.00508884802508,10094,GPD,tail,21.39793168391183,0.090625,Puntarenas_OTROS_Hidrometereológico
-0.08614141082737511,1.00508884802508,10095,GPD,tail,21.39793168391183,0.090625,Puntarenas_OTROS_Hidrometereológico
-0.08614141082737511,1.00508884802508,10096,GPD,tail,21.39793168391183,0.090625,Puntarenas_OTROS_Hidrometereológico
-0.08614141082737511,1.00508884802508,10097,GPD,tail,21.39793168391183,0.090625,Puntarenas_OTROS_Hidrometereológico
-0.08614141082737511,1.00508884802508,10098,GPD,tail,21.39793168391183,0.090625,Puntarenas_OTROS_Hidrometereológico
-0.08614141082737511,1.00508884802508,10099,GPD,tail,21.39793168391183,0.090625,Puntarenas_OTROS_Hidrometereológico
-0.08614141082737511,1.00508884802508,10100,GPD,tail,21.39793168391183,0.090625,Puntarenas_OTROS_Hidrometereológico
-0.08614141082737511,1.00508884802508,10101,GPD,tail,21.39793168391183,0.090625,Puntarenas_OTROS_Hidrometereológico
-0.08614141082737511,1.00508884802508,10102,GPD,tail,21.39793168391183,0.090625,Puntarenas_OTROS_Hidrometereológico
-0.08614141082737511,1.00508884802508,10103,GPD,tail,21.39793168391183,0.090625,Puntarenas_OTROS_Hidrometereológico
-0.08614141082737511,1.00508884802508,10104,GPD,tail,21.39793168391183,0.090625,Puntarenas_OTROS_Hidrometereológico
-0.08614141082737511,1.00508884802508,10105,GPD,tail,21.39793168391183,0.090625,Puntarenas_OTROS_Hidrometereológico
-0.08614141082737511,1.00508884802508,10106,GPD,tail,21.39793168391183,0.090625,Puntarenas_OTROS_Hidrometereológico
-0.08614141082737511,1.00508884802508,10107,GPD,tail,21.39793168391183,0.090625,Puntarenas_OTROS_Hidrometereológico
-0.08614141082737511,1.00508884802508,10108,GPD,tail,21.39793168391183,0.090625,Puntarenas_OTROS_Hidrometereológico
-0.08614141082737511,1.00508884802508,10109,GPD,tail,21.39793168391183,0.090625,Puntarenas_OTROS_Hidrometereológico
-0.08614141082737511,1.00508884802508,10110,GPD,tail,21.39793168391183,0.090625,Puntarenas_OTROS_Hidrometereológico
-0.08614141082737511,1.00508884802508,10111,GPD,tail,21.39793168391183,0.090625,Puntarenas_OTROS_Hidrometereológico
-0.08614141082737511,1.00508884802508,10112,GPD,tail,21.39793168391183,0.090625,Puntarenas_OTROS_Hidrometereológico
-0.08614141082737511,1.00508884802508,10113,GPD,tail,21.39793168391183,0.090625,Puntarenas_OTROS_Hidrometereológico
-0.07353908063387153,0.9276134807311663,10114,GPD,tail,21.39793168391183,0.090625,Puntarenas_OTROS_Hidrometereológico
-0.07353908063387153,0.9276134807311663,10115,GPD,tail,21.39793168391183,0.090625,Puntarenas_OTROS_Hidrometereológico
-0.07353908063387153,0.9276134807311663,10116,GPD,tail,21.39793168391183,0.090625,Puntarenas_OTROS_Hidrometereológico
-0.07353908063387153,0.9276134807311663,10117,GPD,tail,21.39793168391183,0.090625,Puntarenas_OTROS_Hidrometereológico
-0.07353908063387153,0.9276134807311663,10118,GPD,tail,21.39793168391183,0.090625,Puntarenas_OTROS_Hidrometereológico
-0.07353908063387153,0.9276134807311663,10119,GPD,tail,21.39793168391183,0.090625,Puntarenas_OTROS_Hidrometereológico
-0.07353908063387153,0.9276134807311663,10120,GPD,tail,21.39793168391183,0.090625,Puntarenas_OTROS_Hidrometereológico
0.01020167897576156,0.7679411895753543,10121,GPD,tail,21.39793168391183,0.090625,Puntarenas_OTROS_Hidrometereológico
0.01020167897576156,0.7679411895753543,10122,GPD,tail,21.39793168391183,0.090625,Puntarenas_OTROS_Hidrometereológico
0.01020167897576156,0.7679411895753543,10123,GPD,tail,21.39793168391183,0.090625,Puntarenas_OTROS_Hidrometereológico
0.01020167897576156,0.7679411895753543,10124,GPD,tail,21.39793168391183,0.090625,Puntarenas_OTROS_Hidrometereológico
0.01020167897576156,0.7679411895753543,10125,GPD,tail,21.39793168391183,0.090625,Puntarenas_OTROS_Hidrometereológico
0.01020167897576156,0.7679411895753543,10126,GPD,tail,21.39793168391183,0.090625,Puntarenas_OTROS_Hidrometereológico
0.01020167897576156,0.7679411895753543,10127,GPD,tail,21.39793168391183,0.090625,Puntarenas_OTROS_Hidrometereológico
0.01020167897576156,0.7679411895753543,10128,GPD,tail,21.39793168391183,0.090625,Puntarenas_OTROS_Hidrometereológico
0.01020167897576156,0.7679411895753543,10129,GPD,tail,21.39793168391183,0.090625,Puntarenas_OTROS_Hidrometereológico
0.01020167897576156,0.7679411895753543,10130,GPD,tail,21.39793168391183,0.090625,Puntarenas_OTROS_Hidrometereológico
0.01020167897576156,0.7679411895753543,10131,GPD,tail,21.39793168391183,0.090625,Puntarenas_OTROS_Hidrometereológico
0.01020167897576156,0.7679411895753543,10132,GPD,tail,21.39793168391183,0.090625,Puntarenas_OTROS_Hidrometereológico
0.01020167897576156,0.7679411895753543,10133,GPD,tail,21.39793168391183,0.090625,Puntarenas_OTROS_Hidrometereológico
0.01020167897576156,0.7679411895753543,10134,GPD,tail,21.39793168391183,0.090625,Puntarenas_OTROS_Hidrometereológico
0.01020167897576156,0.7679411895753543,10135,GPD,tail,21.39793168391183,0.090625,Puntarenas_OTROS_Hidrometereológico
0.01020167897576156,0.7679411895753543,10136,GPD,tail,21.39793168391183,0.090625,Puntarenas_OTROS_Hidrometereológico
0.01020167897576156,0.7679411895753543,10137,GPD,tail,21.39793168391183,0.090625,Puntarenas_OTROS_Hidrometereológico
0.01020167897576156,0.7679411895753543,10138,GPD,tail,21.39793168391183,0.090625,Puntarenas_OTROS_Hidrometereológico
0.01020167897576156,0.7679411895753543,10139,GPD,tail,21.39793168391183,0.090625,Puntarenas_OTROS_Hidrometereológico
0.01020167897576156,0.7679411895753543,10140,GPD,tail,21.39793168391183,0.090625,Puntarenas_OTROS_Hidrometereológico
0.01020167897576156,0.7679411895753543,10141,GPD,tail,21.39793168391183,0.090625,Puntarenas_OTROS_Hidrometereológico
0.01020167897576156,0.7679411895753543,10142,GPD,tail,21.39793168391183,0.090625,Puntarenas_OTROS_Hidrometereológico
0.01020167897576156,0.7679411895753543,10143,GPD,tail,21.39793168391183,0.090625,Puntarenas_OTROS_Hidrometereológico
-0.08122972544473689,0.8940264885456692,10144,GPD,tail,21.39793168391183,0.090625,Puntarenas_OTROS_Hidrometereológico
-0.1530308534164429,0.9433774194639782,10145,GPD,tail,21.39793168391183,0.090625,Puntarenas_OTROS_Hidrometereológico
-0.1530308534164429,0.9433774194639782,10146,GPD,tail,21.39793168391183,0.090625,Puntarenas_OTROS_Hidrometereológico
-0.1530308534164429,0.9433774194639782,10147,GPD,tail,21.39793168391183,0.090625,Puntarenas_OTROS_Hidrometereológico
-0.1530308534164429,0.9433774194639782,10148,GPD,tail,21.39793168391183,0.090625,Puntarenas_OTROS_Hidrometereológico
-0.1530308534164429,0.9433774194639782,10149,GPD,tail,21.39793168391183,0.090625,Puntarenas_OTROS_Hidrometereológico
-0.1530308534164429,0.9433774194639782,10150,GPD,tail,21.39793168391183,0.090625,Puntarenas_OTROS_Hidrometereológico
-0.1530308534164429,0.9433774194639782,10151,GPD,tail,21.39793168391183,0.090625,Puntarenas_OTROS_Hidrometereológico
-0.1530308534164429,0.9433774194639782,10152,GPD,tail,21.39793168391183,0.090625,Puntarenas_OTROS_Hidrometereológico
-0.1530308534164429,0.9433774194639782,10153,GPD,tail,21.39793168391183,0.090625,Puntarenas_OTROS_Hidrometereológico
-0.1530308534164429,0.9433774194639782,10154,GPD,tail,21.39793168391183,0.090625,Puntarenas_OTROS_Hidrometereológico
-0.1530308534164429,0.9433774194639782,10155,GPD,tail,21.39793168391183,0.090625,Puntarenas_OTROS_Hidrometereológico
-0.1530308534164429,0.9433774194639782,10156,GPD,tail,21.39793168391183,0.090625,Puntarenas_OTROS_Hidrometereológico
-0.1530308534164429,0.9433774194639782,10157,GPD,tail,21.39793168391183,0.090625,Puntarenas_OTROS_Hidrometereológico
-0.1530308534164429,0.9433774194639782,10158,GPD,tail,21.39793168391183,0.090625,Puntarenas_OTROS_Hidrometereológico
-0.1530308534164429,0.9433774194639782,10159,GPD,tail,21.39793168391183,0.090625,Puntarenas_OTROS_Hidrometereológico
-0.1530308534164429,0.9433774194639782,10160,GPD,tail,21.39793168391183,0.090625,Puntarenas_OTROS_Hidrometereológico
-0.1530308534164429,0.9433774194639782,10161,GPD,tail,21.39793168391183,0.090625,Puntarenas_OTROS_Hidrometereológico
-0.1530308534164429,0.9433774194639782,10162,GPD,tail,21.39793168391183,0.090625,Puntarenas_OTROS_Hidrometereológico
-0.1530308534164429,0.9433774194639782,10163,GPD,tail,21.39793168391183,0.090625,Puntarenas_OTROS_Hidrometereológico
-0.1530308534164429,0.9433774194639782,10164,GPD,tail,21.39793168391183,0.090625,Puntarenas_OTROS_Hidrometereológico
-0.1530308534164429,0.9433774194639782,10165,GPD,tail,21.39793168391183,0.090625,Puntarenas_OTROS_Hidrometereológico
-0.1530308534164429,0.9433774194639782,10166,GPD,tail,21.39793168391183,0.090625,Puntarenas_OTROS_Hidrometereológico
-0.1530308534164429,0.9433774194639782,10167,GPD,tail,21.39793168391183,0.090625,Puntarenas_OTROS_Hidrometereológico
-0.1530308534164429,0.9433774194639782,10168,GPD,tail,21.39793168391183,0.090625,Puntarenas_OTROS_Hidrometereológico
-0.1530308534164429,0.9433774194639782,10169,GPD,tail,21.39793168391183,0.090625,Puntarenas_OTROS_Hidrometereológico
-0.1530308534164429,0.9433774194639782,10170,GPD,tail,21.39793168391183,0.090625,Puntarenas_OTROS_Hidrometereológico
-0.1530308534164429,0.9433774194639782,10171,GPD,tail,21.39793168391183,0.090625,Puntarenas_OTROS_Hidrometereológico
-0.1530308534164429,0.9433774194639782,10172,GPD,tail,21.39793168391183,0.090625,Puntarenas_OTROS_Hidrometereológico
-0.1530308534164429,0.9433774194639782,10173,GPD,tail,21.39793168391183,0.090625,Puntarenas_OTROS_Hidrometereológico
-0.1530308534164429,0.9433774194639782,10174,GPD,tail,21.39793168391183,0.090625,Puntarenas_OTROS_Hidrometereológico
-0.1530308534164429,0.9433774194639782,10175,GPD,tail,21.39793168391183,0.090625,Puntarenas_OTROS_Hidrometereológico
-0.1530308534164429,0.9433774194639782,10176,GPD,tail,21.39793168391183,0.090625,Puntarenas_OTROS_Hidrometereológico
-0.1530308534164429,0.9433774194639782,10177,GPD,tail,21.39793168391183,0.090625,Puntarenas_OTROS_Hidrometereológico
-0.1530308534164429,0.9433774194639782,10178,GPD,tail,21.39793168391183,0.090625,Puntarenas_OTROS_Hidrometereológico
-0.1530308534164429,0.9433774194639782,10179,GPD,tail,21.39793168391183,0.090625,Puntarenas_OTROS_Hidrometereológico
-0.1530308534164429,0.9433774194639782,10180,GPD,tail,21.39793168391183,0.090625,Puntarenas_OTROS_Hidrometereológico
-0.1530308534164429,0.9433774194639782,10181,GPD,tail,21.39793168391183,0.090625,Puntarenas_OTROS_Hidrometereológico
-0.1530308534164429,0.9433774194639782,10182,GPD,tail,21.39793168391183,0.090625,Puntarenas_OTROS_Hidrometereológico
-0.1530308534164429,0.9433774194639782,10183,GPD,tail,21.39793168391183,0.090625,Puntarenas_OTROS_Hidrometereológico
-0.1530308534164429,0.9433774194639782,10184,GPD,tail,21.39793168391183,0.090625,Puntarenas_OTROS_Hidrometereológico
-0.1530308534164429,0.9433774194639782,10185,GPD,tail,21.39793168391183,0.090625,Puntarenas_OTROS_Hidrometereológico
-0.1530308534164429,0.9433774194639782,10186,GPD,tail,21.39793168391183,0.090625,Puntarenas_OTROS_Hidrometereológico
-0.1530308534164429,0.9433774194639782,10187,GPD,tail,21.39793168391183,0.090625,Puntarenas_OTROS_Hidrometereológico
-0.1530308534164429,0.9433774194639782,10188,GPD,tail,21.39793168391183,0.090625,Puntarenas_OTROS_Hidrometereológico
-0.1530308534164429,0.9433774194639782,10189,GPD,tail,21.39793168391183,0.090625,Puntarenas_OTROS_Hidrometereológico
-0.1530308534164429,0.9433774194639782,10190,GPD,tail,21.39793168391183,0.090625,Puntarenas_OTROS_Hidrometereológico
-0.1530308534164429,0.9433774194639782,10191,GPD,tail,21.39793168391183,0.090625,Puntarenas_OTROS_Hidrometereológico
-0.1530308534164429,0.9433774194639782,10192,GPD,tail,21.39793168391183,0.090625,Puntarenas_OTROS_Hidrometereológico
-0.1530308534164429,0.9433774194639782,10193,GPD,tail,21.39793168391183,0.090625,Puntarenas_OTROS_Hidrometereológico
-0.1530308534164429,0.9433774194639782,10194,GPD,tail,21.39793168391183,0.090625,Puntarenas_OTROS_Hidrometereológico
-0.1530308534164429,0.9433774194639782,10195,GPD,tail,21.39793168391183,0.090625,Puntarenas_OTROS_Hidrometereológico
-0.1530308534164429,0.9433774194639782,10196,GPD,tail,21.39793168391183,0.090625,Puntarenas_OTROS_Hidrometereológico
-0.1530308534164429,0.9433774194639782,10197,GPD,tail,21.39793168391183,0.090625,Puntarenas_OTROS_Hidrometereológico
-0.1530308534164429,0.9433774194639782,10198,GPD,tail,21.39793168391183,0.090625,Puntarenas_OTROS_Hidrometereológico
-0.1530308534164429,0.9433774194639782,10199,GPD,tail,21.39793168391183,0.090625,Puntarenas_OTROS_Hidrometereológico
-0.1530308534164429,0.9433774194639782,10200,GPD,tail,21.39793168391183,0.090625,Puntarenas_OTROS_Hidrometereológico
-0.1530308534164429,0.9433774194639782,10201,GPD,tail,21.39793168391183,0.090625,Puntarenas_OTROS_Hidrometereológico
-0.1530308534164429,0.9433774194639782,10202,GPD,tail,21.39793168391183,0.090625,Puntarenas_OTROS_Hidrometereológico
0.02378566840125948,0.7563370306793752,10203,GPD,tail,21.39793168391183,0.090625,Puntarenas_OTROS_Hidrometereológico
0.02378566840125948,0.7563370306793752,10204,GPD,tail,21.39793168391183,0.090625,Puntarenas_OTROS_Hidrometereológico
0.02378566840125948,0.7563370306793752,10205,GPD,tail,21.39793168391183,0.090625,Puntarenas_OTROS_Hidrometereológico
0.02378566840125948,0.7563370306793752,10206,GPD,tail,21.39793168391183,0.090625,Puntarenas_OTROS_Hidrometereológico
-0.0009012284900087007,0.8421778919588006,10207,GPD,tail,21.39793168391183,0.090625,Puntarenas_OTROS_Hidrometereológico
-0.0009012284900087007,0.8421778919588006,10208,GPD,tail,21.39793168391183,0.090625,Puntarenas_OTROS_Hidrometereológico
-0.0009012284900087007,0.8421778919588006,10209,GPD,tail,21.39793168391183,0.090625,Puntarenas_OTROS_Hidrometereológico
-0.0009012284900087007,0.8421778919588006,10210,GPD,tail,21.39793168391183,0.090625,Puntarenas_OTROS_Hidrometereológico
-0.0009012284900087007,0.8421778919588006,10211,GPD,tail,21.39793168391183,0.090625,Puntarenas_OTROS_Hidrometereológico
-0.0009012284900087007,0.8421778919588006,10212,GPD,tail,21.39793168391183,0.090625,Puntarenas_OTROS_Hidrometereológico
-0.0009012284900087007,0.8421778919588006,10213,GPD,tail,21.39793168391183,0.090625,Puntarenas_OTROS_Hidrometereológico
-0.0009012284900087007,0.8421778919588006,10214,GPD,tail,21.39793168391183,0.090625,Puntarenas_OTROS_Hidrometereológico
-0.0009012284900087007,0.8421778919588006,10215,GPD,tail,21.39793168391183,0.090625,Puntarenas_OTROS_Hidrometereológico
-0.0009012284900087007,0.8421778919588006,10216,GPD,tail,21.39793168391183,0.090625,Puntarenas_OTROS_Hidrometereológico
-0.0009012284900087007,0.8421778919588006,10217,GPD,tail,21.39793168391183,0.090625,Puntarenas_OTROS_Hidrometereológico
-0.0009012284900087007,0.8421778919588006,10218,GPD,tail,21.39793168391183,0.090625,Puntarenas_OTROS_Hidrometereológico
0.041754963077003104,0.7541194756676589,10219,GPD,tail,21.39793168391183,0.090625,Puntarenas_OTROS_Hidrometereológico
0.041754963077003104,0.7541194756676589,10220,GPD,tail,21.39793168391183,0.090625,Puntarenas_OTROS_Hidrometereológico
0.041754963077003104,0.7541194756676589,10221,GPD,tail,21.39793168391183,0.090625,Puntarenas_OTROS_Hidrometereológico
0.041754963077003104,0.7541194756676589,10222,GPD,tail,21.39793168391183,0.090625,Puntarenas_OTROS_Hidrometereológico
0.041754963077003104,0.7541194756676589,10223,GPD,tail,21.39793168391183,0.090625,Puntarenas_OTROS_Hidrometereológico
0.041754963077003104,0.7541194756676589,10224,GPD,tail,21.39793168391183,0.090625,Puntarenas_OTROS_Hidrometereológico
0.041754963077003104,0.7541194756676589,10225,GPD,tail,21.39793168391183,0.090625,Puntarenas_OTROS_Hidrometereológico
0.041754963077003104,0.7541194756676589,10226,GPD,tail,21.39793168391183,0.090625,Puntarenas_OTROS_Hidrometereológico
0.041754963077003104,0.7541194756676589,10227,GPD,tail,21.39793168391183,0.090625,Puntarenas_OTROS_Hidrometereológico
0.041754963077003104,0.7541194756676589,10228,GPD,tail,21.39793168391183,0.090625,Puntarenas_OTROS_Hidrometereológico
0.041754963077003104,0.7541194756676589,10229,GPD,tail,21.39793168391183,0.090625,Puntarenas_OTROS_Hidrometereológico
0.041754963077003104,0.7541194756676589,10230,GPD,tail,21.39793168391183,0.090625,Puntarenas_OTROS_Hidrometereológico
0.041754963077003104,0.7541194756676589,10231,GPD,tail,21.39793168391183,0.090625,Puntarenas_OTROS_Hidrometereológico
0.041754963077003104,0.7541194756676589,10232,GPD,tail,21.39793168391183,0.090625,Puntarenas_OTROS_Hidrometereológico
0.041754963077003104,0.7541194756676589,10233,GPD,tail,21.39793168391183,0.090625,Puntarenas_OTROS_Hidrometereológico
0.041754963077003104,0.7541194756676589,10234,GPD,tail,21.39793168391183,0.090625,Puntarenas_OTROS_Hidrometereológico
-0.06591984280817034,0.9035349622530062,10235,GPD,tail,21.39793168391183,0.090625,Puntarenas_OTROS_Hidrometereológico
-0.06591984280817034,0.9035349622530062,10236,GPD,tail,21.39793168391183,0.090625,Puntarenas_OTROS_Hidrometereológico
-0.06591984280817034,0.9035349622530062,10237,GPD,tail,21.39793168391183,0.090625,Puntarenas_OTROS_Hidrometereológico
-0.06591984280817034,0.9035349622530062,10238,GPD,tail,21.39793168391183,0.090625,Puntarenas_OTROS_Hidrometereológico
-0.06591984280817034,0.9035349622530062,10239,GPD,tail,21.39793168391183,0.090625,Puntarenas_OTROS_Hidrometereológico
-0.06591984280817034,0.9035349622530062,10240,GPD,tail,21.39793168391183,0.090625,Puntarenas_OTROS_Hidrometereológico
-0.11662321450253016,1.0401885965474384,10241,GPD,tail,21.39793168391183,0.090625,Puntarenas_OTROS_Hidrometereológico
-0.11662321450253016,1.0401885965474384,10242,GPD,tail,21.39793168391183,0.090625,Puntarenas_OTROS_Hidrometereológico
-0.08674276549041829,0.9882840755985308,10243,GPD,tail,21.39793168391183,0.090625,Puntarenas_OTROS_Hidrometereológico
-0.1054870840588101,0.8313903121310449,10244,GPD,tail,21.39793168391183,0.090625,Puntarenas_OTROS_Hidrometereológico
-0.1054870840588101,0.8313903121310449,10245,GPD,tail,21.39793168391183,0.090625,Puntarenas_OTROS_Hidrometereológico
-0.1054870840588101,0.8313903121310449,10246,GPD,tail,21.39793168391183,0.090625,Puntarenas_OTROS_Hidrometereológico
-0.1054870840588101,0.8313903121310449,10247,GPD,tail,21.39793168391183,0.090625,Puntarenas_OTROS_Hidrometereológico
-0.1054870840588101,0.8313903121310449,10248,GPD,tail,21.39793168391183,0.090625,Puntarenas_OTROS_Hidrometereológico
-0.1054870840588101,0.8313903121310449,10249,GPD,tail,21.39793168391183,0.090625,Puntarenas_OTROS_Hidrometereológico
-0.1054870840588101,0.8313903121310449,10250,GPD,tail,21.39793168391183,0.090625,Puntarenas_OTROS_Hidrometereológico
-0.1054870840588101,0.8313903121310449,10251,GPD,tail,21.39793168391183,0.090625,Puntarenas_OTROS_Hidrometereológico
-0.1054870840588101,0.8313903121310449,10252,GPD,tail,21.39793168391183,0.090625,Puntarenas_OTROS_Hidrometereológico
-0.1054870840588101,0.8313903121310449,10253,GPD,tail,21.39793168391183,0.090625,Puntarenas_OTROS_Hidrometereológico
-0.08534061884262975,0.7954285213321521,10254,GPD,tail,21.39793168391183,0.090625,Puntarenas_OTROS_Hidrometereológico
-0.08534061884262975,0.7954285213321521,10255,GPD,tail,21.39793168391183,0.090625,Puntarenas_OTROS_Hidrometereológico
-0.08534061884262975,0.7954285213321521,10256,GPD,tail,21.39793168391183,0.090625,Puntarenas_OTROS_Hidrometereológico
-0.08534061884262975,0.7954285213321521,10257,GPD,tail,21.39793168391183,0.090625,Puntarenas_OTROS_Hidrometereológico
-0.08534061884262975,0.7954285213321521,10258,GPD,tail,21.39793168391183,0.090625,Puntarenas_OTROS_Hidrometereológico
-0.08534061884262975,0.7954285213321521,10259,GPD,tail,21.39793168391183,0.090625,Puntarenas_OTROS_Hidrometereológico
-0.08534061884262975,0.7954285213321521,10260,GPD,tail,21.39793168391183,0.090625,Puntarenas_OTROS_Hidrometereológico
-0.08534061884262975,0.7954285213321521,10261,GPD,tail,21.39793168391183,0.090625,Puntarenas_OTROS_Hidrometereológico
-0.08534061884262975,0.7954285213321521,10262,GPD,tail,21.39793168391183,0.090625,Puntarenas_OTROS_Hidrometereológico
-0.08534061884262975,0.7954285213321521,10263,GPD,tail,21.39793168391183,0.090625,Puntarenas_OTROS_Hidrometereológico
-0.08534061884262975,0.7954285213321521,10264,GPD,tail,21.39793168391183,0.090625,Puntarenas_OTROS_Hidrometereológico
-0.08534061884262975,0.7954285213321521,10265,GPD,tail,21.39793168391183,0.090625,Puntarenas_OTROS_Hidrometereológico
-0.08534061884262975,0.7954285213321521,10266,GPD,tail,21.39793168391183,0.090625,Puntarenas_OTROS_Hidrometereológico
-0.08534061884262975,0.7954285213321521,10267,GPD,tail,21.39793168391183,0.090625,Puntarenas_OTROS_Hidrometereológico
-0.08534061884262975,0.7954285213321521,10268,GPD,tail,21.39793168391183,0.090625,Puntarenas_OTROS_Hidrometereológico
-0.08534061884262975,0.7954285213321521,10269,GPD,tail,21.39793168391183,0.090625,Puntarenas_OTROS_Hidrometereológico
-0.08534061884262975,0.7954285213321521,10270,GPD,tail,21.39793168391183,0.090625,Puntarenas_OTROS_Hidrometereológico
-0.08534061884262975,0.7954285213321521,10271,GPD,tail,21.39793168391183,0.090625,Puntarenas_OTROS_Hidrometereológico
-0.15714084676841555,1.0277735756914324,10272,GPD,tail,21.39793168391183,0.090625,Puntarenas_OTROS_Hidrometereológico
-0.15714084676841555,1.0277735756914324,10273,GPD,tail,21.39793168391183,0.090625,Puntarenas_OTROS_Hidrometereológico
-0.12842688719929266,0.8636365317280318,10274,GPD,tail,21.39793168391183,0.090625,Puntarenas_OTROS_Hidrometereológico
-0.12842688719929266,0.8636365317280318,10275,GPD,tail,21.39793168391183,0.090625,Puntarenas_OTROS_Hidrometereológico
-0.12842688719929266,0.8636365317280318,10276,GPD,tail,21.39793168391183,0.090625,Puntarenas_OTROS_Hidrometereológico
-0.12842688719929266,0.8636365317280318,10277,GPD,tail,21.39793168391183,0.090625,Puntarenas_OTROS_Hidrometereológico
-0.12842688719929266,0.8636365317280318,10278,GPD,tail,21.39793168391183,0.090625,Puntarenas_OTROS_Hidrometereológico
-0.12842688719929266,0.8636365317280318,10279,GPD,tail,21.39793168391183,0.090625,Puntarenas_OTROS_Hidrometereológico
-0.12842688719929266,0.8636365317280318,10280,GPD,tail,21.39793168391183,0.090625,Puntarenas_OTROS_Hidrometereológico
-0.12842688719929266,0.8636365317280318,10281,GPD,tail,21.39793168391183,0.090625,Puntarenas_OTROS_Hidrometereológico
-0.12842688719929266,0.8636365317280318,10282,GPD,tail,21.39793168391183,0.090625,Puntarenas_OTROS_Hidrometereológico
-0.12842688719929266,0.8636365317280318,10283,GPD,tail,21.39793168391183,0.090625,Puntarenas_OTROS_Hidrometereológico
-0.12842688719929266,0.8636365317280318,10284,GPD,tail,21.39793168391183,0.090625,Puntarenas_OTROS_Hidrometereológico
-0.12842688719929266,0.8636365317280318,10285,GPD,tail,21.39793168391183,0.090625,Puntarenas_OTROS_Hidrometereológico
-0.12842688719929266,0.8636365317280318,10286,GPD,tail,21.39793168391183,0.090625,Puntarenas_OTROS_Hidrometereológico
-0.12842688719929266,0.8636365317280318,10287,GPD,tail,21.39793168391183,0.090625,Puntarenas_OTROS_Hidrometereológico
-0.12842688719929266,0.8636365317280318,10288,GPD,tail,21.39793168391183,0.090625,Puntarenas_OTROS_Hidrometereológico
-0.12842688719929266,0.8636365317280318,10289,GPD,tail,21.39793168391183,0.090625,Puntarenas_OTROS_Hidrometereológico
-0.12842688719929266,0.8636365317280318,10290,GPD,tail,21.39793168391183,0.090625,Puntarenas_OTROS_Hidrometereológico
-0.12842688719929266,0.8636365317280318,10291,GPD,tail,21.39793168391183,0.090625,Puntarenas_OTROS_Hidrometereológico
-0.12842688719929266,0.8636365317280318,10292,GPD,tail,21.39793168391183,0.090625,Puntarenas_OTROS_Hidrometereológico
-0.12842688719929266,0.8636365317280318,10293,GPD,tail,21.39793168391183,0.090625,Puntarenas_OTROS_Hidrometereológico
-0.12842688719929266,0.8636365317280318,10294,GPD,tail,21.39793168391183,0.090625,Puntarenas_OTROS_Hidrometereológico
-0.12842688719929266,0.8636365317280318,10295,GPD,tail,21.39793168391183,0.090625,Puntarenas_OTROS_Hidrometereológico
-0.12842688719929266,0.8636365317280318,10296,GPD,tail,21.39793168391183,0.090625,Puntarenas_OTROS_Hidrometereológico
-0.12842688719929266,0.8636365317280318,10297,GPD,tail,21.39793168391183,0.090625,Puntarenas_OTROS_Hidrometereológico
-0.12842688719929266,0.8636365317280318,10298,GPD,tail,21.39793168391183,0.090625,Puntarenas_OTROS_Hidrometereológico
-0.12842688719929266,0.8636365317280318,10299,GPD,tail,21.39793168391183,0.090625,Puntarenas_OTROS_Hidrometereológico
-0.12842688719929266,0.8636365317280318,10300,GPD,tail,21.39793168391183,0.090625,Puntarenas_OTROS_Hidrometereológico
-0.12842688719929266,0.8636365317280318,10301,GPD,tail,21.39793168391183,0.090625,Puntarenas_OTROS_Hidrometereológico
-0.12842688719929266,0.8636365317280318,10302,GPD,tail,21.39793168391183,0.090625,Puntarenas_OTROS_Hidrometereológico
-0.12842688719929266,0.8636365317280318,10303,GPD,tail,21.39793168391183,0.090625,Puntarenas_OTROS_Hidrometereológico
-0.12842688719929266,0.8636365317280318,10304,GPD,tail,21.39793168391183,0.090625,Puntarenas_OTROS_Hidrometereológico
-0.12842688719929266,0.8636365317280318,10305,GPD,tail,21.39793168391183,0.090625,Puntarenas_OTROS_Hidrometereológico
-0.12842688719929266,0.8636365317280318,10306,GPD,tail,21.39793168391183,0.090625,Puntarenas_OTROS_Hidrometereológico
-0.12842688719929266,0.8636365317280318,10307,GPD,tail,21.39793168391183,0.090625,Puntarenas_OTROS_Hidrometereológico
-0.12842688719929266,0.8636365317280318,10308,GPD,tail,21.39793168391183,0.090625,Puntarenas_OTROS_Hidrometereológico
-0.12842688719929266,0.8636365317280318,10309,GPD,tail,21.39793168391183,0.090625,Puntarenas_OTROS_Hidrometereológico
-0.12842688719929266,0.8636365317280318,10310,GPD,tail,21.39793168391183,0.090625,Puntarenas_OTROS_Hidrometereológico
-0.12842688719929266,0.8636365317280318,10311,GPD,tail,21.39793168391183,0.090625,Puntarenas_OTROS_Hidrometereológico
-0.09896239428480663,0.8864662880768885,10312,GPD,tail,21.39793168391183,0.090625,Puntarenas_OTROS_Hidrometereológico
-0.09896239428480663,0.8864662880768885,10313,GPD,tail,21.39793168391183,0.090625,Puntarenas_OTROS_Hidrometereológico
-0.09896239428480663,0.8864662880768885,10314,GPD,tail,21.39793168391183,0.090625,Puntarenas_OTROS_Hidrometereológico
-0.09896239428480663,0.8864662880768885,10315,GPD,tail,21.39793168391183,0.090625,Puntarenas_OTROS_Hidrometereológico
-0.09896239428480663,0.8864662880768885,10316,GPD,tail,21.39793168391183,0.090625,Puntarenas_OTROS_Hidrometereológico
-0.09896239428480663,0.8864662880768885,10317,GPD,tail,21.39793168391183,0.090625,Puntarenas_OTROS_Hidrometereológico
-0.09896239428480663,0.8864662880768885,10318,GPD,tail,21.39793168391183,0.090625,Puntarenas_OTROS_Hidrometereológico
-0.09896239428480663,0.8864662880768885,10319,GPD,tail,21.39793168391183,0.090625,Puntarenas_OTROS_Hidrometereológico
-0.09896239428480663,0.8864662880768885,10320,GPD,tail,21.39793168391183,0.090625,Puntarenas_OTROS_Hidrometereológico
-0.09896239428480663,0.8864662880768885,10321,GPD,tail,21.39793168391183,0.090625,Puntarenas_OTROS_Hidrometereológico
-0.09896239428480663,0.8864662880768885,10322,GPD,tail,21.39793168391183,0.090625,Puntarenas_OTROS_Hidrometereológico
-0.09896239428480663,0.8864662880768885,10323,GPD,tail,21.39793168391183,0.090625,Puntarenas_OTROS_Hidrometereológico
-0.09896239428480663,0.8864662880768885,10324,GPD,tail,21.39793168391183,0.090625,Puntarenas_OTROS_Hidrometereológico
-0.09896239428480663,0.8864662880768885,10325,GPD,tail,21.39793168391183,0.090625,Puntarenas_OTROS_Hidrometereológico
-0.09896239428480663,0.8864662880768885,10326,GPD,tail,21.39793168391183,0.090625,Puntarenas_OTROS_Hidrometereológico
-0.09896239428480663,0.8864662880768885,10327,GPD,tail,21.39793168391183,0.090625,Puntarenas_OTROS_Hidrometereológico
-0.09896239428480663,0.8864662880768885,10328,GPD,tail,21.39793168391183,0.090625,Puntarenas_OTROS_Hidrometereológico
-0.09896239428480663,0.8864662880768885,10329,GPD,tail,21.39793168391183,0.090625,Puntarenas_OTROS_Hidrometereológico
-0.09896239428480663,0.8864662880768885,10330,GPD,tail,21.39793168391183,0.090625,Puntarenas_OTROS_Hidrometereológico
-0.09896239428480663,0.8864662880768885,10331,GPD,tail,21.39793168391183,0.090625,Puntarenas_OTROS_Hidrometereológico
-0.09896239428480663,0.8864662880768885,10332,GPD,tail,21.39793168391183,0.090625,Puntarenas_OTROS_Hidrometereológico
-0.12740400830224946,0.8090180084261216,10333,GPD,tail,21.39793168391183,0.090625,Puntarenas_OTROS_Hidrometereológico
-0.12740400830224946,0.8090180084261216,10334,GPD,tail,21.39793168391183,0.090625,Puntarenas_OTROS_Hidrometereológico
-0.09325979516306837,0.7890455840504946,10335,GPD,tail,21.39793168391183,0.090625,Puntarenas_OTROS_Hidrometereológico
-0.09325979516306837,0.7890455840504946,10336,GPD,tail,21.39793168391183,0.090625,Puntarenas_OTROS_Hidrometereológico
-0.03182102201631222,0.8428516134178803,10337,GPD,tail,21.39793168391183,0.090625,Puntarenas_OTROS_Hidrometereológico
-0.03182102201631222,0.8428516134178803,10338,GPD,tail,21.39793168391183,0.090625,Puntarenas_OTROS_Hidrometereológico
-0.03182102201631222,0.8428516134178803,10339,GPD,tail,21.39793168391183,0.090625,Puntarenas_OTROS_Hidrometereológico
-0.03182102201631222,0.8428516134178803,10340,GPD,tail,21.39793168391183,0.090625,Puntarenas_OTROS_Hidrometereológico
-0.03182102201631222,0.8428516134178803,10341,GPD,tail,21.39793168391183,0.090625,Puntarenas_OTROS_Hidrometereológico
-0.03182102201631222,0.8428516134178803,10342,GPD,tail,21.39793168391183,0.090625,Puntarenas_OTROS_Hidrometereológico
-0.03182102201631222,0.8428516134178803,10343,GPD,tail,21.39793168391183,0.090625,Puntarenas_OTROS_Hidrometereológico
-0.03182102201631222,0.8428516134178803,10344,GPD,tail,21.39793168391183,0.090625,Puntarenas_OTROS_Hidrometereológico
-0.03182102201631222,0.8428516134178803,10345,GPD,tail,21.39793168391183,0.090625,Puntarenas_OTROS_Hidrometereológico
-0.03182102201631222,0.8428516134178803,10346,GPD,tail,21.39793168391183,0.090625,Puntarenas_OTROS_Hidrometereológico
-0.03182102201631222,0.8428516134178803,10347,GPD,tail,21.39793168391183,0.090625,Puntarenas_OTROS_Hidrometereológico
-0.03182102201631222,0.8428516134178803,10348,GPD,tail,21.39793168391183,0.090625,Puntarenas_OTROS_Hidrometereológico
-0.03182102201631222,0.8428516134178803,10349,GPD,tail,21.39793168391183,0.090625,Puntarenas_OTROS_Hidrometereológico
-0.03182102201631222,0.8428516134178803,10350,GPD,tail,21.39793168391183,0.090625,Puntarenas_OTROS_Hidrometereológico
-0.03182102201631222,0.8428516134178803,10351,GPD,tail,21.39793168391183,0.090625,Puntarenas_OTROS_Hidrometereológico
-0.03182102201631222,0.8428516134178803,10352,GPD,tail,21.39793168391183,0.090625,Puntarenas_OTROS_Hidrometereológico
-0.03182102201631222,0.8428516134178803,10353,GPD,tail,21.39793168391183,0.090625,Puntarenas_OTROS_Hidrometereológico
-0.03182102201631222,0.8428516134178803,10354,GPD,tail,21.39793168391183,0.090625,Puntarenas_OTROS_Hidrometereológico
-0.03182102201631222,0.8428516134178803,10355,GPD,tail,21.39793168391183,0.090625,Puntarenas_OTROS_Hidrometereológico
-0.03182102201631222,0.8428516134178803,10356,GPD,tail,21.39793168391183,0.090625,Puntarenas_OTROS_Hidrometereológico
-0.03182102201631222,0.8428516134178803,10357,GPD,tail,21.39793168391183,0.090625,Puntarenas_OTROS_Hidrometereológico
-0.03182102201631222,0.8428516134178803,10358,GPD,tail,21.39793168391183,0.090625,Puntarenas_OTROS_Hidrometereológico
-0.03182102201631222,0.8428516134178803,10359,GPD,tail,21.39793168391183,0.090625,Puntarenas_OTROS_Hidrometereológico
-0.03182102201631222,0.8428516134178803,10360,GPD,tail,21.39793168391183,0.090625,Puntarenas_OTROS_Hidrometereológico
-0.03182102201631222,0.8428516134178803,10361,GPD,tail,21.39793168391183,0.090625,Puntarenas_OTROS_Hidrometereológico
-0.03182102201631222,0.8428516134178803,10362,GPD,tail,21.39793168391183,0.090625,Puntarenas_OTROS_Hidrometereológico
-0.03182102201631222,0.8428516134178803,10363,GPD,tail,21.39793168391183,0.090625,Puntarenas_OTROS_Hidrometereológico
-0.03182102201631222,0.8428516134178803,10364,GPD,tail,21.39793168391183,0.090625,Puntarenas_OTROS_Hidrometereológico
-0.03182102201631222,0.8428516134178803,10365,GPD,tail,21.39793168391183,0.090625,Puntarenas_OTROS_Hidrometereológico
-0.03182102201631222,0.8428516134178803,10366,GPD,tail,21.39793168391183,0.090625,Puntarenas_OTROS_Hidrometereológico
-0.03182102201631222,0.8428516134178803,10367,GPD,tail,21.39793168391183,0.090625,Puntarenas_OTROS_Hidrometereológico
-0.03182102201631222,0.8428516134178803,10368,GPD,tail,21.39793168391183,0.090625,Puntarenas_OTROS_Hidrometereológico
-0.03182102201631222,0.8428516134178803,10369,GPD,tail,21.39793168391183,0.090625,Puntarenas_OTROS_Hidrometereológico
-0.03182102201631222,0.8428516134178803,10370,GPD,tail,21.39793168391183,0.090625,Puntarenas_OTROS_Hidrometereológico
-0.03182102201631222,0.8428516134178803,10371,GPD,tail,21.39793168391183,0.090625,Puntarenas_OTROS_Hidrometereológico
-0.03182102201631222,0.8428516134178803,10372,GPD,tail,21.39793168391183,0.090625,Puntarenas_OTROS_Hidrometereológico
-0.03182102201631222,0.8428516134178803,10373,GPD,tail,21.39793168391183,0.090625,Puntarenas_OTROS_Hidrometereológico
-0.03182102201631222,0.8428516134178803,10374,GPD,tail,21.39793168391183,0.090625,Puntarenas_OTROS_Hidrometereológico
-0.03182102201631222,0.8428516134178803,10375,GPD,tail,21.39793168391183,0.090625,Puntarenas_OTROS_Hidrometereológico
-0.03182102201631222,0.8428516134178803,10376,GPD,tail,21.39793168391183,0.090625,Puntarenas_OTROS_Hidrometereológico
-0.03182102201631222,0.8428516134178803,10377,GPD,tail,21.39793168391183,0.090625,Puntarenas_OTROS_Hidrometereológico
-0.03182102201631222,0.8428516134178803,10378,GPD,tail,21.39793168391183,0.090625,Puntarenas_OTROS_Hidrometereológico
-0.03182102201631222,0.8428516134178803,10379,GPD,tail,21.39793168391183,0.090625,Puntarenas_OTROS_Hidrometereológico
-0.03182102201631222,0.8428516134178803,10380,GPD,tail,21.39793168391183,0.090625,Puntarenas_OTROS_Hidrometereológico
-0.03182102201631222,0.8428516134178803,10381,GPD,tail,21.39793168391183,0.090625,Puntarenas_OTROS_Hidrometereológico
-0.03182102201631222,0.8428516134178803,10382,GPD,tail,21.39793168391183,0.090625,Puntarenas_OTROS_Hidrometereológico
-0.03182102201631222,0.8428516134178803,10383,GPD,tail,21.39793168391183,0.090625,Puntarenas_OTROS_Hidrometereológico
-0.03182102201631222,0.8428516134178803,10384,GPD,tail,21.39793168391183,0.090625,Puntarenas_OTROS_Hidrometereológico
-0.03182102201631222,0.8428516134178803,10385,GPD,tail,21.39793168391183,0.090625,Puntarenas_OTROS_Hidrometereológico
-0.03182102201631222,0.8428516134178803,10386,GPD,tail,21.39793168391183,0.090625,Puntarenas_OTROS_Hidrometereológico
-0.03182102201631222,0.8428516134178803,10387,GPD,tail,21.39793168391183,0.090625,Puntarenas_OTROS_Hidrometereológico
-0.03182102201631222,0.8428516134178803,10388,GPD,tail,21.39793168391183,0.090625,Puntarenas_OTROS_Hidrometereológico
-0.03182102201631222,0.8428516134178803,10389,GPD,tail,21.39793168391183,0.090625,Puntarenas_OTROS_Hidrometereológico
-0.14375636365821098,0.8705539694278067,10390,GPD,tail,21.39793168391183,0.090625,Puntarenas_OTROS_Hidrometereológico
-0.14375636365821098,0.8705539694278067,10391,GPD,tail,21.39793168391183,0.090625,Puntarenas_OTROS_Hidrometereológico
-0.14375636365821098,0.8705539694278067,10392,GPD,tail,21.39793168391183,0.090625,Puntarenas_OTROS_Hidrometereológico
-0.14375636365821098,0.8705539694278067,10393,GPD,tail,21.39793168391183,0.090625,Puntarenas_OTROS_Hidrometereológico
-0.14375636365821098,0.8705539694278067,10394,GPD,tail,21.39793168391183,0.090625,Puntarenas_OTROS_Hidrometereológico
-0.14375636365821098,0.8705539694278067,10395,GPD,tail,21.39793168391183,0.090625,Puntarenas_OTROS_Hidrometereológico
-0.02818433849285297,0.905502352836647,10396,GPD,tail,21.39793168391183,0.090625,Puntarenas_OTROS_Hidrometereológico
-0.02818433849285297,0.905502352836647,10397,GPD,tail,21.39793168391183,0.090625,Puntarenas_OTROS_Hidrometereológico
-0.02818433849285297,0.905502352836647,10398,GPD,tail,21.39793168391183,0.090625,Puntarenas_OTROS_Hidrometereológico
-0.02818433849285297,0.905502352836647,10399,GPD,tail,21.39793168391183,0.090625,Puntarenas_OTROS_Hidrometereológico
-0.02818433849285297,0.905502352836647,10400,GPD,tail,21.39793168391183,0.090625,Puntarenas_OTROS_Hidrometereológico
-0.02818433849285297,0.905502352836647,10401,GPD,tail,21.39793168391183,0.090625,Puntarenas_OTROS_Hidrometereológico
-0.08913278525671972,0.8558812975073345,10402,GPD,tail,21.39793168391183,0.090625,Puntarenas_OTROS_Hidrometereológico
-0.08913278525671972,0.8558812975073345,10403,GPD,tail,21.39793168391183,0.090625,Puntarenas_OTROS_Hidrometereológico
-0.08913278525671972,0.8558812975073345,10404,GPD,tail,21.39793168391183,0.090625,Puntarenas_OTROS_Hidrometereológico
-0.08913278525671972,0.8558812975073345,10405,GPD,tail,21.39793168391183,0.090625,Puntarenas_OTROS_Hidrometereológico
-0.08913278525671972,0.8558812975073345,10406,GPD,tail,21.39793168391183,0.090625,Puntarenas_OTROS_Hidrometereológico
-0.08913278525671972,0.8558812975073345,10407,GPD,tail,21.39793168391183,0.090625,Puntarenas_OTROS_Hidrometereológico
-0.08913278525671972,0.8558812975073345,10408,GPD,tail,21.39793168391183,0.090625,Puntarenas_OTROS_Hidrometereológico
-0.08913278525671972,0.8558812975073345,10409,GPD,tail,21.39793168391183,0.090625,Puntarenas_OTROS_Hidrometereológico
-0.06438848472687701,0.8367999262036698,10410,GPD,tail,21.39793168391183,0.090625,Puntarenas_OTROS_Hidrometereológico
-0.06438848472687701,0.8367999262036698,10411,GPD,tail,21.39793168391183,0.090625,Puntarenas_OTROS_Hidrometereológico
-0.06438848472687701,0.8367999262036698,10412,GPD,tail,21.39793168391183,0.090625,Puntarenas_OTROS_Hidrometereológico
-0.06438848472687701,0.8367999262036698,10413,GPD,tail,21.39793168391183,0.090625,Puntarenas_OTROS_Hidrometereológico
-0.06438848472687701,0.8367999262036698,10414,GPD,tail,21.39793168391183,0.090625,Puntarenas_OTROS_Hidrometereológico
-0.06438848472687701,0.8367999262036698,10415,GPD,tail,21.39793168391183,0.090625,Puntarenas_OTROS_Hidrometereológico
-0.06438848472687701,0.8367999262036698,10416,GPD,tail,21.39793168391183,0.090625,Puntarenas_OTROS_Hidrometereológico
-0.06438848472687701,0.8367999262036698,10417,GPD,tail,21.39793168391183,0.090625,Puntarenas_OTROS_Hidrometereológico
-0.06438848472687701,0.8367999262036698,10418,GPD,tail,21.39793168391183,0.090625,Puntarenas_OTROS_Hidrometereológico
-0.06438848472687701,0.8367999262036698,10419,GPD,tail,21.39793168391183,0.090625,Puntarenas_OTROS_Hidrometereológico
-0.06438848472687701,0.8367999262036698,10420,GPD,tail,21.39793168391183,0.090625,Puntarenas_OTROS_Hidrometereológico
-0.06438848472687701,0.8367999262036698,10421,GPD,tail,21.39793168391183,0.090625,Puntarenas_OTROS_Hidrometereológico
-0.06438848472687701,0.8367999262036698,10422,GPD,tail,21.39793168391183,0.090625,Puntarenas_OTROS_Hidrometereológico
-0.06438848472687701,0.8367999262036698,10423,GPD,tail,21.39793168391183,0.090625,Puntarenas_OTROS_Hidrometereológico
-0.06438848472687701,0.8367999262036698,10424,GPD,tail,21.39793168391183,0.090625,Puntarenas_OTROS_Hidrometereológico
-0.06438848472687701,0.8367999262036698,10425,GPD,tail,21.39793168391183,0.090625,Puntarenas_OTROS_Hidrometereológico
-0.06438848472687701,0.8367999262036698,10426,GPD,tail,21.39793168391183,0.090625,Puntarenas_OTROS_Hidrometereológico
-0.06438848472687701,0.8367999262036698,10427,GPD,tail,21.39793168391183,0.090625,Puntarenas_OTROS_Hidrometereológico
-0.06438848472687701,0.8367999262036698,10428,GPD,tail,21.39793168391183,0.090625,Puntarenas_OTROS_Hidrometereológico
-0.06438848472687701,0.8367999262036698,10429,GPD,tail,21.39793168391183,0.090625,Puntarenas_OTROS_Hidrometereológico
-0.06438848472687701,0.8367999262036698,10430,GPD,tail,21.39793168391183,0.090625,Puntarenas_OTROS_Hidrometereológico
-0.06438848472687701,0.8367999262036698,10431,GPD,tail,21.39793168391183,0.090625,Puntarenas_OTROS_Hidrometereológico
-0.06438848472687701,0.8367999262036698,10432,GPD,tail,21.39793168391183,0.090625,Puntarenas_OTROS_Hidrometereológico
-0.06438848472687701,0.8367999262036698,10433,GPD,tail,21.39793168391183,0.090625,Puntarenas_OTROS_Hidrometereológico
-0.06438848472687701,0.8367999262036698,10434,GPD,tail,21.39793168391183,0.090625,Puntarenas_OTROS_Hidrometereológico
-0.06438848472687701,0.8367999262036698,10435,GPD,tail,21.39793168391183,0.090625,Puntarenas_OTROS_Hidrometereológico
-0.06438848472687701,0.8367999262036698,10436,GPD,tail,21.39793168391183,0.090625,Puntarenas_OTROS_Hidrometereológico
-0.12108803846134068,0.8487323232698787,10437,GPD,tail,21.39793168391183,0.090625,Puntarenas_OTROS_Hidrometereológico
-0.12108803846134068,0.8487323232698787,10438,GPD,tail,21.39793168391183,0.090625,Puntarenas_OTROS_Hidrometereológico
-0.12108803846134068,0.8487323232698787,10439,GPD,tail,21.39793168391183,0.090625,Puntarenas_OTROS_Hidrometereológico
-0.12108803846134068,0.8487323232698787,10440,GPD,tail,21.39793168391183,0.090625,Puntarenas_OTROS_Hidrometereológico
-0.12108803846134068,0.8487323232698787,10441,GPD,tail,21.39793168391183,0.090625,Puntarenas_OTROS_Hidrometereológico
-0.12108803846134068,0.8487323232698787,10442,GPD,tail,21.39793168391183,0.090625,Puntarenas_OTROS_Hidrometereológico
-0.12108803846134068,0.8487323232698787,10443,GPD,tail,21.39793168391183,0.090625,Puntarenas_OTROS_Hidrometereológico
-0.12108803846134068,0.8487323232698787,10444,GPD,tail,21.39793168391183,0.090625,Puntarenas_OTROS_Hidrometereológico
-0.12108803846134068,0.8487323232698787,10445,GPD,tail,21.39793168391183,0.090625,Puntarenas_OTROS_Hidrometereológico
-0.12108803846134068,0.8487323232698787,10446,GPD,tail,21.39793168391183,0.090625,Puntarenas_OTROS_Hidrometereológico
-0.12108803846134068,0.8487323232698787,10447,GPD,tail,21.39793168391183,0.090625,Puntarenas_OTROS_Hidrometereológico
-0.12108803846134068,0.8487323232698787,10448,GPD,tail,21.39793168391183,0.090625,Puntarenas_OTROS_Hidrometereológico
-0.12108803846134068,0.8487323232698787,10449,GPD,tail,21.39793168391183,0.090625,Puntarenas_OTROS_Hidrometereológico
-0.12108803846134068,0.8487323232698787,10450,GPD,tail,21.39793168391183,0.090625,Puntarenas_OTROS_Hidrometereológico
-0.12108803846134068,0.8487323232698787,10451,GPD,tail,21.39793168391183,0.090625,Puntarenas_OTROS_Hidrometereológico
-0.11064563364220671,1.0221382001795096,10452,GPD,tail,21.39793168391183,0.090625,Puntarenas_OTROS_Hidrometereológico
-0.11064563364220671,1.0221382001795096,10453,GPD,tail,21.39793168391183,0.090625,Puntarenas_OTROS_Hidrometereológico
-0.11064563364220671,1.0221382001795096,10454,GPD,tail,21.39793168391183,0.090625,Puntarenas_OTROS_Hidrometereológico
-0.11064563364220671,1.0221382001795096,10455,GPD,tail,21.39793168391183,0.090625,Puntarenas_OTROS_Hidrometereológico
-0.11064563364220671,1.0221382001795096,10456,GPD,tail,21.39793168391183,0.090625,Puntarenas_OTROS_Hidrometereológico
-0.11064563364220671,1.0221382001795096,10457,GPD,tail,21.39793168391183,0.090625,Puntarenas_OTROS_Hidrometereológico
-0.11064563364220671,1.0221382001795096,10458,GPD,tail,21.39793168391183,0.090625,Puntarenas_OTROS_Hidrometereológico
-0.11064563364220671,1.0221382001795096,10459,GPD,tail,21.39793168391183,0.090625,Puntarenas_OTROS_Hidrometereológico
-0.11064563364220671,1.0221382001795096,10460,GPD,tail,21.39793168391183,0.090625,Puntarenas_OTROS_Hidrometereológico
-0.11064563364220671,1.0221382001795096,10461,GPD,tail,21.39793168391183,0.090625,Puntarenas_OTROS_Hidrometereológico
-0.11064563364220671,1.0221382001795096,10462,GPD,tail,21.39793168391183,0.090625,Puntarenas_OTROS_Hidrometereológico
-0.11064563364220671,1.0221382001795096,10463,GPD,tail,21.39793168391183,0.090625,Puntarenas_OTROS_Hidrometereológico
-0.11064563364220671,1.0221382001795096,10464,GPD,tail,21.39793168391183,0.090625,Puntarenas_OTROS_Hidrometereológico
-0.11064563364220671,1.0221382001795096,10465,GPD,tail,21.39793168391183,0.090625,Puntarenas_OTROS_Hidrometereológico
-0.11064563364220671,1.0221382001795096,10466,GPD,tail,21.39793168391183,0.090625,Puntarenas_OTROS_Hidrometereológico
-0.11064563364220671,1.0221382001795096,10467,GPD,tail,21.39793168391183,0.090625,Puntarenas_OTROS_Hidrometereológico
-0.11064563364220671,1.0221382001795096,10468,GPD,tail,21.39793168391183,0.090625,Puntarenas_OTROS_Hidrometereológico
-0.11064563364220671,1.0221382001795096,10469,GPD,tail,21.39793168391183,0.090625,Puntarenas_OTROS_Hidrometereológico
-0.11064563364220671,1.0221382001795096,10470,GPD,tail,21.39793168391183,0.090625,Puntarenas_OTROS_Hidrometereológico
-0.11064563364220671,1.0221382001795096,10471,GPD,tail,21.39793168391183,0.090625,Puntarenas_OTROS_Hidrometereológico
-0.11064563364220671,1.0221382001795096,10472,GPD,tail,21.39793168391183,0.090625,Puntarenas_OTROS_Hidrometereológico
-0.11064563364220671,1.0221382001795096,10473,GPD,tail,21.39793168391183,0.090625,Puntarenas_OTROS_Hidrometereológico
-0.11064563364220671,1.0221382001795096,10474,GPD,tail,21.39793168391183,0.090625,Puntarenas_OTROS_Hidrometereológico
-0.11064563364220671,1.0221382001795096,10475,GPD,tail,21.39793168391183,0.090625,Puntarenas_OTROS_Hidrometereológico
-0.11064563364220671,1.0221382001795096,10476,GPD,tail,21.39793168391183,0.090625,Puntarenas_OTROS_Hidrometereológico
-0.11064563364220671,1.0221382001795096,10477,GPD,tail,21.39793168391183,0.090625,Puntarenas_OTROS_Hidrometereológico
-0.11064563364220671,1.0221382001795096,10478,GPD,tail,21.39793168391183,0.090625,Puntarenas_OTROS_Hidrometereológico
-0.11064563364220671,1.0221382001795096,10479,GPD,tail,21.39793168391183,0.090625,Puntarenas_OTROS_Hidrometereológico
-0.11064563364220671,1.0221382001795096,10480,GPD,tail,21.39793168391183,0.090625,Puntarenas_OTROS_Hidrometereológico
-0.11064563364220671,1.0221382001795096,10481,GPD,tail,21.39793168391183,0.090625,Puntarenas_OTROS_Hidrometereológico
-0.11064563364220671,1.0221382001795096,10482,GPD,tail,21.39793168391183,0.090625,Puntarenas_OTROS_Hidrometereológico
-0.11064563364220671,1.0221382001795096,10483,GPD,tail,21.39793168391183,0.090625,Puntarenas_OTROS_Hidrometereológico
0.046343202296877786,0.8459033017714324,10484,GPD,tail,21.39793168391183,0.090625,Puntarenas_OTROS_Hidrometereológico
0.046343202296877786,0.8459033017714324,10485,GPD,tail,21.39793168391183,0.090625,Puntarenas_OTROS_Hidrometereológico
0.046343202296877786,0.8459033017714324,10486,GPD,tail,21.39793168391183,0.090625,Puntarenas_OTROS_Hidrometereológico
0.000501103576320043,0.8583790948557998,10487,GPD,tail,21.39793168391183,0.090625,Puntarenas_OTROS_Hidrometereológico
0.000501103576320043,0.8583790948557998,10488,GPD,tail,21.39793168391183,0.090625,Puntarenas_OTROS_Hidrometereológico
0.000501103576320043,0.8583790948557998,10489,GPD,tail,21.39793168391183,0.090625,Puntarenas_OTROS_Hidrometereológico
0.035048223717622506,0.8007010678568266,10490,GPD,tail,21.39793168391183,0.090625,Puntarenas_OTROS_Hidrometereológico
0.035048223717622506,0.8007010678568266,10491,GPD,tail,21.39793168391183,0.090625,Puntarenas_OTROS_Hidrometereológico
0.035048223717622506,0.8007010678568266,10492,GPD,tail,21.39793168391183,0.090625,Puntarenas_OTROS_Hidrometereológico
0.035048223717622506,0.8007010678568266,10493,GPD,tail,21.39793168391183,0.090625,Puntarenas_OTROS_Hidrometereológico
0.035048223717622506,0.8007010678568266,10494,GPD,tail,21.39793168391183,0.090625,Puntarenas_OTROS_Hidrometereológico
0.035048223717622506,0.8007010678568266,10495,GPD,tail,21.39793168391183,0.090625,Puntarenas_OTROS_Hidrometereológico
0.035048223717622506,0.8007010678568266,10496,GPD,tail,21.39793168391183,0.090625,Puntarenas_OTROS_Hidrometereológico
0.035048223717622506,0.8007010678568266,10497,GPD,tail,21.39793168391183,0.090625,Puntarenas_OTROS_Hidrometereológico
0.035048223717622506,0.8007010678568266,10498,GPD,tail,21.39793168391183,0.090625,Puntarenas_OTROS_Hidrometereológico
0.035048223717622506,0.8007010678568266,10499,GPD,tail,21.39793168391183,0.090625,Puntarenas_OTROS_Hidrometereológico
0.035048223717622506,0.8007010678568266,10500,GPD,tail,21.39793168391183,0.090625,Puntarenas_OTROS_Hidrometereológico
0.035048223717622506,0.8007010678568266,10501,GPD,tail,21.39793168391183,0.090625,Puntarenas_OTROS_Hidrometereológico
0.035048223717622506,0.8007010678568266,10502,GPD,tail,21.39793168391183,0.090625,Puntarenas_OTROS_Hidrometereológico
0.035048223717622506,0.8007010678568266,10503,GPD,tail,21.39793168391183,0.090625,Puntarenas_OTROS_Hidrometereológico
0.035048223717622506,0.8007010678568266,10504,GPD,tail,21.39793168391183,0.090625,Puntarenas_OTROS_Hidrometereológico
0.035048223717622506,0.8007010678568266,10505,GPD,tail,21.39793168391183,0.090625,Puntarenas_OTROS_Hidrometereológico
0.035048223717622506,0.8007010678568266,10506,GPD,tail,21.39793168391183,0.090625,Puntarenas_OTROS_Hidrometereológico
0.035048223717622506,0.8007010678568266,10507,GPD,tail,21.39793168391183,0.090625,Puntarenas_OTROS_Hidrometereológico
-0.07728435137780208,0.8565179011019994,10508,GPD,tail,21.39793168391183,0.090625,Puntarenas_OTROS_Hidrometereológico
-0.07728435137780208,0.8565179011019994,10509,GPD,tail,21.39793168391183,0.090625,Puntarenas_OTROS_Hidrometereológico
-0.07728435137780208,0.8565179011019994,10510,GPD,tail,21.39793168391183,0.090625,Puntarenas_OTROS_Hidrometereológico
-0.07728435137780208,0.8565179011019994,10511,GPD,tail,21.39793168391183,0.090625,Puntarenas_OTROS_Hidrometereológico
-0.07728435137780208,0.8565179011019994,10512,GPD,tail,21.39793168391183,0.090625,Puntarenas_OTROS_Hidrometereológico
-0.07728435137780208,0.8565179011019994,10513,GPD,tail,21.39793168391183,0.090625,Puntarenas_OTROS_Hidrometereológico
-0.07728435137780208,0.8565179011019994,10514,GPD,tail,21.39793168391183,0.090625,Puntarenas_OTROS_Hidrometereológico
-0.07728435137780208,0.8565179011019994,10515,GPD,tail,21.39793168391183,0.090625,Puntarenas_OTROS_Hidrometereológico
-0.07728435137780208,0.8565179011019994,10516,GPD,tail,21.39793168391183,0.090625,Puntarenas_OTROS_Hidrometereológico
-0.07728435137780208,0.8565179011019994,10517,GPD,tail,21.39793168391183,0.090625,Puntarenas_OTROS_Hidrometereológico
-0.07728435137780208,0.8565179011019994,10518,GPD,tail,21.39793168391183,0.090625,Puntarenas_OTROS_Hidrometereológico
-0.07728435137780208,0.8565179011019994,10519,GPD,tail,21.39793168391183,0.090625,Puntarenas_OTROS_Hidrometereológico
-0.07728435137780208,0.8565179011019994,10520,GPD,tail,21.39793168391183,0.090625,Puntarenas_OTROS_Hidrometereológico
-0.07728435137780208,0.8565179011019994,10521,GPD,tail,21.39793168391183,0.090625,Puntarenas_OTROS_Hidrometereológico
-0.07728435137780208,0.8565179011019994,10522,GPD,tail,21.39793168391183,0.090625,Puntarenas_OTROS_Hidrometereológico
-0.07728435137780208,0.8565179011019994,10523,GPD,tail,21.39793168391183,0.090625,Puntarenas_OTROS_Hidrometereológico
-0.07728435137780208,0.8565179011019994,10524,GPD,tail,21.39793168391183,0.090625,Puntarenas_OTROS_Hidrometereológico
-0.07728435137780208,0.8565179011019994,10525,GPD,tail,21.39793168391183,0.090625,Puntarenas_OTROS_Hidrometereológico
-0.07728435137780208,0.8565179011019994,10526,GPD,tail,21.39793168391183,0.090625,Puntarenas_OTROS_Hidrometereológico
-0.07728435137780208,0.8565179011019994,10527,GPD,tail,21.39793168391183,0.090625,Puntarenas_OTROS_Hidrometereológico
-0.07728435137780208,0.8565179011019994,10528,GPD,tail,21.39793168391183,0.090625,Puntarenas_OTROS_Hidrometereológico
-0.07728435137780208,0.8565179011019994,10529,GPD,tail,21.39793168391183,0.090625,Puntarenas_OTROS_Hidrometereológico
-0.07728435137780208,0.8565179011019994,10530,GPD,tail,21.39793168391183,0.090625,Puntarenas_OTROS_Hidrometereológico
-0.07728435137780208,0.8565179011019994,10531,GPD,tail,21.39793168391183,0.090625,Puntarenas_OTROS_Hidrometereológico
-0.07728435137780208,0.8565179011019994,10532,GPD,tail,21.39793168391183,0.090625,Puntarenas_OTROS_Hidrometereológico
-0.07728435137780208,0.8565179011019994,10533,GPD,tail,21.39793168391183,0.090625,Puntarenas_OTROS_Hidrometereológico
-0.07728435137780208,0.8565179011019994,10534,GPD,tail,21.39793168391183,0.090625,Puntarenas_OTROS_Hidrometereológico
-0.0883742711526897,0.805132614557648,10535,GPD,tail,21.39793168391183,0.090625,Puntarenas_OTROS_Hidrometereológico
-0.0883742711526897,0.805132614557648,10536,GPD,tail,21.39793168391183,0.090625,Puntarenas_OTROS_Hidrometereológico
-0.0883742711526897,0.805132614557648,10537,GPD,tail,21.39793168391183,0.090625,Puntarenas_OTROS_Hidrometereológico
-0.0883742711526897,0.805132614557648,10538,GPD,tail,21.39793168391183,0.090625,Puntarenas_OTROS_Hidrometereológico
-0.0883742711526897,0.805132614557648,10539,GPD,tail,21.39793168391183,0.090625,Puntarenas_OTROS_Hidrometereológico
-0.0883742711526897,0.805132614557648,10540,GPD,tail,21.39793168391183,0.090625,Puntarenas_OTROS_Hidrometereológico
-0.0883742711526897,0.805132614557648,10541,GPD,tail,21.39793168391183,0.090625,Puntarenas_OTROS_Hidrometereológico
-0.0007020057339856833,0.7719584171277036,10542,GPD,tail,21.39793168391183,0.090625,Puntarenas_OTROS_Hidrometereológico
-0.0007020057339856833,0.7719584171277036,10543,GPD,tail,21.39793168391183,0.090625,Puntarenas_OTROS_Hidrometereológico
-0.0007020057339856833,0.7719584171277036,10544,GPD,tail,21.39793168391183,0.090625,Puntarenas_OTROS_Hidrometereológico
-0.0007020057339856833,0.7719584171277036,10545,GPD,tail,21.39793168391183,0.090625,Puntarenas_OTROS_Hidrometereológico
-0.0007020057339856833,0.7719584171277036,10546,GPD,tail,21.39793168391183,0.090625,Puntarenas_OTROS_Hidrometereológico
-0.0007020057339856833,0.7719584171277036,10547,GPD,tail,21.39793168391183,0.090625,Puntarenas_OTROS_Hidrometereológico
-0.0007020057339856833,0.7719584171277036,10548,GPD,tail,21.39793168391183,0.090625,Puntarenas_OTROS_Hidrometereológico
-0.0007020057339856833,0.7719584171277036,10549,GPD,tail,21.39793168391183,0.090625,Puntarenas_OTROS_Hidrometereológico
-0.0007020057339856833,0.7719584171277036,10550,GPD,tail,21.39793168391183,0.090625,Puntarenas_OTROS_Hidrometereológico
-0.0007020057339856833,0.7719584171277036,10551,GPD,tail,21.39793168391183,0.090625,Puntarenas_OTROS_Hidrometereológico
-0.0007020057339856833,0.7719584171277036,10552,GPD,tail,21.39793168391183,0.090625,Puntarenas_OTROS_Hidrometereológico
-0.0007020057339856833,0.7719584171277036,10553,GPD,tail,21.39793168391183,0.090625,Puntarenas_OTROS_Hidrometereológico
-0.0007020057339856833,0.7719584171277036,10554,GPD,tail,21.39793168391183,0.090625,Puntarenas_OTROS_Hidrometereológico
-0.0007020057339856833,0.7719584171277036,10555,GPD,tail,21.39793168391183,0.090625,Puntarenas_OTROS_Hidrometereológico
-0.0007020057339856833,0.7719584171277036,10556,GPD,tail,21.39793168391183,0.090625,Puntarenas_OTROS_Hidrometereológico
-0.0007020057339856833,0.7719584171277036,10557,GPD,tail,21.39793168391183,0.090625,Puntarenas_OTROS_Hidrometereológico
-0.0007020057339856833,0.7719584171277036,10558,GPD,tail,21.39793168391183,0.090625,Puntarenas_OTROS_Hidrometereológico
-0.0007020057339856833,0.7719584171277036,10559,GPD,tail,21.39793168391183,0.090625,Puntarenas_OTROS_Hidrometereológico
-0.12144652191591977,0.8762689228968996,10560,GPD,tail,21.39793168391183,0.090625,Puntarenas_OTROS_Hidrometereológico
-0.12144652191591977,0.8762689228968996,10561,GPD,tail,21.39793168391183,0.090625,Puntarenas_OTROS_Hidrometereológico
-0.12144652191591977,0.8762689228968996,10562,GPD,tail,21.39793168391183,0.090625,Puntarenas_OTROS_Hidrometereológico
-0.12144652191591977,0.8762689228968996,10563,GPD,tail,21.39793168391183,0.090625,Puntarenas_OTROS_Hidrometereológico
-0.12144652191591977,0.8762689228968996,10564,GPD,tail,21.39793168391183,0.090625,Puntarenas_OTROS_Hidrometereológico
-0.12144652191591977,0.8762689228968996,10565,GPD,tail,21.39793168391183,0.090625,Puntarenas_OTROS_Hidrometereológico
-0.12144652191591977,0.8762689228968996,10566,GPD,tail,21.39793168391183,0.090625,Puntarenas_OTROS_Hidrometereológico
-0.12144652191591977,0.8762689228968996,10567,GPD,tail,21.39793168391183,0.090625,Puntarenas_OTROS_Hidrometereológico
-0.12144652191591977,0.8762689228968996,10568,GPD,tail,21.39793168391183,0.090625,Puntarenas_OTROS_Hidrometereológico
-0.12144652191591977,0.8762689228968996,10569,GPD,tail,21.39793168391183,0.090625,Puntarenas_OTROS_Hidrometereológico
-0.12144652191591977,0.8762689228968996,10570,GPD,tail,21.39793168391183,0.090625,Puntarenas_OTROS_Hidrometereológico
-0.12144652191591977,0.8762689228968996,10571,GPD,tail,21.39793168391183,0.090625,Puntarenas_OTROS_Hidrometereológico
-0.12543575986502942,0.9014364650327308,10572,GPD,tail,21.39793168391183,0.090625,Puntarenas_OTROS_Hidrometereológico
-0.12543575986502942,0.9014364650327308,10573,GPD,tail,21.39793168391183,0.090625,Puntarenas_OTROS_Hidrometereológico
-0.12543575986502942,0.9014364650327308,10574,GPD,tail,21.39793168391183,0.090625,Puntarenas_OTROS_Hidrometereológico
-0.12543575986502942,0.9014364650327308,10575,GPD,tail,21.39793168391183,0.090625,Puntarenas_OTROS_Hidrometereológico
-0.12543575986502942,0.9014364650327308,10576,GPD,tail,21.39793168391183,0.090625,Puntarenas_OTROS_Hidrometereológico
-0.12543575986502942,0.9014364650327308,10577,GPD,tail,21.39793168391183,0.090625,Puntarenas_OTROS_Hidrometereológico
-0.12543575986502942,0.9014364650327308,10578,GPD,tail,21.39793168391183,0.090625,Puntarenas_OTROS_Hidrometereológico
-0.12543575986502942,0.9014364650327308,10579,GPD,tail,21.39793168391183,0.090625,Puntarenas_OTROS_Hidrometereológico
-0.12543575986502942,0.9014364650327308,10580,GPD,tail,21.39793168391183,0.090625,Puntarenas_OTROS_Hidrometereológico
-0.12543575986502942,0.9014364650327308,10581,GPD,tail,21.39793168391183,0.090625,Puntarenas_OTROS_Hidrometereológico
-0.06691138960334081,0.8660622416880768,10582,GPD,tail,21.39793168391183,0.090625,Puntarenas_OTROS_Hidrometereológico
-0.06691138960334081,0.8660622416880768,10583,GPD,tail,21.39793168391183,0.090625,Puntarenas_OTROS_Hidrometereológico
-0.06691138960334081,0.8660622416880768,10584,GPD,tail,21.39793168391183,0.090625,Puntarenas_OTROS_Hidrometereológico
-0.06691138960334081,0.8660622416880768,10585,GPD,tail,21.39793168391183,0.090625,Puntarenas_OTROS_Hidrometereológico
-0.06691138960334081,0.8660622416880768,10586,GPD,tail,21.39793168391183,0.090625,Puntarenas_OTROS_Hidrometereológico
-0.06691138960334081,0.8660622416880768,10587,GPD,tail,21.39793168391183,0.090625,Puntarenas_OTROS_Hidrometereológico
-0.06691138960334081,0.8660622416880768,10588,GPD,tail,21.39793168391183,0.090625,Puntarenas_OTROS_Hidrometereológico
-0.06691138960334081,0.8660622416880768,10589,GPD,tail,21.39793168391183,0.090625,Puntarenas_OTROS_Hidrometereológico
-0.06691138960334081,0.8660622416880768,10590,GPD,tail,21.39793168391183,0.090625,Puntarenas_OTROS_Hidrometereológico
-0.06691138960334081,0.8660622416880768,10591,GPD,tail,21.39793168391183,0.090625,Puntarenas_OTROS_Hidrometereológico
-0.06691138960334081,0.8660622416880768,10592,GPD,tail,21.39793168391183,0.090625,Puntarenas_OTROS_Hidrometereológico
-0.06691138960334081,0.8660622416880768,10593,GPD,tail,21.39793168391183,0.090625,Puntarenas_OTROS_Hidrometereológico
-0.06691138960334081,0.8660622416880768,10594,GPD,tail,21.39793168391183,0.090625,Puntarenas_OTROS_Hidrometereológico
-0.06691138960334081,0.8660622416880768,10595,GPD,tail,21.39793168391183,0.090625,Puntarenas_OTROS_Hidrometereológico
-0.06691138960334081,0.8660622416880768,10596,GPD,tail,21.39793168391183,0.090625,Puntarenas_OTROS_Hidrometereológico
-0.06691138960334081,0.8660622416880768,10597,GPD,tail,21.39793168391183,0.090625,Puntarenas_OTROS_Hidrometereológico
-0.06691138960334081,0.8660622416880768,10598,GPD,tail,21.39793168391183,0.090625,Puntarenas_OTROS_Hidrometereológico
-0.06691138960334081,0.8660622416880768,10599,GPD,tail,21.39793168391183,0.090625,Puntarenas_OTROS_Hidrometereológico
-0.06691138960334081,0.8660622416880768,10600,GPD,tail,21.39793168391183,0.090625,Puntarenas_OTROS_Hidrometereológico
-0.06691138960334081,0.8660622416880768,10601,GPD,tail,21.39793168391183,0.090625,Puntarenas_OTROS_Hidrometereológico
-0.06691138960334081,0.8660622416880768,10602,GPD,tail,21.39793168391183,0.090625,Puntarenas_OTROS_Hidrometereológico
-0.06691138960334081,0.8660622416880768,10603,GPD,tail,21.39793168391183,0.090625,Puntarenas_OTROS_Hidrometereológico
-0.06691138960334081,0.8660622416880768,10604,GPD,tail,21.39793168391183,0.090625,Puntarenas_OTROS_Hidrometereológico
-0.06691138960334081,0.8660622416880768,10605,GPD,tail,21.39793168391183,0.090625,Puntarenas_OTROS_Hidrometereológico
-0.06691138960334081,0.8660622416880768,10606,GPD,tail,21.39793168391183,0.090625,Puntarenas_OTROS_Hidrometereológico
-0.06691138960334081,0.8660622416880768,10607,GPD,tail,21.39793168391183,0.090625,Puntarenas_OTROS_Hidrometereológico
-0.06691138960334081,0.8660622416880768,10608,GPD,tail,21.39793168391183,0.090625,Puntarenas_OTROS_Hidrometereológico
-0.06691138960334081,0.8660622416880768,10609,GPD,tail,21.39793168391183,0.090625,Puntarenas_OTROS_Hidrometereológico
-0.06691138960334081,0.8660622416880768,10610,GPD,tail,21.39793168391183,0.090625,Puntarenas_OTROS_Hidrometereológico
-0.06691138960334081,0.8660622416880768,10611,GPD,tail,21.39793168391183,0.090625,Puntarenas_OTROS_Hidrometereológico
-0.06691138960334081,0.8660622416880768,10612,GPD,tail,21.39793168391183,0.090625,Puntarenas_OTROS_Hidrometereológico
-0.06691138960334081,0.8660622416880768,10613,GPD,tail,21.39793168391183,0.090625,Puntarenas_OTROS_Hidrometereológico
-0.06691138960334081,0.8660622416880768,10614,GPD,tail,21.39793168391183,0.090625,Puntarenas_OTROS_Hidrometereológico
-0.06691138960334081,0.8660622416880768,10615,GPD,tail,21.39793168391183,0.090625,Puntarenas_OTROS_Hidrometereológico
-0.0688625689147942,0.8095799660857258,10616,GPD,tail,21.39793168391183,0.090625,Puntarenas_OTROS_Hidrometereológico
-0.0688625689147942,0.8095799660857258,10617,GPD,tail,21.39793168391183,0.090625,Puntarenas_OTROS_Hidrometereológico
-0.0688625689147942,0.8095799660857258,10618,GPD,tail,21.39793168391183,0.090625,Puntarenas_OTROS_Hidrometereológico
-0.0688625689147942,0.8095799660857258,10619,GPD,tail,21.39793168391183,0.090625,Puntarenas_OTROS_Hidrometereológico
-0.0688625689147942,0.8095799660857258,10620,GPD,tail,21.39793168391183,0.090625,Puntarenas_OTROS_Hidrometereológico
-0.0688625689147942,0.8095799660857258,10621,GPD,tail,21.39793168391183,0.090625,Puntarenas_OTROS_Hidrometereológico
-0.0688625689147942,0.8095799660857258,10622,GPD,tail,21.39793168391183,0.090625,Puntarenas_OTROS_Hidrometereológico
-0.0688625689147942,0.8095799660857258,10623,GPD,tail,21.39793168391183,0.090625,Puntarenas_OTROS_Hidrometereológico
-0.03735814126931267,0.7785758477799479,10624,GPD,tail,21.39793168391183,0.090625,Puntarenas_OTROS_Hidrometereológico
-0.03735814126931267,0.7785758477799479,10625,GPD,tail,21.39793168391183,0.090625,Puntarenas_OTROS_Hidrometereológico
-0.052428307580119946,0.790543208523713,10626,GPD,tail,21.39793168391183,0.090625,Puntarenas_OTROS_Hidrometereológico
-0.052428307580119946,0.790543208523713,10627,GPD,tail,21.39793168391183,0.090625,Puntarenas_OTROS_Hidrometereológico
-0.052428307580119946,0.790543208523713,10628,GPD,tail,21.39793168391183,0.090625,Puntarenas_OTROS_Hidrometereológico
-0.052428307580119946,0.790543208523713,10629,GPD,tail,21.39793168391183,0.090625,Puntarenas_OTROS_Hidrometereológico
-0.052428307580119946,0.790543208523713,10630,GPD,tail,21.39793168391183,0.090625,Puntarenas_OTROS_Hidrometereológico
-0.052428307580119946,0.790543208523713,10631,GPD,tail,21.39793168391183,0.090625,Puntarenas_OTROS_Hidrometereológico
-0.052428307580119946,0.790543208523713,10632,GPD,tail,21.39793168391183,0.090625,Puntarenas_OTROS_Hidrometereológico
-0.052428307580119946,0.790543208523713,10633,GPD,tail,21.39793168391183,0.090625,Puntarenas_OTROS_Hidrometereológico
-0.052428307580119946,0.790543208523713,10634,GPD,tail,21.39793168391183,0.090625,Puntarenas_OTROS_Hidrometereológico
-0.052428307580119946,0.790543208523713,10635,GPD,tail,21.39793168391183,0.090625,Puntarenas_OTROS_Hidrometereológico
-0.052428307580119946,0.790543208523713,10636,GPD,tail,21.39793168391183,0.090625,Puntarenas_OTROS_Hidrometereológico
-0.052428307580119946,0.790543208523713,10637,GPD,tail,21.39793168391183,0.090625,Puntarenas_OTROS_Hidrometereológico
-0.052428307580119946,0.790543208523713,10638,GPD,tail,21.39793168391183,0.090625,Puntarenas_OTROS_Hidrometereológico
-0.052428307580119946,0.790543208523713,10639,GPD,tail,21.39793168391183,0.090625,Puntarenas_OTROS_Hidrometereológico
-0.052428307580119946,0.790543208523713,10640,GPD,tail,21.39793168391183,0.090625,Puntarenas_OTROS_Hidrometereológico
-0.052428307580119946,0.790543208523713,10641,GPD,tail,21.39793168391183,0.090625,Puntarenas_OTROS_Hidrometereológico
-0.052428307580119946,0.790543208523713,10642,GPD,tail,21.39793168391183,0.090625,Puntarenas_OTROS_Hidrometereológico
-0.052428307580119946,0.790543208523713,10643,GPD,tail,21.39793168391183,0.090625,Puntarenas_OTROS_Hidrometereológico
-0.052428307580119946,0.790543208523713,10644,GPD,tail,21.39793168391183,0.090625,Puntarenas_OTROS_Hidrometereológico
-0.052428307580119946,0.790543208523713,10645,GPD,tail,21.39793168391183,0.090625,Puntarenas_OTROS_Hidrometereológico
-0.052428307580119946,0.790543208523713,10646,GPD,tail,21.39793168391183,0.090625,Puntarenas_OTROS_Hidrometereológico
-0.052428307580119946,0.790543208523713,10647,GPD,tail,21.39793168391183,0.090625,Puntarenas_OTROS_Hidrometereológico
-0.052428307580119946,0.790543208523713,10648,GPD,tail,21.39793168391183,0.090625,Puntarenas_OTROS_Hidrometereológico
-0.052428307580119946,0.790543208523713,10649,GPD,tail,21.39793168391183,0.090625,Puntarenas_OTROS_Hidrometereológico
-0.052428307580119946,0.790543208523713,10650,GPD,tail,21.39793168391183,0.090625,Puntarenas_OTROS_Hidrometereológico
-0.052428307580119946,0.790543208523713,10651,GPD,tail,21.39793168391183,0.090625,Puntarenas_OTROS_Hidrometereológico
-0.052428307580119946,0.790543208523713,10652,GPD,tail,21.39793168391183,0.090625,Puntarenas_OTROS_Hidrometereológico
-0.052428307580119946,0.790543208523713,10653,GPD,tail,21.39793168391183,0.090625,Puntarenas_OTROS_Hidrometereológico
-0.052428307580119946,0.790543208523713,10654,GPD,tail,21.39793168391183,0.090625,Puntarenas_OTROS_Hidrometereológico
-0.052428307580119946,0.790543208523713,10655,GPD,tail,21.39793168391183,0.090625,Puntarenas_OTROS_Hidrometereológico
-0.052428307580119946,0.790543208523713,10656,GPD,tail,21.39793168391183,0.090625,Puntarenas_OTROS_Hidrometereológico
-0.052428307580119946,0.790543208523713,10657,GPD,tail,21.39793168391183,0.090625,Puntarenas_OTROS_Hidrometereológico
-0.052428307580119946,0.790543208523713,10658,GPD,tail,21.39793168391183,0.090625,Puntarenas_OTROS_Hidrometereológico
-0.052428307580119946,0.790543208523713,10659,GPD,tail,21.39793168391183,0.090625,Puntarenas_OTROS_Hidrometereológico
-0.052428307580119946,0.790543208523713,10660,GPD,tail,21.39793168391183,0.090625,Puntarenas_OTROS_Hidrometereológico
-0.052428307580119946,0.790543208523713,10661,GPD,tail,21.39793168391183,0.090625,Puntarenas_OTROS_Hidrometereológico
-0.052428307580119946,0.790543208523713,10662,GPD,tail,21.39793168391183,0.090625,Puntarenas_OTROS_Hidrometereológico
-0.052428307580119946,0.790543208523713,10663,GPD,tail,21.39793168391183,0.090625,Puntarenas_OTROS_Hidrometereológico
-0.052428307580119946,0.790543208523713,10664,GPD,tail,21.39793168391183,0.090625,Puntarenas_OTROS_Hidrometereológico
-0.052428307580119946,0.790543208523713,10665,GPD,tail,21.39793168391183,0.090625,Puntarenas_OTROS_Hidrometereológico
-0.052428307580119946,0.790543208523713,10666,GPD,tail,21.39793168391183,0.090625,Puntarenas_OTROS_Hidrometereológico
-0.052428307580119946,0.790543208523713,10667,GPD,tail,21.39793168391183,0.090625,Puntarenas_OTROS_Hidrometereológico
-0.052428307580119946,0.790543208523713,10668,GPD,tail,21.39793168391183,0.090625,Puntarenas_OTROS_Hidrometereológico
-0.052428307580119946,0.790543208523713,10669,GPD,tail,21.39793168391183,0.090625,Puntarenas_OTROS_Hidrometereológico
-0.052428307580119946,0.790543208523713,10670,GPD,tail,21.39793168391183,0.090625,Puntarenas_OTROS_Hidrometereológico
-0.052428307580119946,0.790543208523713,10671,GPD,tail,21.39793168391183,0.090625,Puntarenas_OTROS_Hidrometereológico
-0.052428307580119946,0.790543208523713,10672,GPD,tail,21.39793168391183,0.090625,Puntarenas_OTROS_Hidrometereológico
-0.052428307580119946,0.790543208523713,10673,GPD,tail,21.39793168391183,0.090625,Puntarenas_OTROS_Hidrometereológico
-0.052428307580119946,0.790543208523713,10674,GPD,tail,21.39793168391183,0.090625,Puntarenas_OTROS_Hidrometereológico
-0.052428307580119946,0.790543208523713,10675,GPD,tail,21.39793168391183,0.090625,Puntarenas_OTROS_Hidrometereológico
-0.052428307580119946,0.790543208523713,10676,GPD,tail,21.39793168391183,0.090625,Puntarenas_OTROS_Hidrometereológico
-0.052428307580119946,0.790543208523713,10677,GPD,tail,21.39793168391183,0.090625,Puntarenas_OTROS_Hidrometereológico
-0.052428307580119946,0.790543208523713,10678,GPD,tail,21.39793168391183,0.090625,Puntarenas_OTROS_Hidrometereológico
-0.052428307580119946,0.790543208523713,10679,GPD,tail,21.39793168391183,0.090625,Puntarenas_OTROS_Hidrometereológico
-0.052428307580119946,0.790543208523713,10680,GPD,tail,21.39793168391183,0.090625,Puntarenas_OTROS_Hidrometereológico
-0.052428307580119946,0.790543208523713,10681,GPD,tail,21.39793168391183,0.090625,Puntarenas_OTROS_Hidrometereológico
-0.052428307580119946,0.790543208523713,10682,GPD,tail,21.39793168391183,0.090625,Puntarenas_OTROS_Hidrometereológico
-0.052428307580119946,0.790543208523713,10683,GPD,tail,21.39793168391183,0.090625,Puntarenas_OTROS_Hidrometereológico
-0.052428307580119946,0.790543208523713,10684,GPD,tail,21.39793168391183,0.090625,Puntarenas_OTROS_Hidrometereológico
-0.052428307580119946,0.790543208523713,10685,GPD,tail,21.39793168391183,0.090625,Puntarenas_OTROS_Hidrometereológico
-0.052428307580119946,0.790543208523713,10686,GPD,tail,21.39793168391183,0.090625,Puntarenas_OTROS_Hidrometereológico
-0.052428307580119946,0.790543208523713,10687,GPD,tail,21.39793168391183,0.090625,Puntarenas_OTROS_Hidrometereológico
-0.052428307580119946,0.790543208523713,10688,GPD,tail,21.39793168391183,0.090625,Puntarenas_OTROS_Hidrometereológico
-0.052428307580119946,0.790543208523713,10689,GPD,tail,21.39793168391183,0.090625,Puntarenas_OTROS_Hidrometereológico
-0.019616493299805374,0.8595055288713318,10690,GPD,tail,21.39793168391183,0.090625,Puntarenas_OTROS_Hidrometereológico
-0.019616493299805374,0.8595055288713318,10691,GPD,tail,21.39793168391183,0.090625,Puntarenas_OTROS_Hidrometereológico
-0.019616493299805374,0.8595055288713318,10692,GPD,tail,21.39793168391183,0.090625,Puntarenas_OTROS_Hidrometereológico
-0.019616493299805374,0.8595055288713318,10693,GPD,tail,21.39793168391183,0.090625,Puntarenas_OTROS_Hidrometereológico
-0.019616493299805374,0.8595055288713318,10694,GPD,tail,21.39793168391183,0.090625,Puntarenas_OTROS_Hidrometereológico
-0.019616493299805374,0.8595055288713318,10695,GPD,tail,21.39793168391183,0.090625,Puntarenas_OTROS_Hidrometereológico
-0.019616493299805374,0.8595055288713318,10696,GPD,tail,21.39793168391183,0.090625,Puntarenas_OTROS_Hidrometereológico
-0.019616493299805374,0.8595055288713318,10697,GPD,tail,21.39793168391183,0.090625,Puntarenas_OTROS_Hidrometereológico
-0.019616493299805374,0.8595055288713318,10698,GPD,tail,21.39793168391183,0.090625,Puntarenas_OTROS_Hidrometereológico
-0.019616493299805374,0.8595055288713318,10699,GPD,tail,21.39793168391183,0.090625,Puntarenas_OTROS_Hidrometereológico
-0.019616493299805374,0.8595055288713318,10700,GPD,tail,21.39793168391183,0.090625,Puntarenas_OTROS_Hidrometereológico
-0.019616493299805374,0.8595055288713318,10701,GPD,tail,21.39793168391183,0.090625,Puntarenas_OTROS_Hidrometereológico
0.01957593357332068,0.8027995327339612,10702,GPD,tail,21.39793168391183,0.090625,Puntarenas_OTROS_Hidrometereológico
0.01957593357332068,0.8027995327339612,10703,GPD,tail,21.39793168391183,0.090625,Puntarenas_OTROS_Hidrometereológico
0.01957593357332068,0.8027995327339612,10704,GPD,tail,21.39793168391183,0.090625,Puntarenas_OTROS_Hidrometereológico
0.01957593357332068,0.8027995327339612,10705,GPD,tail,21.39793168391183,0.090625,Puntarenas_OTROS_Hidrometereológico
0.01957593357332068,0.8027995327339612,10706,GPD,tail,21.39793168391183,0.090625,Puntarenas_OTROS_Hidrometereológico
0.01957593357332068,0.8027995327339612,10707,GPD,tail,21.39793168391183,0.090625,Puntarenas_OTROS_Hidrometereológico
0.01957593357332068,0.8027995327339612,10708,GPD,tail,21.39793168391183,0.090625,Puntarenas_OTROS_Hidrometereológico
-0.009301245130729777,0.8658087547631244,10709,GPD,tail,21.39793168391183,0.090625,Puntarenas_OTROS_Hidrometereológico
-0.009301245130729777,0.8658087547631244,10710,GPD,tail,21.39793168391183,0.090625,Puntarenas_OTROS_Hidrometereológico
-0.009301245130729777,0.8658087547631244,10711,GPD,tail,21.39793168391183,0.090625,Puntarenas_OTROS_Hidrometereológico
-0.009301245130729777,0.8658087547631244,10712,GPD,tail,21.39793168391183,0.090625,Puntarenas_OTROS_Hidrometereológico
-0.009301245130729777,0.8658087547631244,10713,GPD,tail,21.39793168391183,0.090625,Puntarenas_OTROS_Hidrometereológico
-0.009301245130729777,0.8658087547631244,10714,GPD,tail,21.39793168391183,0.090625,Puntarenas_OTROS_Hidrometereológico
-0.009301245130729777,0.8658087547631244,10715,GPD,tail,21.39793168391183,0.090625,Puntarenas_OTROS_Hidrometereológico
-0.009301245130729777,0.8658087547631244,10716,GPD,tail,21.39793168391183,0.090625,Puntarenas_OTROS_Hidrometereológico
-0.009301245130729777,0.8658087547631244,10717,GPD,tail,21.39793168391183,0.090625,Puntarenas_OTROS_Hidrometereológico
-0.009301245130729777,0.8658087547631244,10718,GPD,tail,21.39793168391183,0.090625,Puntarenas_OTROS_Hidrometereológico
-0.009301245130729777,0.8658087547631244,10719,GPD,tail,21.39793168391183,0.090625,Puntarenas_OTROS_Hidrometereológico
-0.009301245130729777,0.8658087547631244,10720,GPD,tail,21.39793168391183,0.090625,Puntarenas_OTROS_Hidrometereológico
-0.009301245130729777,0.8658087547631244,10721,GPD,tail,21.39793168391183,0.090625,Puntarenas_OTROS_Hidrometereológico
-0.009301245130729777,0.8658087547631244,10722,GPD,tail,21.39793168391183,0.090625,Puntarenas_OTROS_Hidrometereológico
-0.04638772972112368,0.7689713074516779,10723,GPD,tail,21.39793168391183,0.090625,Puntarenas_OTROS_Hidrometereológico
-0.08320667551884164,0.9639625524301396,10724,GPD,tail,21.39793168391183,0.090625,Puntarenas_OTROS_Hidrometereológico
-0.14149601258783193,0.895553919234355,10725,GPD,tail,21.39793168391183,0.090625,Puntarenas_OTROS_Hidrometereológico
-0.14149601258783193,0.895553919234355,10726,GPD,tail,21.39793168391183,0.090625,Puntarenas_OTROS_Hidrometereológico
-0.14149601258783193,0.895553919234355,10727,GPD,tail,21.39793168391183,0.090625,Puntarenas_OTROS_Hidrometereológico
-0.14149601258783193,0.895553919234355,10728,GPD,tail,21.39793168391183,0.090625,Puntarenas_OTROS_Hidrometereológico
-0.14149601258783193,0.895553919234355,10729,GPD,tail,21.39793168391183,0.090625,Puntarenas_OTROS_Hidrometereológico
-0.14149601258783193,0.895553919234355,10730,GPD,tail,21.39793168391183,0.090625,Puntarenas_OTROS_Hidrometereológico
-0.14149601258783193,0.895553919234355,10731,GPD,tail,21.39793168391183,0.090625,Puntarenas_OTROS_Hidrometereológico
-0.14149601258783193,0.895553919234355,10732,GPD,tail,21.39793168391183,0.090625,Puntarenas_OTROS_Hidrometereológico
-0.14149601258783193,0.895553919234355,10733,GPD,tail,21.39793168391183,0.090625,Puntarenas_OTROS_Hidrometereológico
-0.14149601258783193,0.895553919234355,10734,GPD,tail,21.39793168391183,0.090625,Puntarenas_OTROS_Hidrometereológico
-0.14149601258783193,0.895553919234355,10735,GPD,tail,21.39793168391183,0.090625,Puntarenas_OTROS_Hidrometereológico
-0.14149601258783193,0.895553919234355,10736,GPD,tail,21.39793168391183,0.090625,Puntarenas_OTROS_Hidrometereológico
-0.14149601258783193,0.895553919234355,10737,GPD,tail,21.39793168391183,0.090625,Puntarenas_OTROS_Hidrometereológico
-0.14149601258783193,0.895553919234355,10738,GPD,tail,21.39793168391183,0.090625,Puntarenas_OTROS_Hidrometereológico
-0.14149601258783193,0.895553919234355,10739,GPD,tail,21.39793168391183,0.090625,Puntarenas_OTROS_Hidrometereológico
-0.14149601258783193,0.895553919234355,10740,GPD,tail,21.39793168391183,0.090625,Puntarenas_OTROS_Hidrometereológico
-0.14149601258783193,0.895553919234355,10741,GPD,tail,21.39793168391183,0.090625,Puntarenas_OTROS_Hidrometereológico
-0.03281213833413074,0.731086340024184,10742,GPD,tail,21.39793168391183,0.090625,Puntarenas_OTROS_Hidrometereológico
-0.03281213833413074,0.731086340024184,10743,GPD,tail,21.39793168391183,0.090625,Puntarenas_OTROS_Hidrometereológico
-0.03281213833413074,0.731086340024184,10744,GPD,tail,21.39793168391183,0.090625,Puntarenas_OTROS_Hidrometereológico
-0.03281213833413074,0.731086340024184,10745,GPD,tail,21.39793168391183,0.090625,Puntarenas_OTROS_Hidrometereológico
-0.03281213833413074,0.731086340024184,10746,GPD,tail,21.39793168391183,0.090625,Puntarenas_OTROS_Hidrometereológico
-0.11333740813344229,0.9725080420241958,10747,GPD,tail,21.39793168391183,0.090625,Puntarenas_OTROS_Hidrometereológico
-0.11333740813344229,0.9725080420241958,10748,GPD,tail,21.39793168391183,0.090625,Puntarenas_OTROS_Hidrometereológico
-0.04666335793405796,0.9487705949754041,10749,GPD,tail,21.39793168391183,0.090625,Puntarenas_OTROS_Hidrometereológico
-0.04666335793405796,0.9487705949754041,10750,GPD,tail,21.39793168391183,0.090625,Puntarenas_OTROS_Hidrometereológico
-0.10511495040004323,0.8115690968605416,10751,GPD,tail,21.39793168391183,0.090625,Puntarenas_OTROS_Hidrometereológico
-0.10511495040004323,0.8115690968605416,10752,GPD,tail,21.39793168391183,0.090625,Puntarenas_OTROS_Hidrometereológico
-0.10511495040004323,0.8115690968605416,10753,GPD,tail,21.39793168391183,0.090625,Puntarenas_OTROS_Hidrometereológico
-0.10511495040004323,0.8115690968605416,10754,GPD,tail,21.39793168391183,0.090625,Puntarenas_OTROS_Hidrometereológico
-0.10511495040004323,0.8115690968605416,10755,GPD,tail,21.39793168391183,0.090625,Puntarenas_OTROS_Hidrometereológico
-0.10511495040004323,0.8115690968605416,10756,GPD,tail,21.39793168391183,0.090625,Puntarenas_OTROS_Hidrometereológico
-0.10511495040004323,0.8115690968605416,10757,GPD,tail,21.39793168391183,0.090625,Puntarenas_OTROS_Hidrometereológico
-0.10511495040004323,0.8115690968605416,10758,GPD,tail,21.39793168391183,0.090625,Puntarenas_OTROS_Hidrometereológico
-0.10511495040004323,0.8115690968605416,10759,GPD,tail,21.39793168391183,0.090625,Puntarenas_OTROS_Hidrometereológico
-0.10511495040004323,0.8115690968605416,10760,GPD,tail,21.39793168391183,0.090625,Puntarenas_OTROS_Hidrometereológico
-0.10511495040004323,0.8115690968605416,10761,GPD,tail,21.39793168391183,0.090625,Puntarenas_OTROS_Hidrometereológico
-0.10511495040004323,0.8115690968605416,10762,GPD,tail,21.39793168391183,0.090625,Puntarenas_OTROS_Hidrometereológico
-0.10511495040004323,0.8115690968605416,10763,GPD,tail,21.39793168391183,0.090625,Puntarenas_OTROS_Hidrometereológico
-0.10511495040004323,0.8115690968605416,10764,GPD,tail,21.39793168391183,0.090625,Puntarenas_OTROS_Hidrometereológico
0.022655686468336683,0.6805743876466419,10765,GPD,tail,21.39793168391183,0.090625,Puntarenas_OTROS_Hidrometereológico
0.022655686468336683,0.6805743876466419,10766,GPD,tail,21.39793168391183,0.090625,Puntarenas_OTROS_Hidrometereológico
0.022655686468336683,0.6805743876466419,10767,GPD,tail,21.39793168391183,0.090625,Puntarenas_OTROS_Hidrometereológico
0.022655686468336683,0.6805743876466419,10768,GPD,tail,21.39793168391183,0.090625,Puntarenas_OTROS_Hidrometereológico
0.022655686468336683,0.6805743876466419,10769,GPD,tail,21.39793168391183,0.090625,Puntarenas_OTROS_Hidrometereológico
0.08099649948206591,0.6743730107366317,10770,GPD,tail,21.39793168391183,0.090625,Puntarenas_OTROS_Hidrometereológico
0.08099649948206591,0.6743730107366317,10771,GPD,tail,21.39793168391183,0.090625,Puntarenas_OTROS_Hidrometereológico
0.08099649948206591,0.6743730107366317,10772,GPD,tail,21.39793168391183,0.090625,Puntarenas_OTROS_Hidrometereológico
0.08099649948206591,0.6743730107366317,10773,GPD,tail,21.39793168391183,0.090625,Puntarenas_OTROS_Hidrometereológico
0.019946777430024196,0.8138229510304996,10774,GPD,tail,21.39793168391183,0.090625,Puntarenas_OTROS_Hidrometereológico
0.019946777430024196,0.8138229510304996,10775,GPD,tail,21.39793168391183,0.090625,Puntarenas_OTROS_Hidrometereológico
0.019946777430024196,0.8138229510304996,10776,GPD,tail,21.39793168391183,0.090625,Puntarenas_OTROS_Hidrometereológico
0.019946777430024196,0.8138229510304996,10777,GPD,tail,21.39793168391183,0.090625,Puntarenas_OTROS_Hidrometereológico
0.019946777430024196,0.8138229510304996,10778,GPD,tail,21.39793168391183,0.090625,Puntarenas_OTROS_Hidrometereológico
0.019946777430024196,0.8138229510304996,10779,GPD,tail,21.39793168391183,0.090625,Puntarenas_OTROS_Hidrometereológico
0.019946777430024196,0.8138229510304996,10780,GPD,tail,21.39793168391183,0.090625,Puntarenas_OTROS_Hidrometereológico
0.019946777430024196,0.8138229510304996,10781,GPD,tail,21.39793168391183,0.090625,Puntarenas_OTROS_Hidrometereológico
0.019946777430024196,0.8138229510304996,10782,GPD,tail,21.39793168391183,0.090625,Puntarenas_OTROS_Hidrometereológico
0.019946777430024196,0.8138229510304996,10783,GPD,tail,21.39793168391183,0.090625,Puntarenas_OTROS_Hidrometereológico
0.019946777430024196,0.8138229510304996,10784,GPD,tail,21.39793168391183,0.090625,Puntarenas_OTROS_Hidrometereológico
0.019946777430024196,0.8138229510304996,10785,GPD,tail,21.39793168391183,0.090625,Puntarenas_OTROS_Hidrometereológico
0.019946777430024196,0.8138229510304996,10786,GPD,tail,21.39793168391183,0.090625,Puntarenas_OTROS_Hidrometereológico
0.019946777430024196,0.8138229510304996,10787,GPD,tail,21.39793168391183,0.090625,Puntarenas_OTROS_Hidrometereológico
0.019946777430024196,0.8138229510304996,10788,GPD,tail,21.39793168391183,0.090625,Puntarenas_OTROS_Hidrometereológico
0.019946777430024196,0.8138229510304996,10789,GPD,tail,21.39793168391183,0.090625,Puntarenas_OTROS_Hidrometereológico
0.019946777430024196,0.8138229510304996,10790,GPD,tail,21.39793168391183,0.090625,Puntarenas_OTROS_Hidrometereológico
-0.011416093175976125,0.8440552448606689,10791,GPD,tail,21.39793168391183,0.090625,Puntarenas_OTROS_Hidrometereológico
-0.011416093175976125,0.8440552448606689,10792,GPD,tail,21.39793168391183,0.090625,Puntarenas_OTROS_Hidrometereológico
-0.011416093175976125,0.8440552448606689,10793,GPD,tail,21.39793168391183,0.090625,Puntarenas_OTROS_Hidrometereológico
-0.011416093175976125,0.8440552448606689,10794,GPD,tail,21.39793168391183,0.090625,Puntarenas_OTROS_Hidrometereológico
-0.011416093175976125,0.8440552448606689,10795,GPD,tail,21.39793168391183,0.090625,Puntarenas_OTROS_Hidrometereológico
-0.011416093175976125,0.8440552448606689,10796,GPD,tail,21.39793168391183,0.090625,Puntarenas_OTROS_Hidrometereológico
-0.011416093175976125,0.8440552448606689,10797,GPD,tail,21.39793168391183,0.090625,Puntarenas_OTROS_Hidrometereológico
-0.011416093175976125,0.8440552448606689,10798,GPD,tail,21.39793168391183,0.090625,Puntarenas_OTROS_Hidrometereológico
-0.011416093175976125,0.8440552448606689,10799,GPD,tail,21.39793168391183,0.090625,Puntarenas_OTROS_Hidrometereológico
-0.011416093175976125,0.8440552448606689,10800,GPD,tail,21.39793168391183,0.090625,Puntarenas_OTROS_Hidrometereológico
-0.011416093175976125,0.8440552448606689,10801,GPD,tail,21.39793168391183,0.090625,Puntarenas_OTROS_Hidrometereológico
-0.011416093175976125,0.8440552448606689,10802,GPD,tail,21.39793168391183,0.090625,Puntarenas_OTROS_Hidrometereológico
-0.011416093175976125,0.8440552448606689,10803,GPD,tail,21.39793168391183,0.090625,Puntarenas_OTROS_Hidrometereológico
-0.011416093175976125,0.8440552448606689,10804,GPD,tail,21.39793168391183,0.090625,Puntarenas_OTROS_Hidrometereológico
-0.011416093175976125,0.8440552448606689,10805,GPD,tail,21.39793168391183,0.090625,Puntarenas_OTROS_Hidrometereológico
-0.011416093175976125,0.8440552448606689,10806,GPD,tail,21.39793168391183,0.090625,Puntarenas_OTROS_Hidrometereológico
-0.011416093175976125,0.8440552448606689,10807,GPD,tail,21.39793168391183,0.090625,Puntarenas_OTROS_Hidrometereológico
-0.011416093175976125,0.8440552448606689,10808,GPD,tail,21.39793168391183,0.090625,Puntarenas_OTROS_Hidrometereológico
-0.011416093175976125,0.8440552448606689,10809,GPD,tail,21.39793168391183,0.090625,Puntarenas_OTROS_Hidrometereológico
-0.011416093175976125,0.8440552448606689,10810,GPD,tail,21.39793168391183,0.090625,Puntarenas_OTROS_Hidrometereológico
-0.011416093175976125,0.8440552448606689,10811,GPD,tail,21.39793168391183,0.090625,Puntarenas_OTROS_Hidrometereológico
-0.011416093175976125,0.8440552448606689,10812,GPD,tail,21.39793168391183,0.090625,Puntarenas_OTROS_Hidrometereológico
-0.011416093175976125,0.8440552448606689,10813,GPD,tail,21.39793168391183,0.090625,Puntarenas_OTROS_Hidrometereológico
-0.011416093175976125,0.8440552448606689,10814,GPD,tail,21.39793168391183,0.090625,Puntarenas_OTROS_Hidrometereológico
-0.011416093175976125,0.8440552448606689,10815,GPD,tail,21.39793168391183,0.090625,Puntarenas_OTROS_Hidrometereológico
-0.011416093175976125,0.8440552448606689,10816,GPD,tail,21.39793168391183,0.090625,Puntarenas_OTROS_Hidrometereológico
-0.011416093175976125,0.8440552448606689,10817,GPD,tail,21.39793168391183,0.090625,Puntarenas_OTROS_Hidrometereológico
-0.011416093175976125,0.8440552448606689,10818,GPD,tail,21.39793168391183,0.090625,Puntarenas_OTROS_Hidrometereológico
-0.011416093175976125,0.8440552448606689,10819,GPD,tail,21.39793168391183,0.090625,Puntarenas_OTROS_Hidrometereológico
-0.011416093175976125,0.8440552448606689,10820,GPD,tail,21.39793168391183,0.090625,Puntarenas_OTROS_Hidrometereológico
-0.011416093175976125,0.8440552448606689,10821,GPD,tail,21.39793168391183,0.090625,Puntarenas_OTROS_Hidrometereológico
-0.011416093175976125,0.8440552448606689,10822,GPD,tail,21.39793168391183,0.090625,Puntarenas_OTROS_Hidrometereológico
0.00017085035858704564,0.76239431288467,10823,GPD,tail,21.39793168391183,0.090625,Puntarenas_OTROS_Hidrometereológico
0.027736876346832782,0.8353712280206658,10824,GPD,tail,21.39793168391183,0.090625,Puntarenas_OTROS_Hidrometereológico
0.027736876346832782,0.8353712280206658,10825,GPD,tail,21.39793168391183,0.090625,Puntarenas_OTROS_Hidrometereológico
0.027736876346832782,0.8353712280206658,10826,GPD,tail,21.39793168391183,0.090625,Puntarenas_OTROS_Hidrometereológico
0.027736876346832782,0.8353712280206658,10827,GPD,tail,21.39793168391183,0.090625,Puntarenas_OTROS_Hidrometereológico
0.027736876346832782,0.8353712280206658,10828,GPD,tail,21.39793168391183,0.090625,Puntarenas_OTROS_Hidrometereológico
0.027736876346832782,0.8353712280206658,10829,GPD,tail,21.39793168391183,0.090625,Puntarenas_OTROS_Hidrometereológico
0.027736876346832782,0.8353712280206658,10830,GPD,tail,21.39793168391183,0.090625,Puntarenas_OTROS_Hidrometereológico
0.027736876346832782,0.8353712280206658,10831,GPD,tail,21.39793168391183,0.090625,Puntarenas_OTROS_Hidrometereológico
0.027736876346832782,0.8353712280206658,10832,GPD,tail,21.39793168391183,0.090625,Puntarenas_OTROS_Hidrometereológico
-0.06772501269536531,0.9180076856571167,10833,GPD,tail,21.39793168391183,0.090625,Puntarenas_OTROS_Hidrometereológico
-0.06772501269536531,0.9180076856571167,10834,GPD,tail,21.39793168391183,0.090625,Puntarenas_OTROS_Hidrometereológico
-0.06772501269536531,0.9180076856571167,10835,GPD,tail,21.39793168391183,0.090625,Puntarenas_OTROS_Hidrometereológico
-0.06772501269536531,0.9180076856571167,10836,GPD,tail,21.39793168391183,0.090625,Puntarenas_OTROS_Hidrometereológico
-0.06772501269536531,0.9180076856571167,10837,GPD,tail,21.39793168391183,0.090625,Puntarenas_OTROS_Hidrometereológico
-0.06772501269536531,0.9180076856571167,10838,GPD,tail,21.39793168391183,0.090625,Puntarenas_OTROS_Hidrometereológico
-0.06772501269536531,0.9180076856571167,10839,GPD,tail,21.39793168391183,0.090625,Puntarenas_OTROS_Hidrometereológico
-0.06772501269536531,0.9180076856571167,10840,GPD,tail,21.39793168391183,0.090625,Puntarenas_OTROS_Hidrometereológico
-0.06772501269536531,0.9180076856571167,10841,GPD,tail,21.39793168391183,0.090625,Puntarenas_OTROS_Hidrometereológico
-0.06772501269536531,0.9180076856571167,10842,GPD,tail,21.39793168391183,0.090625,Puntarenas_OTROS_Hidrometereológico
-0.06772501269536531,0.9180076856571167,10843,GPD,tail,21.39793168391183,0.090625,Puntarenas_OTROS_Hidrometereológico
-0.06772501269536531,0.9180076856571167,10844,GPD,tail,21.39793168391183,0.090625,Puntarenas_OTROS_Hidrometereológico
-0.06772501269536531,0.9180076856571167,10845,GPD,tail,21.39793168391183,0.090625,Puntarenas_OTROS_Hidrometereológico
-0.06772501269536531,0.9180076856571167,10846,GPD,tail,21.39793168391183,0.090625,Puntarenas_OTROS_Hidrometereológico
-0.06772501269536531,0.9180076856571167,10847,GPD,tail,21.39793168391183,0.090625,Puntarenas_OTROS_Hidrometereológico
-0.06772501269536531,0.9180076856571167,10848,GPD,tail,21.39793168391183,0.090625,Puntarenas_OTROS_Hidrometereológico
-0.06772501269536531,0.9180076856571167,10849,GPD,tail,21.39793168391183,0.090625,Puntarenas_OTROS_Hidrometereológico
-0.06772501269536531,0.9180076856571167,10850,GPD,tail,21.39793168391183,0.090625,Puntarenas_OTROS_Hidrometereológico
-0.06772501269536531,0.9180076856571167,10851,GPD,tail,21.39793168391183,0.090625,Puntarenas_OTROS_Hidrometereológico
-0.06772501269536531,0.9180076856571167,10852,GPD,tail,21.39793168391183,0.090625,Puntarenas_OTROS_Hidrometereológico
-0.06772501269536531,0.9180076856571167,10853,GPD,tail,21.39793168391183,0.090625,Puntarenas_OTROS_Hidrometereológico
-0.06772501269536531,0.9180076856571167,10854,GPD,tail,21.39793168391183,0.090625,Puntarenas_OTROS_Hidrometereológico
-0.06772501269536531,0.9180076856571167,10855,GPD,tail,21.39793168391183,0.090625,Puntarenas_OTROS_Hidrometereológico
-0.06772501269536531,0.9180076856571167,10856,GPD,tail,21.39793168391183,0.090625,Puntarenas_OTROS_Hidrometereológico
-0.06772501269536531,0.9180076856571167,10857,GPD,tail,21.39793168391183,0.090625,Puntarenas_OTROS_Hidrometereológico
-0.06772501269536531,0.9180076856571167,10858,GPD,tail,21.39793168391183,0.090625,Puntarenas_OTROS_Hidrometereológico
-0.06772501269536531,0.9180076856571167,10859,GPD,tail,21.39793168391183,0.090625,Puntarenas_OTROS_Hidrometereológico
-0.06772501269536531,0.9180076856571167,10860,GPD,tail,21.39793168391183,0.090625,Puntarenas_OTROS_Hidrometereológico
-0.06772501269536531,0.9180076856571167,10861,GPD,tail,21.39793168391183,0.090625,Puntarenas_OTROS_Hidrometereológico
-0.10164453067735402,0.849323298240388,10862,GPD,tail,21.39793168391183,0.090625,Puntarenas_OTROS_Hidrometereológico
-0.10164453067735402,0.849323298240388,10863,GPD,tail,21.39793168391183,0.090625,Puntarenas_OTROS_Hidrometereológico
-0.10164453067735402,0.849323298240388,10864,GPD,tail,21.39793168391183,0.090625,Puntarenas_OTROS_Hidrometereológico
-0.10164453067735402,0.849323298240388,10865,GPD,tail,21.39793168391183,0.090625,Puntarenas_OTROS_Hidrometereológico
-0.10164453067735402,0.849323298240388,10866,GPD,tail,21.39793168391183,0.090625,Puntarenas_OTROS_Hidrometereológico
-0.10164453067735402,0.849323298240388,10867,GPD,tail,21.39793168391183,0.090625,Puntarenas_OTROS_Hidrometereológico
-0.10164453067735402,0.849323298240388,10868,GPD,tail,21.39793168391183,0.090625,Puntarenas_OTROS_Hidrometereológico
-0.10164453067735402,0.849323298240388,10869,GPD,tail,21.39793168391183,0.090625,Puntarenas_OTROS_Hidrometereológico
-0.10164453067735402,0.849323298240388,10870,GPD,tail,21.39793168391183,0.090625,Puntarenas_OTROS_Hidrometereológico
-0.10164453067735402,0.849323298240388,10871,GPD,tail,21.39793168391183,0.090625,Puntarenas_OTROS_Hidrometereológico
-0.10164453067735402,0.849323298240388,10872,GPD,tail,21.39793168391183,0.090625,Puntarenas_OTROS_Hidrometereológico
-0.10164453067735402,0.849323298240388,10873,GPD,tail,21.39793168391183,0.090625,Puntarenas_OTROS_Hidrometereológico
-0.10164453067735402,0.849323298240388,10874,GPD,tail,21.39793168391183,0.090625,Puntarenas_OTROS_Hidrometereológico
-0.012130771778032734,0.8204421406528271,10875,GPD,tail,21.39793168391183,0.090625,Puntarenas_OTROS_Hidrometereológico
-0.012130771778032734,0.8204421406528271,10876,GPD,tail,21.39793168391183,0.090625,Puntarenas_OTROS_Hidrometereológico
-0.012130771778032734,0.8204421406528271,10877,GPD,tail,21.39793168391183,0.090625,Puntarenas_OTROS_Hidrometereológico
-0.012130771778032734,0.8204421406528271,10878,GPD,tail,21.39793168391183,0.090625,Puntarenas_OTROS_Hidrometereológico
-0.012130771778032734,0.8204421406528271,10879,GPD,tail,21.39793168391183,0.090625,Puntarenas_OTROS_Hidrometereológico
-0.012130771778032734,0.8204421406528271,10880,GPD,tail,21.39793168391183,0.090625,Puntarenas_OTROS_Hidrometereológico
-0.012130771778032734,0.8204421406528271,10881,GPD,tail,21.39793168391183,0.090625,Puntarenas_OTROS_Hidrometereológico
-0.012130771778032734,0.8204421406528271,10882,GPD,tail,21.39793168391183,0.090625,Puntarenas_OTROS_Hidrometereológico
-0.012130771778032734,0.8204421406528271,10883,GPD,tail,21.39793168391183,0.090625,Puntarenas_OTROS_Hidrometereológico
-0.012130771778032734,0.8204421406528271,10884,GPD,tail,21.39793168391183,0.090625,Puntarenas_OTROS_Hidrometereológico
-0.012130771778032734,0.8204421406528271,10885,GPD,tail,21.39793168391183,0.090625,Puntarenas_OTROS_Hidrometereológico
-0.012130771778032734,0.8204421406528271,10886,GPD,tail,21.39793168391183,0.090625,Puntarenas_OTROS_Hidrometereológico
-0.012130771778032734,0.8204421406528271,10887,GPD,tail,21.39793168391183,0.090625,Puntarenas_OTROS_Hidrometereológico
-0.012130771778032734,0.8204421406528271,10888,GPD,tail,21.39793168391183,0.090625,Puntarenas_OTROS_Hidrometereológico
-0.012130771778032734,0.8204421406528271,10889,GPD,tail,21.39793168391183,0.090625,Puntarenas_OTROS_Hidrometereológico
-0.012130771778032734,0.8204421406528271,10890,GPD,tail,21.39793168391183,0.090625,Puntarenas_OTROS_Hidrometereológico
-0.012130771778032734,0.8204421406528271,10891,GPD,tail,21.39793168391183,0.090625,Puntarenas_OTROS_Hidrometereológico
-0.012130771778032734,0.8204421406528271,10892,GPD,tail,21.39793168391183,0.090625,Puntarenas_OTROS_Hidrometereológico
-0.012130771778032734,0.8204421406528271,10893,GPD,tail,21.39793168391183,0.090625,Puntarenas_OTROS_Hidrometereológico
-0.012130771778032734,0.8204421406528271,10894,GPD,tail,21.39793168391183,0.090625,Puntarenas_OTROS_Hidrometereológico
-0.012130771778032734,0.8204421406528271,10895,GPD,tail,21.39793168391183,0.090625,Puntarenas_OTROS_Hidrometereológico
-0.012130771778032734,0.8204421406528271,10896,GPD,tail,21.39793168391183,0.090625,Puntarenas_OTROS_Hidrometereológico
-0.012130771778032734,0.8204421406528271,10897,GPD,tail,21.39793168391183,0.090625,Puntarenas_OTROS_Hidrometereológico
-0.012130771778032734,0.8204421406528271,10898,GPD,tail,21.39793168391183,0.090625,Puntarenas_OTROS_Hidrometereológico
-0.012130771778032734,0.8204421406528271,10899,GPD,tail,21.39793168391183,0.090625,Puntarenas_OTROS_Hidrometereológico
-0.012130771778032734,0.8204421406528271,10900,GPD,tail,21.39793168391183,0.090625,Puntarenas_OTROS_Hidrometereológico
-0.012130771778032734,0.8204421406528271,10901,GPD,tail,21.39793168391183,0.090625,Puntarenas_OTROS_Hidrometereológico
-0.012130771778032734,0.8204421406528271,10902,GPD,tail,21.39793168391183,0.090625,Puntarenas_OTROS_Hidrometereológico
-0.012130771778032734,0.8204421406528271,10903,GPD,tail,21.39793168391183,0.090625,Puntarenas_OTROS_Hidrometereológico
-0.012130771778032734,0.8204421406528271,10904,GPD,tail,21.39793168391183,0.090625,Puntarenas_OTROS_Hidrometereológico
-0.012130771778032734,0.8204421406528271,10905,GPD,tail,21.39793168391183,0.090625,Puntarenas_OTROS_Hidrometereológico
-0.012130771778032734,0.8204421406528271,10906,GPD,tail,21.39793168391183,0.090625,Puntarenas_OTROS_Hidrometereológico
-0.012130771778032734,0.8204421406528271,10907,GPD,tail,21.39793168391183,0.090625,Puntarenas_OTROS_Hidrometereológico
-0.012130771778032734,0.8204421406528271,10908,GPD,tail,21.39793168391183,0.090625,Puntarenas_OTROS_Hidrometereológico
-0.012130771778032734,0.8204421406528271,10909,GPD,tail,21.39793168391183,0.090625,Puntarenas_OTROS_Hidrometereológico
-0.012130771778032734,0.8204421406528271,10910,GPD,tail,21.39793168391183,0.090625,Puntarenas_OTROS_Hidrometereológico
-0.012130771778032734,0.8204421406528271,10911,GPD,tail,21.39793168391183,0.090625,Puntarenas_OTROS_Hidrometereológico
-0.012130771778032734,0.8204421406528271,10912,GPD,tail,21.39793168391183,0.090625,Puntarenas_OTROS_Hidrometereológico
-0.012130771778032734,0.8204421406528271,10913,GPD,tail,21.39793168391183,0.090625,Puntarenas_OTROS_Hidrometereológico
-0.012130771778032734,0.8204421406528271,10914,GPD,tail,21.39793168391183,0.090625,Puntarenas_OTROS_Hidrometereológico
-0.012130771778032734,0.8204421406528271,10915,GPD,tail,21.39793168391183,0.090625,Puntarenas_OTROS_Hidrometereológico
-0.012130771778032734,0.8204421406528271,10916,GPD,tail,21.39793168391183,0.090625,Puntarenas_OTROS_Hidrometereológico
-0.012130771778032734,0.8204421406528271,10917,GPD,tail,21.39793168391183,0.090625,Puntarenas_OTROS_Hidrometereológico
-0.012130771778032734,0.8204421406528271,10918,GPD,tail,21.39793168391183,0.090625,Puntarenas_OTROS_Hidrometereológico
-0.012130771778032734,0.8204421406528271,10919,GPD,tail,21.39793168391183,0.090625,Puntarenas_OTROS_Hidrometereológico
-0.012130771778032734,0.8204421406528271,10920,GPD,tail,21.39793168391183,0.090625,Puntarenas_OTROS_Hidrometereológico
-0.012130771778032734,0.8204421406528271,10921,GPD,tail,21.39793168391183,0.090625,Puntarenas_OTROS_Hidrometereológico
-0.012130771778032734,0.8204421406528271,10922,GPD,tail,21.39793168391183,0.090625,Puntarenas_OTROS_Hidrometereológico
-0.012130771778032734,0.8204421406528271,10923,GPD,tail,21.39793168391183,0.090625,Puntarenas_OTROS_Hidrometereológico
-0.012130771778032734,0.8204421406528271,10924,GPD,tail,21.39793168391183,0.090625,Puntarenas_OTROS_Hidrometereológico
-0.012130771778032734,0.8204421406528271,10925,GPD,tail,21.39793168391183,0.090625,Puntarenas_OTROS_Hidrometereológico
-0.012130771778032734,0.8204421406528271,10926,GPD,tail,21.39793168391183,0.090625,Puntarenas_OTROS_Hidrometereológico
-0.012130771778032734,0.8204421406528271,10927,GPD,tail,21.39793168391183,0.090625,Puntarenas_OTROS_Hidrometereológico
-0.012130771778032734,0.8204421406528271,10928,GPD,tail,21.39793168391183,0.090625,Puntarenas_OTROS_Hidrometereológico
-0.012130771778032734,0.8204421406528271,10929,GPD,tail,21.39793168391183,0.090625,Puntarenas_OTROS_Hidrometereológico
-0.012130771778032734,0.8204421406528271,10930,GPD,tail,21.39793168391183,0.090625,Puntarenas_OTROS_Hidrometereológico
-0.012130771778032734,0.8204421406528271,10931,GPD,tail,21.39793168391183,0.090625,Puntarenas_OTROS_Hidrometereológico
-0.012130771778032734,0.8204421406528271,10932,GPD,tail,21.39793168391183,0.090625,Puntarenas_OTROS_Hidrometereológico
-0.012130771778032734,0.8204421406528271,10933,GPD,tail,21.39793168391183,0.090625,Puntarenas_OTROS_Hidrometereológico
-0.012130771778032734,0.8204421406528271,10934,GPD,tail,21.39793168391183,0.090625,Puntarenas_OTROS_Hidrometereológico
-0.012130771778032734,0.8204421406528271,10935,GPD,tail,21.39793168391183,0.090625,Puntarenas_OTROS_Hidrometereológico
-0.012130771778032734,0.8204421406528271,10936,GPD,tail,21.39793168391183,0.090625,Puntarenas_OTROS_Hidrometereológico
-0.012130771778032734,0.8204421406528271,10937,GPD,tail,21.39793168391183,0.090625,Puntarenas_OTROS_Hidrometereológico
-0.012130771778032734,0.8204421406528271,10938,GPD,tail,21.39793168391183,0.090625,Puntarenas_OTROS_Hidrometereológico
-0.038544426663550985,0.8260746688066283,10939,GPD,tail,21.39793168391183,0.090625,Puntarenas_OTROS_Hidrometereológico
-0.038544426663550985,0.8260746688066283,10940,GPD,tail,21.39793168391183,0.090625,Puntarenas_OTROS_Hidrometereológico
-0.038544426663550985,0.8260746688066283,10941,GPD,tail,21.39793168391183,0.090625,Puntarenas_OTROS_Hidrometereológico
-0.038544426663550985,0.8260746688066283,10942,GPD,tail,21.39793168391183,0.090625,Puntarenas_OTROS_Hidrometereológico
-0.038544426663550985,0.8260746688066283,10943,GPD,tail,21.39793168391183,0.090625,Puntarenas_OTROS_Hidrometereológico
-0.038544426663550985,0.8260746688066283,10944,GPD,tail,21.39793168391183,0.090625,Puntarenas_OTROS_Hidrometereológico
-0.038544426663550985,0.8260746688066283,10945,GPD,tail,21.39793168391183,0.090625,Puntarenas_OTROS_Hidrometereológico
-0.038544426663550985,0.8260746688066283,10946,GPD,tail,21.39793168391183,0.090625,Puntarenas_OTROS_Hidrometereológico
-0.038544426663550985,0.8260746688066283,10947,GPD,tail,21.39793168391183,0.090625,Puntarenas_OTROS_Hidrometereológico
-0.038544426663550985,0.8260746688066283,10948,GPD,tail,21.39793168391183,0.090625,Puntarenas_OTROS_Hidrometereológico
-0.038544426663550985,0.8260746688066283,10949,GPD,tail,21.39793168391183,0.090625,Puntarenas_OTROS_Hidrometereológico
-0.038544426663550985,0.8260746688066283,10950,GPD,tail,21.39793168391183,0.090625,Puntarenas_OTROS_Hidrometereológico
-0.038544426663550985,0.8260746688066283,10951,GPD,tail,21.39793168391183,0.090625,Puntarenas_OTROS_Hidrometereológico
-0.038544426663550985,0.8260746688066283,10952,GPD,tail,21.39793168391183,0.090625,Puntarenas_OTROS_Hidrometereológico
-0.038544426663550985,0.8260746688066283,10953,GPD,tail,21.39793168391183,0.090625,Puntarenas_OTROS_Hidrometereológico
-0.038544426663550985,0.8260746688066283,10954,GPD,tail,21.39793168391183,0.090625,Puntarenas_OTROS_Hidrometereológico
-0.038544426663550985,0.8260746688066283,10955,GPD,tail,21.39793168391183,0.090625,Puntarenas_OTROS_Hidrometereológico
-0.038544426663550985,0.8260746688066283,10956,GPD,tail,21.39793168391183,0.090625,Puntarenas_OTROS_Hidrometereológico
-0.038544426663550985,0.8260746688066283,10957,GPD,tail,21.39793168391183,0.090625,Puntarenas_OTROS_Hidrometereológico
-0.038544426663550985,0.8260746688066283,10958,GPD,tail,21.39793168391183,0.090625,Puntarenas_OTROS_Hidrometereológico
-0.038544426663550985,0.8260746688066283,10959,GPD,tail,21.39793168391183,0.090625,Puntarenas_OTROS_Hidrometereológico
-0.038544426663550985,0.8260746688066283,10960,GPD,tail,21.39793168391183,0.090625,Puntarenas_OTROS_Hidrometereológico
-0.038544426663550985,0.8260746688066283,10961,GPD,tail,21.39793168391183,0.090625,Puntarenas_OTROS_Hidrometereológico
-0.038544426663550985,0.8260746688066283,10962,GPD,tail,21.39793168391183,0.090625,Puntarenas_OTROS_Hidrometereológico
-0.038544426663550985,0.8260746688066283,10963,GPD,tail,21.39793168391183,0.090625,Puntarenas_OTROS_Hidrometereológico
-0.038544426663550985,0.8260746688066283,10964,GPD,tail,21.39793168391183,0.090625,Puntarenas_OTROS_Hidrometereológico
-0.038544426663550985,0.8260746688066283,10965,GPD,tail,21.39793168391183,0.090625,Puntarenas_OTROS_Hidrometereológico
-0.038544426663550985,0.8260746688066283,10966,GPD,tail,21.39793168391183,0.090625,Puntarenas_OTROS_Hidrometereológico
-0.038544426663550985,0.8260746688066283,10967,GPD,tail,21.39793168391183,0.090625,Puntarenas_OTROS_Hidrometereológico
-0.038544426663550985,0.8260746688066283,10968,GPD,tail,21.39793168391183,0.090625,Puntarenas_OTROS_Hidrometereológico
-0.038544426663550985,0.8260746688066283,10969,GPD,tail,21.39793168391183,0.090625,Puntarenas_OTROS_Hidrometereológico
-0.038544426663550985,0.8260746688066283,10970,GPD,tail,21.39793168391183,0.090625,Puntarenas_OTROS_Hidrometereológico
-0.038544426663550985,0.8260746688066283,10971,GPD,tail,21.39793168391183,0.090625,Puntarenas_OTROS_Hidrometereológico
-0.038544426663550985,0.8260746688066283,10972,GPD,tail,21.39793168391183,0.090625,Puntarenas_OTROS_Hidrometereológico
-0.038544426663550985,0.8260746688066283,10973,GPD,tail,21.39793168391183,0.090625,Puntarenas_OTROS_Hidrometereológico
-0.038544426663550985,0.8260746688066283,10974,GPD,tail,21.39793168391183,0.090625,Puntarenas_OTROS_Hidrometereológico
-0.038544426663550985,0.8260746688066283,10975,GPD,tail,21.39793168391183,0.090625,Puntarenas_OTROS_Hidrometereológico
-0.038544426663550985,0.8260746688066283,10976,GPD,tail,21.39793168391183,0.090625,Puntarenas_OTROS_Hidrometereológico
-0.038544426663550985,0.8260746688066283,10977,GPD,tail,21.39793168391183,0.090625,Puntarenas_OTROS_Hidrometereológico
-0.17367196805762752,1.006655078014096,10978,GPD,tail,21.39793168391183,0.090625,Puntarenas_OTROS_Hidrometereológico
-0.17367196805762752,1.006655078014096,10979,GPD,tail,21.39793168391183,0.090625,Puntarenas_OTROS_Hidrometereológico
-0.17367196805762752,1.006655078014096,10980,GPD,tail,21.39793168391183,0.090625,Puntarenas_OTROS_Hidrometereológico
-0.17367196805762752,1.006655078014096,10981,GPD,tail,21.39793168391183,0.090625,Puntarenas_OTROS_Hidrometereológico
-0.17367196805762752,1.006655078014096,10982,GPD,tail,21.39793168391183,0.090625,Puntarenas_OTROS_Hidrometereológico
-0.17367196805762752,1.006655078014096,10983,GPD,tail,21.39793168391183,0.090625,Puntarenas_OTROS_Hidrometereológico
-0.17367196805762752,1.006655078014096,10984,GPD,tail,21.39793168391183,0.090625,Puntarenas_OTROS_Hidrometereológico
-0.17367196805762752,1.006655078014096,10985,GPD,tail,21.39793168391183,0.090625,Puntarenas_OTROS_Hidrometereológico
-0.17367196805762752,1.006655078014096,10986,GPD,tail,21.39793168391183,0.090625,Puntarenas_OTROS_Hidrometereológico
-0.17367196805762752,1.006655078014096,10987,GPD,tail,21.39793168391183,0.090625,Puntarenas_OTROS_Hidrometereológico
-0.06771810784170418,0.7787064632320815,10988,GPD,tail,21.39793168391183,0.090625,Puntarenas_OTROS_Hidrometereológico
-0.06771810784170418,0.7787064632320815,10989,GPD,tail,21.39793168391183,0.090625,Puntarenas_OTROS_Hidrometereológico
-0.06771810784170418,0.7787064632320815,10990,GPD,tail,21.39793168391183,0.090625,Puntarenas_OTROS_Hidrometereológico
0.012653750001070205,0.8345222347415754,10991,GPD,tail,21.39793168391183,0.090625,Puntarenas_OTROS_Hidrometereológico
0.012653750001070205,0.8345222347415754,10992,GPD,tail,21.39793168391183,0.090625,Puntarenas_OTROS_Hidrometereológico
0.012653750001070205,0.8345222347415754,10993,GPD,tail,21.39793168391183,0.090625,Puntarenas_OTROS_Hidrometereológico
0.012653750001070205,0.8345222347415754,10994,GPD,tail,21.39793168391183,0.090625,Puntarenas_OTROS_Hidrometereológico
0.012653750001070205,0.8345222347415754,10995,GPD,tail,21.39793168391183,0.090625,Puntarenas_OTROS_Hidrometereológico
0.012653750001070205,0.8345222347415754,10996,GPD,tail,21.39793168391183,0.090625,Puntarenas_OTROS_Hidrometereológico
0.012653750001070205,0.8345222347415754,10997,GPD,tail,21.39793168391183,0.090625,Puntarenas_OTROS_Hidrometereológico
0.012653750001070205,0.8345222347415754,10998,GPD,tail,21.39793168391183,0.090625,Puntarenas_OTROS_Hidrometereológico
0.012653750001070205,0.8345222347415754,10999,GPD,tail,21.39793168391183,0.090625,Puntarenas_OTROS_Hidrometereológico
0.012653750001070205,0.8345222347415754,11000,GPD,tail,21.39793168391183,0.090625,Puntarenas_OTROS_Hidrometereológico
0.012653750001070205,0.8345222347415754,11001,GPD,tail,21.39793168391183,0.090625,Puntarenas_OTROS_Hidrometereológico
0.012653750001070205,0.8345222347415754,11002,GPD,tail,21.39793168391183,0.090625,Puntarenas_OTROS_Hidrometereológico
0.012653750001070205,0.8345222347415754,11003,GPD,tail,21.39793168391183,0.090625,Puntarenas_OTROS_Hidrometereológico
0.012653750001070205,0.8345222347415754,11004,GPD,tail,21.39793168391183,0.090625,Puntarenas_OTROS_Hidrometereológico
0.012653750001070205,0.8345222347415754,11005,GPD,tail,21.39793168391183,0.090625,Puntarenas_OTROS_Hidrometereológico
0.012653750001070205,0.8345222347415754,11006,GPD,tail,21.39793168391183,0.090625,Puntarenas_OTROS_Hidrometereológico
0.012653750001070205,0.8345222347415754,11007,GPD,tail,21.39793168391183,0.090625,Puntarenas_OTROS_Hidrometereológico
0.012653750001070205,0.8345222347415754,11008,GPD,tail,21.39793168391183,0.090625,Puntarenas_OTROS_Hidrometereológico
0.012653750001070205,0.8345222347415754,11009,GPD,tail,21.39793168391183,0.090625,Puntarenas_OTROS_Hidrometereológico
0.012653750001070205,0.8345222347415754,11010,GPD,tail,21.39793168391183,0.090625,Puntarenas_OTROS_Hidrometereológico
0.012653750001070205,0.8345222347415754,11011,GPD,tail,21.39793168391183,0.090625,Puntarenas_OTROS_Hidrometereológico
0.012653750001070205,0.8345222347415754,11012,GPD,tail,21.39793168391183,0.090625,Puntarenas_OTROS_Hidrometereológico
0.012653750001070205,0.8345222347415754,11013,GPD,tail,21.39793168391183,0.090625,Puntarenas_OTROS_Hidrometereológico
0.012653750001070205,0.8345222347415754,11014,GPD,tail,21.39793168391183,0.090625,Puntarenas_OTROS_Hidrometereológico
0.012653750001070205,0.8345222347415754,11015,GPD,tail,21.39793168391183,0.090625,Puntarenas_OTROS_Hidrometereológico
0.012653750001070205,0.8345222347415754,11016,GPD,tail,21.39793168391183,0.090625,Puntarenas_OTROS_Hidrometereológico
0.012653750001070205,0.8345222347415754,11017,GPD,tail,21.39793168391183,0.090625,Puntarenas_OTROS_Hidrometereológico
0.012653750001070205,0.8345222347415754,11018,GPD,tail,21.39793168391183,0.090625,Puntarenas_OTROS_Hidrometereológico
-0.07469995120690671,0.8505161752009378,11019,GPD,tail,21.39793168391183,0.090625,Puntarenas_OTROS_Hidrometereológico
-0.07469995120690671,0.8505161752009378,11020,GPD,tail,21.39793168391183,0.090625,Puntarenas_OTROS_Hidrometereológico
-0.07469995120690671,0.8505161752009378,11021,GPD,tail,21.39793168391183,0.090625,Puntarenas_OTROS_Hidrometereológico
-0.07469995120690671,0.8505161752009378,11022,GPD,tail,21.39793168391183,0.090625,Puntarenas_OTROS_Hidrometereológico
-0.07469995120690671,0.8505161752009378,11023,GPD,tail,21.39793168391183,0.090625,Puntarenas_OTROS_Hidrometereológico
-0.07469995120690671,0.8505161752009378,11024,GPD,tail,21.39793168391183,0.090625,Puntarenas_OTROS_Hidrometereológico
-0.07469995120690671,0.8505161752009378,11025,GPD,tail,21.39793168391183,0.090625,Puntarenas_OTROS_Hidrometereológico
-0.07469995120690671,0.8505161752009378,11026,GPD,tail,21.39793168391183,0.090625,Puntarenas_OTROS_Hidrometereológico
-0.07469995120690671,0.8505161752009378,11027,GPD,tail,21.39793168391183,0.090625,Puntarenas_OTROS_Hidrometereológico
-0.07469995120690671,0.8505161752009378,11028,GPD,tail,21.39793168391183,0.090625,Puntarenas_OTROS_Hidrometereológico
-0.07469995120690671,0.8505161752009378,11029,GPD,tail,21.39793168391183,0.090625,Puntarenas_OTROS_Hidrometereológico
-0.07469995120690671,0.8505161752009378,11030,GPD,tail,21.39793168391183,0.090625,Puntarenas_OTROS_Hidrometereológico
-0.07469995120690671,0.8505161752009378,11031,GPD,tail,21.39793168391183,0.090625,Puntarenas_OTROS_Hidrometereológico
-0.07469995120690671,0.8505161752009378,11032,GPD,tail,21.39793168391183,0.090625,Puntarenas_OTROS_Hidrometereológico
-0.07469995120690671,0.8505161752009378,11033,GPD,tail,21.39793168391183,0.090625,Puntarenas_OTROS_Hidrometereológico
-0.07469995120690671,0.8505161752009378,11034,GPD,tail,21.39793168391183,0.090625,Puntarenas_OTROS_Hidrometereológico
-0.0579176426634537,0.7839920559852187,11035,GPD,tail,21.39793168391183,0.090625,Puntarenas_OTROS_Hidrometereológico
-0.0579176426634537,0.7839920559852187,11036,GPD,tail,21.39793168391183,0.090625,Puntarenas_OTROS_Hidrometereológico
-0.0579176426634537,0.7839920559852187,11037,GPD,tail,21.39793168391183,0.090625,Puntarenas_OTROS_Hidrometereológico
-0.0579176426634537,0.7839920559852187,11038,GPD,tail,21.39793168391183,0.090625,Puntarenas_OTROS_Hidrometereológico
-0.0579176426634537,0.7839920559852187,11039,GPD,tail,21.39793168391183,0.090625,Puntarenas_OTROS_Hidrometereológico
-0.0579176426634537,0.7839920559852187,11040,GPD,tail,21.39793168391183,0.090625,Puntarenas_OTROS_Hidrometereológico
-0.0579176426634537,0.7839920559852187,11041,GPD,tail,21.39793168391183,0.090625,Puntarenas_OTROS_Hidrometereológico
-0.0579176426634537,0.7839920559852187,11042,GPD,tail,21.39793168391183,0.090625,Puntarenas_OTROS_Hidrometereológico
-0.0579176426634537,0.7839920559852187,11043,GPD,tail,21.39793168391183,0.090625,Puntarenas_OTROS_Hidrometereológico
-0.0579176426634537,0.7839920559852187,11044,GPD,tail,21.39793168391183,0.090625,Puntarenas_OTROS_Hidrometereológico
-0.0579176426634537,0.7839920559852187,11045,GPD,tail,21.39793168391183,0.090625,Puntarenas_OTROS_Hidrometereológico
-0.0579176426634537,0.7839920559852187,11046,GPD,tail,21.39793168391183,0.090625,Puntarenas_OTROS_Hidrometereológico
-0.0579176426634537,0.7839920559852187,11047,GPD,tail,21.39793168391183,0.090625,Puntarenas_OTROS_Hidrometereológico
-0.0579176426634537,0.7839920559852187,11048,GPD,tail,21.39793168391183,0.090625,Puntarenas_OTROS_Hidrometereológico
-0.0579176426634537,0.7839920559852187,11049,GPD,tail,21.39793168391183,0.090625,Puntarenas_OTROS_Hidrometereológico
-0.0579176426634537,0.7839920559852187,11050,GPD,tail,21.39793168391183,0.090625,Puntarenas_OTROS_Hidrometereológico
-0.015826464478882155,0.7648937736570849,11051,GPD,tail,21.39793168391183,0.090625,Puntarenas_OTROS_Hidrometereológico
-0.015826464478882155,0.7648937736570849,11052,GPD,tail,21.39793168391183,0.090625,Puntarenas_OTROS_Hidrometereológico
-0.015826464478882155,0.7648937736570849,11053,GPD,tail,21.39793168391183,0.090625,Puntarenas_OTROS_Hidrometereológico
-0.015826464478882155,0.7648937736570849,11054,GPD,tail,21.39793168391183,0.090625,Puntarenas_OTROS_Hidrometereológico
-0.015826464478882155,0.7648937736570849,11055,GPD,tail,21.39793168391183,0.090625,Puntarenas_OTROS_Hidrometereológico
-0.015826464478882155,0.7648937736570849,11056,GPD,tail,21.39793168391183,0.090625,Puntarenas_OTROS_Hidrometereológico
-0.015826464478882155,0.7648937736570849,11057,GPD,tail,21.39793168391183,0.090625,Puntarenas_OTROS_Hidrometereológico
-0.015826464478882155,0.7648937736570849,11058,GPD,tail,21.39793168391183,0.090625,Puntarenas_OTROS_Hidrometereológico
-0.015826464478882155,0.7648937736570849,11059,GPD,tail,21.39793168391183,0.090625,Puntarenas_OTROS_Hidrometereológico
-0.046567680260037825,0.8924718553808009,11060,GPD,tail,21.39793168391183,0.090625,Puntarenas_OTROS_Hidrometereológico
-0.046567680260037825,0.8924718553808009,11061,GPD,tail,21.39793168391183,0.090625,Puntarenas_OTROS_Hidrometereológico
-0.046567680260037825,0.8924718553808009,11062,GPD,tail,21.39793168391183,0.090625,Puntarenas_OTROS_Hidrometereológico
-0.046567680260037825,0.8924718553808009,11063,GPD,tail,21.39793168391183,0.090625,Puntarenas_OTROS_Hidrometereológico
-0.046567680260037825,0.8924718553808009,11064,GPD,tail,21.39793168391183,0.090625,Puntarenas_OTROS_Hidrometereológico
-0.046567680260037825,0.8924718553808009,11065,GPD,tail,21.39793168391183,0.090625,Puntarenas_OTROS_Hidrometereológico
-0.046567680260037825,0.8924718553808009,11066,GPD,tail,21.39793168391183,0.090625,Puntarenas_OTROS_Hidrometereológico
-0.046567680260037825,0.8924718553808009,11067,GPD,tail,21.39793168391183,0.090625,Puntarenas_OTROS_Hidrometereológico
-0.046567680260037825,0.8924718553808009,11068,GPD,tail,21.39793168391183,0.090625,Puntarenas_OTROS_Hidrometereológico
-0.046567680260037825,0.8924718553808009,11069,GPD,tail,21.39793168391183,0.090625,Puntarenas_OTROS_Hidrometereológico
-0.046567680260037825,0.8924718553808009,11070,GPD,tail,21.39793168391183,0.090625,Puntarenas_OTROS_Hidrometereológico
-0.046567680260037825,0.8924718553808009,11071,GPD,tail,21.39793168391183,0.090625,Puntarenas_OTROS_Hidrometereológico
-0.046567680260037825,0.8924718553808009,11072,GPD,tail,21.39793168391183,0.090625,Puntarenas_OTROS_Hidrometereológico
-0.046567680260037825,0.8924718553808009,11073,GPD,tail,21.39793168391183,0.090625,Puntarenas_OTROS_Hidrometereológico
-0.046567680260037825,0.8924718553808009,11074,GPD,tail,21.39793168391183,0.090625,Puntarenas_OTROS_Hidrometereológico
-0.046567680260037825,0.8924718553808009,11075,GPD,tail,21.39793168391183,0.090625,Puntarenas_OTROS_Hidrometereológico
-0.046567680260037825,0.8924718553808009,11076,GPD,tail,21.39793168391183,0.090625,Puntarenas_OTROS_Hidrometereológico
-0.046567680260037825,0.8924718553808009,11077,GPD,tail,21.39793168391183,0.090625,Puntarenas_OTROS_Hidrometereológico
-0.046567680260037825,0.8924718553808009,11078,GPD,tail,21.39793168391183,0.090625,Puntarenas_OTROS_Hidrometereológico
-0.046567680260037825,0.8924718553808009,11079,GPD,tail,21.39793168391183,0.090625,Puntarenas_OTROS_Hidrometereológico
-0.046567680260037825,0.8924718553808009,11080,GPD,tail,21.39793168391183,0.090625,Puntarenas_OTROS_Hidrometereológico
-0.046567680260037825,0.8924718553808009,11081,GPD,tail,21.39793168391183,0.090625,Puntarenas_OTROS_Hidrometereológico
-0.0785683168916533,0.8963366315993792,11082,GPD,tail,21.39793168391183,0.090625,Puntarenas_OTROS_Hidrometereológico
-0.0785683168916533,0.8963366315993792,11083,GPD,tail,21.39793168391183,0.090625,Puntarenas_OTROS_Hidrometereológico
-0.0785683168916533,0.8963366315993792,11084,GPD,tail,21.39793168391183,0.090625,Puntarenas_OTROS_Hidrometereológico
-0.0785683168916533,0.8963366315993792,11085,GPD,tail,21.39793168391183,0.090625,Puntarenas_OTROS_Hidrometereológico
-0.0785683168916533,0.8963366315993792,11086,GPD,tail,21.39793168391183,0.090625,Puntarenas_OTROS_Hidrometereológico
-0.0785683168916533,0.8963366315993792,11087,GPD,tail,21.39793168391183,0.090625,Puntarenas_OTROS_Hidrometereológico
-0.0785683168916533,0.8963366315993792,11088,GPD,tail,21.39793168391183,0.090625,Puntarenas_OTROS_Hidrometereológico
-0.0785683168916533,0.8963366315993792,11089,GPD,tail,21.39793168391183,0.090625,Puntarenas_OTROS_Hidrometereológico
-0.0785683168916533,0.8963366315993792,11090,GPD,tail,21.39793168391183,0.090625,Puntarenas_OTROS_Hidrometereológico
-0.0785683168916533,0.8963366315993792,11091,GPD,tail,21.39793168391183,0.090625,Puntarenas_OTROS_Hidrometereológico
-0.0785683168916533,0.8963366315993792,11092,GPD,tail,21.39793168391183,0.090625,Puntarenas_OTROS_Hidrometereológico
-0.0785683168916533,0.8963366315993792,11093,GPD,tail,21.39793168391183,0.090625,Puntarenas_OTROS_Hidrometereológico
-0.0785683168916533,0.8963366315993792,11094,GPD,tail,21.39793168391183,0.090625,Puntarenas_OTROS_Hidrometereológico
-0.0785683168916533,0.8963366315993792,11095,GPD,tail,21.39793168391183,0.090625,Puntarenas_OTROS_Hidrometereológico
-0.0785683168916533,0.8963366315993792,11096,GPD,tail,21.39793168391183,0.090625,Puntarenas_OTROS_Hidrometereológico
-0.0785683168916533,0.8963366315993792,11097,GPD,tail,21.39793168391183,0.090625,Puntarenas_OTROS_Hidrometereológico
-0.0785683168916533,0.8963366315993792,11098,GPD,tail,21.39793168391183,0.090625,Puntarenas_OTROS_Hidrometereológico
-0.0785683168916533,0.8963366315993792,11099,GPD,tail,21.39793168391183,0.090625,Puntarenas_OTROS_Hidrometereológico
-0.0785683168916533,0.8963366315993792,11100,GPD,tail,21.39793168391183,0.090625,Puntarenas_OTROS_Hidrometereológico
-0.0785683168916533,0.8963366315993792,11101,GPD,tail,21.39793168391183,0.090625,Puntarenas_OTROS_Hidrometereológico
-0.0785683168916533,0.8963366315993792,11102,GPD,tail,21.39793168391183,0.090625,Puntarenas_OTROS_Hidrometereológico
-0.0785683168916533,0.8963366315993792,11103,GPD,tail,21.39793168391183,0.090625,Puntarenas_OTROS_Hidrometereológico
-0.0785683168916533,0.8963366315993792,11104,GPD,tail,21.39793168391183,0.090625,Puntarenas_OTROS_Hidrometereológico
0.16806614231074177,0.6591062321180777,11105,GPD,tail,21.39793168391183,0.090625,Puntarenas_OTROS_Hidrometereológico
0.16806614231074177,0.6591062321180777,11106,GPD,tail,21.39793168391183,0.090625,Puntarenas_OTROS_Hidrometereológico
0.16806614231074177,0.6591062321180777,11107,GPD,tail,21.39793168391183,0.090625,Puntarenas_OTROS_Hidrometereológico
0.16806614231074177,0.6591062321180777,11108,GPD,tail,21.39793168391183,0.090625,Puntarenas_OTROS_Hidrometereológico
0.16806614231074177,0.6591062321180777,11109,GPD,tail,21.39793168391183,0.090625,Puntarenas_OTROS_Hidrometereológico
0.16806614231074177,0.6591062321180777,11110,GPD,tail,21.39793168391183,0.090625,Puntarenas_OTROS_Hidrometereológico
0.16806614231074177,0.6591062321180777,11111,GPD,tail,21.39793168391183,0.090625,Puntarenas_OTROS_Hidrometereológico
0.16806614231074177,0.6591062321180777,11112,GPD,tail,21.39793168391183,0.090625,Puntarenas_OTROS_Hidrometereológico
0.021331622426836006,0.9458669892126057,11113,GPD,tail,21.39793168391183,0.090625,Puntarenas_OTROS_Hidrometereológico
0.021331622426836006,0.9458669892126057,11114,GPD,tail,21.39793168391183,0.090625,Puntarenas_OTROS_Hidrometereológico
0.021331622426836006,0.9458669892126057,11115,GPD,tail,21.39793168391183,0.090625,Puntarenas_OTROS_Hidrometereológico
0.021331622426836006,0.9458669892126057,11116,GPD,tail,21.39793168391183,0.090625,Puntarenas_OTROS_Hidrometereológico
0.021331622426836006,0.9458669892126057,11117,GPD,tail,21.39793168391183,0.090625,Puntarenas_OTROS_Hidrometereológico
-0.13659299103586142,1.0048523506651819,11118,GPD,tail,21.39793168391183,0.090625,Puntarenas_OTROS_Hidrometereológico
0.04650580943260729,0.8359239604297848,11119,GPD,tail,21.39793168391183,0.090625,Puntarenas_OTROS_Hidrometereológico
0.04650580943260729,0.8359239604297848,11120,GPD,tail,21.39793168391183,0.090625,Puntarenas_OTROS_Hidrometereológico
0.04650580943260729,0.8359239604297848,11121,GPD,tail,21.39793168391183,0.090625,Puntarenas_OTROS_Hidrometereológico
0.04650580943260729,0.8359239604297848,11122,GPD,tail,21.39793168391183,0.090625,Puntarenas_OTROS_Hidrometereológico
0.04650580943260729,0.8359239604297848,11123,GPD,tail,21.39793168391183,0.090625,Puntarenas_OTROS_Hidrometereológico
0.04650580943260729,0.8359239604297848,11124,GPD,tail,21.39793168391183,0.090625,Puntarenas_OTROS_Hidrometereológico
-0.09812925568085176,0.8917842851494264,11125,GPD,tail,21.39793168391183,0.090625,Puntarenas_OTROS_Hidrometereológico
-0.09812925568085176,0.8917842851494264,11126,GPD,tail,21.39793168391183,0.090625,Puntarenas_OTROS_Hidrometereológico
-0.09812925568085176,0.8917842851494264,11127,GPD,tail,21.39793168391183,0.090625,Puntarenas_OTROS_Hidrometereológico
-0.09812925568085176,0.8917842851494264,11128,GPD,tail,21.39793168391183,0.090625,Puntarenas_OTROS_Hidrometereológico
-0.09812925568085176,0.8917842851494264,11129,GPD,tail,21.39793168391183,0.090625,Puntarenas_OTROS_Hidrometereológico
-0.09812925568085176,0.8917842851494264,11130,GPD,tail,21.39793168391183,0.090625,Puntarenas_OTROS_Hidrometereológico
0.06375889058495157,0.7579683729356913,11131,GPD,tail,21.39793168391183,0.090625,Puntarenas_OTROS_Hidrometereológico
0.006205529462290332,0.8481926974071756,11132,GPD,tail,21.39793168391183,0.090625,Puntarenas_OTROS_Hidrometereológico
0.006205529462290332,0.8481926974071756,11133,GPD,tail,21.39793168391183,0.090625,Puntarenas_OTROS_Hidrometereológico
0.006205529462290332,0.8481926974071756,11134,GPD,tail,21.39793168391183,0.090625,Puntarenas_OTROS_Hidrometereológico
0.006205529462290332,0.8481926974071756,11135,GPD,tail,21.39793168391183,0.090625,Puntarenas_OTROS_Hidrometereológico
0.006205529462290332,0.8481926974071756,11136,GPD,tail,21.39793168391183,0.090625,Puntarenas_OTROS_Hidrometereológico
0.006205529462290332,0.8481926974071756,11137,GPD,tail,21.39793168391183,0.090625,Puntarenas_OTROS_Hidrometereológico
-0.06119318787368298,0.868051469198799,11138,GPD,tail,21.39793168391183,0.090625,Puntarenas_OTROS_Hidrometereológico
-0.06119318787368298,0.868051469198799,11139,GPD,tail,21.39793168391183,0.090625,Puntarenas_OTROS_Hidrometereológico
-0.06119318787368298,0.868051469198799,11140,GPD,tail,21.39793168391183,0.090625,Puntarenas_OTROS_Hidrometereológico
-0.06119318787368298,0.868051469198799,11141,GPD,tail,21.39793168391183,0.090625,Puntarenas_OTROS_Hidrometereológico
-0.06119318787368298,0.868051469198799,11142,GPD,tail,21.39793168391183,0.090625,Puntarenas_OTROS_Hidrometereológico
-0.06119318787368298,0.868051469198799,11143,GPD,tail,21.39793168391183,0.090625,Puntarenas_OTROS_Hidrometereológico
-0.06119318787368298,0.868051469198799,11144,GPD,tail,21.39793168391183,0.090625,Puntarenas_OTROS_Hidrometereológico
-0.06119318787368298,0.868051469198799,11145,GPD,tail,21.39793168391183,0.090625,Puntarenas_OTROS_Hidrometereológico
-0.06119318787368298,0.868051469198799,11146,GPD,tail,21.39793168391183,0.090625,Puntarenas_OTROS_Hidrometereológico
-0.06119318787368298,0.868051469198799,11147,GPD,tail,21.39793168391183,0.090625,Puntarenas_OTROS_Hidrometereológico
-0.06119318787368298,0.868051469198799,11148,GPD,tail,21.39793168391183,0.090625,Puntarenas_OTROS_Hidrometereológico
-0.06119318787368298,0.868051469198799,11149,GPD,tail,21.39793168391183,0.090625,Puntarenas_OTROS_Hidrometereológico
-0.06119318787368298,0.868051469198799,11150,GPD,tail,21.39793168391183,0.090625,Puntarenas_OTROS_Hidrometereológico
-0.06119318787368298,0.868051469198799,11151,GPD,tail,21.39793168391183,0.090625,Puntarenas_OTROS_Hidrometereológico
-0.06119318787368298,0.868051469198799,11152,GPD,tail,21.39793168391183,0.090625,Puntarenas_OTROS_Hidrometereológico
-0.06119318787368298,0.868051469198799,11153,GPD,tail,21.39793168391183,0.090625,Puntarenas_OTROS_Hidrometereológico
-0.06119318787368298,0.868051469198799,11154,GPD,tail,21.39793168391183,0.090625,Puntarenas_OTROS_Hidrometereológico
-0.06119318787368298,0.868051469198799,11155,GPD,tail,21.39793168391183,0.090625,Puntarenas_OTROS_Hidrometereológico
-0.06119318787368298,0.868051469198799,11156,GPD,tail,21.39793168391183,0.090625,Puntarenas_OTROS_Hidrometereológico
-0.06119318787368298,0.868051469198799,11157,GPD,tail,21.39793168391183,0.090625,Puntarenas_OTROS_Hidrometereológico
-0.06119318787368298,0.868051469198799,11158,GPD,tail,21.39793168391183,0.090625,Puntarenas_OTROS_Hidrometereológico
-0.06119318787368298,0.868051469198799,11159,GPD,tail,21.39793168391183,0.090625,Puntarenas_OTROS_Hidrometereológico
-0.06119318787368298,0.868051469198799,11160,GPD,tail,21.39793168391183,0.090625,Puntarenas_OTROS_Hidrometereológico
-0.06119318787368298,0.868051469198799,11161,GPD,tail,21.39793168391183,0.090625,Puntarenas_OTROS_Hidrometereológico
-0.06119318787368298,0.868051469198799,11162,GPD,tail,21.39793168391183,0.090625,Puntarenas_OTROS_Hidrometereológico
-0.06119318787368298,0.868051469198799,11163,GPD,tail,21.39793168391183,0.090625,Puntarenas_OTROS_Hidrometereológico
-0.06119318787368298,0.868051469198799,11164,GPD,tail,21.39793168391183,0.090625,Puntarenas_OTROS_Hidrometereológico
-0.06119318787368298,0.868051469198799,11165,GPD,tail,21.39793168391183,0.090625,Puntarenas_OTROS_Hidrometereológico
-0.06119318787368298,0.868051469198799,11166,GPD,tail,21.39793168391183,0.090625,Puntarenas_OTROS_Hidrometereológico
-0.06119318787368298,0.868051469198799,11167,GPD,tail,21.39793168391183,0.090625,Puntarenas_OTROS_Hidrometereológico
0.018645309624249498,0.9277224747475978,11168,GPD,tail,21.39793168391183,0.090625,Puntarenas_OTROS_Hidrometereológico
0.018645309624249498,0.9277224747475978,11169,GPD,tail,21.39793168391183,0.090625,Puntarenas_OTROS_Hidrometereológico
0.018645309624249498,0.9277224747475978,11170,GPD,tail,21.39793168391183,0.090625,Puntarenas_OTROS_Hidrometereológico
0.018645309624249498,0.9277224747475978,11171,GPD,tail,21.39793168391183,0.090625,Puntarenas_OTROS_Hidrometereológico
0.018645309624249498,0.9277224747475978,11172,GPD,tail,21.39793168391183,0.090625,Puntarenas_OTROS_Hidrometereológico
0.018645309624249498,0.9277224747475978,11173,GPD,tail,21.39793168391183,0.090625,Puntarenas_OTROS_Hidrometereológico
0.018645309624249498,0.9277224747475978,11174,GPD,tail,21.39793168391183,0.090625,Puntarenas_OTROS_Hidrometereológico
0.018645309624249498,0.9277224747475978,11175,GPD,tail,21.39793168391183,0.090625,Puntarenas_OTROS_Hidrometereológico
-0.19651037201274735,1.032246104233645,11176,GPD,tail,21.39793168391183,0.090625,Puntarenas_OTROS_Hidrometereológico
-0.19651037201274735,1.032246104233645,11177,GPD,tail,21.39793168391183,0.090625,Puntarenas_OTROS_Hidrometereológico
-0.19651037201274735,1.032246104233645,11178,GPD,tail,21.39793168391183,0.090625,Puntarenas_OTROS_Hidrometereológico
0.09447679098328432,0.8120380964334557,11179,GPD,tail,21.39793168391183,0.090625,Puntarenas_OTROS_Hidrometereológico
0.09447679098328432,0.8120380964334557,11180,GPD,tail,21.39793168391183,0.090625,Puntarenas_OTROS_Hidrometereológico
0.01772909409848558,0.9317993179511463,11181,GPD,tail,21.39793168391183,0.090625,Puntarenas_OTROS_Hidrometereológico
0.01772909409848558,0.9317993179511463,11182,GPD,tail,21.39793168391183,0.090625,Puntarenas_OTROS_Hidrometereológico
0.01772909409848558,0.9317993179511463,11183,GPD,tail,21.39793168391183,0.090625,Puntarenas_OTROS_Hidrometereológico
0.01772909409848558,0.9317993179511463,11184,GPD,tail,21.39793168391183,0.090625,Puntarenas_OTROS_Hidrometereológico
0.0381403531954895,0.9073275752580703,11185,GPD,tail,21.39793168391183,0.090625,Puntarenas_OTROS_Hidrometereológico
0.0381403531954895,0.9073275752580703,11186,GPD,tail,21.39793168391183,0.090625,Puntarenas_OTROS_Hidrometereológico
0.0381403531954895,0.9073275752580703,11187,GPD,tail,21.39793168391183,0.090625,Puntarenas_OTROS_Hidrometereológico
0.0381403531954895,0.9073275752580703,11188,GPD,tail,21.39793168391183,0.090625,Puntarenas_OTROS_Hidrometereológico
0.0381403531954895,0.9073275752580703,11189,GPD,tail,21.39793168391183,0.090625,Puntarenas_OTROS_Hidrometereológico
-0.13715451164806503,0.8994182650237288,11190,GPD,tail,21.39793168391183,0.090625,Puntarenas_OTROS_Hidrometereológico
-0.13715451164806503,0.8994182650237288,11191,GPD,tail,21.39793168391183,0.090625,Puntarenas_OTROS_Hidrometereológico
-0.13715451164806503,0.8994182650237288,11192,GPD,tail,21.39793168391183,0.090625,Puntarenas_OTROS_Hidrometereológico
-0.13715451164806503,0.8994182650237288,11193,GPD,tail,21.39793168391183,0.090625,Puntarenas_OTROS_Hidrometereológico
-0.13715451164806503,0.8994182650237288,11194,GPD,tail,21.39793168391183,0.090625,Puntarenas_OTROS_Hidrometereológico
-0.13715451164806503,0.8994182650237288,11195,GPD,tail,21.39793168391183,0.090625,Puntarenas_OTROS_Hidrometereológico
-0.13715451164806503,0.8994182650237288,11196,GPD,tail,21.39793168391183,0.090625,Puntarenas_OTROS_Hidrometereológico
-0.13715451164806503,0.8994182650237288,11197,GPD,tail,21.39793168391183,0.090625,Puntarenas_OTROS_Hidrometereológico
-0.13715451164806503,0.8994182650237288,11198,GPD,tail,21.39793168391183,0.090625,Puntarenas_OTROS_Hidrometereológico
-0.13715451164806503,0.8994182650237288,11199,GPD,tail,21.39793168391183,0.090625,Puntarenas_OTROS_Hidrometereológico
-0.13715451164806503,0.8994182650237288,11200,GPD,tail,21.39793168391183,0.090625,Puntarenas_OTROS_Hidrometereológico
-0.13715451164806503,0.8994182650237288,11201,GPD,tail,21.39793168391183,0.090625,Puntarenas_OTROS_Hidrometereológico
-0.13715451164806503,0.8994182650237288,11202,GPD,tail,21.39793168391183,0.090625,Puntarenas_OTROS_Hidrometereológico
-0.13715451164806503,0.8994182650237288,11203,GPD,tail,21.39793168391183,0.090625,Puntarenas_OTROS_Hidrometereológico
-0.13715451164806503,0.8994182650237288,11204,GPD,tail,21.39793168391183,0.090625,Puntarenas_OTROS_Hidrometereológico
-0.13715451164806503,0.8994182650237288,11205,GPD,tail,21.39793168391183,0.090625,Puntarenas_OTROS_Hidrometereológico
-0.13715451164806503,0.8994182650237288,11206,GPD,tail,21.39793168391183,0.090625,Puntarenas_OTROS_Hidrometereológico
-0.13715451164806503,0.8994182650237288,11207,GPD,tail,21.39793168391183,0.090625,Puntarenas_OTROS_Hidrometereológico
-0.04367611648382655,0.8609456477304179,11208,GPD,tail,21.39793168391183,0.090625,Puntarenas_OTROS_Hidrometereológico
-0.04367611648382655,0.8609456477304179,11209,GPD,tail,21.39793168391183,0.090625,Puntarenas_OTROS_Hidrometereológico
-0.06392787030210803,0.8249056922366604,11210,GPD,tail,21.39793168391183,0.090625,Puntarenas_OTROS_Hidrometereológico
-0.06392787030210803,0.8249056922366604,11211,GPD,tail,21.39793168391183,0.090625,Puntarenas_OTROS_Hidrometereológico
-0.06392787030210803,0.8249056922366604,11212,GPD,tail,21.39793168391183,0.090625,Puntarenas_OTROS_Hidrometereológico
-0.06392787030210803,0.8249056922366604,11213,GPD,tail,21.39793168391183,0.090625,Puntarenas_OTROS_Hidrometereológico
-0.06392787030210803,0.8249056922366604,11214,GPD,tail,21.39793168391183,0.090625,Puntarenas_OTROS_Hidrometereológico
-0.06392787030210803,0.8249056922366604,11215,GPD,tail,21.39793168391183,0.090625,Puntarenas_OTROS_Hidrometereológico
-0.06392787030210803,0.8249056922366604,11216,GPD,tail,21.39793168391183,0.090625,Puntarenas_OTROS_Hidrometereológico
-0.06392787030210803,0.8249056922366604,11217,GPD,tail,21.39793168391183,0.090625,Puntarenas_OTROS_Hidrometereológico
-0.06392787030210803,0.8249056922366604,11218,GPD,tail,21.39793168391183,0.090625,Puntarenas_OTROS_Hidrometereológico
-0.06392787030210803,0.8249056922366604,11219,GPD,tail,21.39793168391183,0.090625,Puntarenas_OTROS_Hidrometereológico
-0.06392787030210803,0.8249056922366604,11220,GPD,tail,21.39793168391183,0.090625,Puntarenas_OTROS_Hidrometereológico
-0.06392787030210803,0.8249056922366604,11221,GPD,tail,21.39793168391183,0.090625,Puntarenas_OTROS_Hidrometereológico
-0.06392787030210803,0.8249056922366604,11222,GPD,tail,21.39793168391183,0.090625,Puntarenas_OTROS_Hidrometereológico
-0.06392787030210803,0.8249056922366604,11223,GPD,tail,21.39793168391183,0.090625,Puntarenas_OTROS_Hidrometereológico
-0.06392787030210803,0.8249056922366604,11224,GPD,tail,21.39793168391183,0.090625,Puntarenas_OTROS_Hidrometereológico
-0.06392787030210803,0.8249056922366604,11225,GPD,tail,21.39793168391183,0.090625,Puntarenas_OTROS_Hidrometereológico
-0.06392787030210803,0.8249056922366604,11226,GPD,tail,21.39793168391183,0.090625,Puntarenas_OTROS_Hidrometereológico
-0.06392787030210803,0.8249056922366604,11227,GPD,tail,21.39793168391183,0.090625,Puntarenas_OTROS_Hidrometereológico
0.10729206512119713,0.7857060751170979,11228,GPD,tail,21.39793168391183,0.090625,Puntarenas_OTROS_Hidrometereológico
0.10729206512119713,0.7857060751170979,11229,GPD,tail,21.39793168391183,0.090625,Puntarenas_OTROS_Hidrometereológico
-0.06453583887000813,0.8764769074053143,11230,GPD,tail,21.39793168391183,0.090625,Puntarenas_OTROS_Hidrometereológico
-0.06453583887000813,0.8764769074053143,11231,GPD,tail,21.39793168391183,0.090625,Puntarenas_OTROS_Hidrometereológico
-0.06453583887000813,0.8764769074053143,11232,GPD,tail,21.39793168391183,0.090625,Puntarenas_OTROS_Hidrometereológico
-0.06453583887000813,0.8764769074053143,11233,GPD,tail,21.39793168391183,0.090625,Puntarenas_OTROS_Hidrometereológico
-0.06453583887000813,0.8764769074053143,11234,GPD,tail,21.39793168391183,0.090625,Puntarenas_OTROS_Hidrometereológico
-0.06453583887000813,0.8764769074053143,11235,GPD,tail,21.39793168391183,0.090625,Puntarenas_OTROS_Hidrometereológico
-0.06453583887000813,0.8764769074053143,11236,GPD,tail,21.39793168391183,0.090625,Puntarenas_OTROS_Hidrometereológico
-0.06453583887000813,0.8764769074053143,11237,GPD,tail,21.39793168391183,0.090625,Puntarenas_OTROS_Hidrometereológico
-0.06453583887000813,0.8764769074053143,11238,GPD,tail,21.39793168391183,0.090625,Puntarenas_OTROS_Hidrometereológico
-0.06453583887000813,0.8764769074053143,11239,GPD,tail,21.39793168391183,0.090625,Puntarenas_OTROS_Hidrometereológico
-0.06453583887000813,0.8764769074053143,11240,GPD,tail,21.39793168391183,0.090625,Puntarenas_OTROS_Hidrometereológico
-0.15573397827986796,0.9373233440324553,11241,GPD,tail,21.39793168391183,0.090625,Puntarenas_OTROS_Hidrometereológico
-0.15573397827986796,0.9373233440324553,11242,GPD,tail,21.39793168391183,0.090625,Puntarenas_OTROS_Hidrometereológico
-0.15573397827986796,0.9373233440324553,11243,GPD,tail,21.39793168391183,0.090625,Puntarenas_OTROS_Hidrometereológico
-0.15573397827986796,0.9373233440324553,11244,GPD,tail,21.39793168391183,0.090625,Puntarenas_OTROS_Hidrometereológico
-0.15573397827986796,0.9373233440324553,11245,GPD,tail,21.39793168391183,0.090625,Puntarenas_OTROS_Hidrometereológico
-0.15573397827986796,0.9373233440324553,11246,GPD,tail,21.39793168391183,0.090625,Puntarenas_OTROS_Hidrometereológico
-0.15573397827986796,0.9373233440324553,11247,GPD,tail,21.39793168391183,0.090625,Puntarenas_OTROS_Hidrometereológico
-0.15573397827986796,0.9373233440324553,11248,GPD,tail,21.39793168391183,0.090625,Puntarenas_OTROS_Hidrometereológico
-0.15573397827986796,0.9373233440324553,11249,GPD,tail,21.39793168391183,0.090625,Puntarenas_OTROS_Hidrometereológico
-0.15573397827986796,0.9373233440324553,11250,GPD,tail,21.39793168391183,0.090625,Puntarenas_OTROS_Hidrometereológico
-0.15573397827986796,0.9373233440324553,11251,GPD,tail,21.39793168391183,0.090625,Puntarenas_OTROS_Hidrometereológico
-0.15573397827986796,0.9373233440324553,11252,GPD,tail,21.39793168391183,0.090625,Puntarenas_OTROS_Hidrometereológico
-0.15573397827986796,0.9373233440324553,11253,GPD,tail,21.39793168391183,0.090625,Puntarenas_OTROS_Hidrometereológico
-0.08251765604605871,0.8126409625971801,11254,GPD,tail,21.39793168391183,0.090625,Puntarenas_OTROS_Hidrometereológico
-0.08251765604605871,0.8126409625971801,11255,GPD,tail,21.39793168391183,0.090625,Puntarenas_OTROS_Hidrometereológico
-0.08251765604605871,0.8126409625971801,11256,GPD,tail,21.39793168391183,0.090625,Puntarenas_OTROS_Hidrometereológico
-0.08251765604605871,0.8126409625971801,11257,GPD,tail,21.39793168391183,0.090625,Puntarenas_OTROS_Hidrometereológico
-0.08251765604605871,0.8126409625971801,11258,GPD,tail,21.39793168391183,0.090625,Puntarenas_OTROS_Hidrometereológico
-0.08251765604605871,0.8126409625971801,11259,GPD,tail,21.39793168391183,0.090625,Puntarenas_OTROS_Hidrometereológico
-0.08251765604605871,0.8126409625971801,11260,GPD,tail,21.39793168391183,0.090625,Puntarenas_OTROS_Hidrometereológico
-0.08251765604605871,0.8126409625971801,11261,GPD,tail,21.39793168391183,0.090625,Puntarenas_OTROS_Hidrometereológico
-0.08251765604605871,0.8126409625971801,11262,GPD,tail,21.39793168391183,0.090625,Puntarenas_OTROS_Hidrometereológico
-0.08251765604605871,0.8126409625971801,11263,GPD,tail,21.39793168391183,0.090625,Puntarenas_OTROS_Hidrometereológico
-0.08251765604605871,0.8126409625971801,11264,GPD,tail,21.39793168391183,0.090625,Puntarenas_OTROS_Hidrometereológico
-0.08251765604605871,0.8126409625971801,11265,GPD,tail,21.39793168391183,0.090625,Puntarenas_OTROS_Hidrometereológico
-0.08251765604605871,0.8126409625971801,11266,GPD,tail,21.39793168391183,0.090625,Puntarenas_OTROS_Hidrometereológico
-0.08251765604605871,0.8126409625971801,11267,GPD,tail,21.39793168391183,0.090625,Puntarenas_OTROS_Hidrometereológico
-0.08251765604605871,0.8126409625971801,11268,GPD,tail,21.39793168391183,0.090625,Puntarenas_OTROS_Hidrometereológico
-0.08251765604605871,0.8126409625971801,11269,GPD,tail,21.39793168391183,0.090625,Puntarenas_OTROS_Hidrometereológico
-0.08251765604605871,0.8126409625971801,11270,GPD,tail,21.39793168391183,0.090625,Puntarenas_OTROS_Hidrometereológico
-0.08251765604605871,0.8126409625971801,11271,GPD,tail,21.39793168391183,0.090625,Puntarenas_OTROS_Hidrometereológico
-0.08251765604605871,0.8126409625971801,11272,GPD,tail,21.39793168391183,0.090625,Puntarenas_OTROS_Hidrometereológico
-0.08251765604605871,0.8126409625971801,11273,GPD,tail,21.39793168391183,0.090625,Puntarenas_OTROS_Hidrometereológico
-0.08251765604605871,0.8126409625971801,11274,GPD,tail,21.39793168391183,0.090625,Puntarenas_OTROS_Hidrometereológico
-0.08251765604605871,0.8126409625971801,11275,GPD,tail,21.39793168391183,0.090625,Puntarenas_OTROS_Hidrometereológico
-0.08251765604605871,0.8126409625971801,11276,GPD,tail,21.39793168391183,0.090625,Puntarenas_OTROS_Hidrometereológico
-0.08251765604605871,0.8126409625971801,11277,GPD,tail,21.39793168391183,0.090625,Puntarenas_OTROS_Hidrometereológico
-0.08251765604605871,0.8126409625971801,11278,GPD,tail,21.39793168391183,0.090625,Puntarenas_OTROS_Hidrometereológico
-0.08251765604605871,0.8126409625971801,11279,GPD,tail,21.39793168391183,0.090625,Puntarenas_OTROS_Hidrometereológico
-0.08251765604605871,0.8126409625971801,11280,GPD,tail,21.39793168391183,0.090625,Puntarenas_OTROS_Hidrometereológico
-0.08251765604605871,0.8126409625971801,11281,GPD,tail,21.39793168391183,0.090625,Puntarenas_OTROS_Hidrometereológico
-0.08251765604605871,0.8126409625971801,11282,GPD,tail,21.39793168391183,0.090625,Puntarenas_OTROS_Hidrometereológico
-0.08251765604605871,0.8126409625971801,11283,GPD,tail,21.39793168391183,0.090625,Puntarenas_OTROS_Hidrometereológico
-0.08251765604605871,0.8126409625971801,11284,GPD,tail,21.39793168391183,0.090625,Puntarenas_OTROS_Hidrometereológico
-0.08251765604605871,0.8126409625971801,11285,GPD,tail,21.39793168391183,0.090625,Puntarenas_OTROS_Hidrometereológico
-0.08251765604605871,0.8126409625971801,11286,GPD,tail,21.39793168391183,0.090625,Puntarenas_OTROS_Hidrometereológico
-0.08251765604605871,0.8126409625971801,11287,GPD,tail,21.39793168391183,0.090625,Puntarenas_OTROS_Hidrometereológico
-0.08482442701481836,0.9580578417069079,11288,GPD,tail,21.39793168391183,0.090625,Puntarenas_OTROS_Hidrometereológico
-0.08482442701481836,0.9580578417069079,11289,GPD,tail,21.39793168391183,0.090625,Puntarenas_OTROS_Hidrometereológico
-0.08482442701481836,0.9580578417069079,11290,GPD,tail,21.39793168391183,0.090625,Puntarenas_OTROS_Hidrometereológico
-0.08482442701481836,0.9580578417069079,11291,GPD,tail,21.39793168391183,0.090625,Puntarenas_OTROS_Hidrometereológico
-0.08482442701481836,0.9580578417069079,11292,GPD,tail,21.39793168391183,0.090625,Puntarenas_OTROS_Hidrometereológico
-0.08482442701481836,0.9580578417069079,11293,GPD,tail,21.39793168391183,0.090625,Puntarenas_OTROS_Hidrometereológico
-0.08482442701481836,0.9580578417069079,11294,GPD,tail,21.39793168391183,0.090625,Puntarenas_OTROS_Hidrometereológico
-0.08482442701481836,0.9580578417069079,11295,GPD,tail,21.39793168391183,0.090625,Puntarenas_OTROS_Hidrometereológico
-0.08482442701481836,0.9580578417069079,11296,GPD,tail,21.39793168391183,0.090625,Puntarenas_OTROS_Hidrometereológico
-0.08482442701481836,0.9580578417069079,11297,GPD,tail,21.39793168391183,0.090625,Puntarenas_OTROS_Hidrometereológico
-0.08482442701481836,0.9580578417069079,11298,GPD,tail,21.39793168391183,0.090625,Puntarenas_OTROS_Hidrometereológico
-0.06366781670405909,0.9566166345115777,11299,GPD,tail,21.39793168391183,0.090625,Puntarenas_OTROS_Hidrometereológico
-0.07544903628558773,0.8127281544104,11300,GPD,tail,21.39793168391183,0.090625,Puntarenas_OTROS_Hidrometereológico
-0.07544903628558773,0.8127281544104,11301,GPD,tail,21.39793168391183,0.090625,Puntarenas_OTROS_Hidrometereológico
-0.07544903628558773,0.8127281544104,11302,GPD,tail,21.39793168391183,0.090625,Puntarenas_OTROS_Hidrometereológico
-0.07544903628558773,0.8127281544104,11303,GPD,tail,21.39793168391183,0.090625,Puntarenas_OTROS_Hidrometereológico
-0.07544903628558773,0.8127281544104,11304,GPD,tail,21.39793168391183,0.090625,Puntarenas_OTROS_Hidrometereológico
-0.07544903628558773,0.8127281544104,11305,GPD,tail,21.39793168391183,0.090625,Puntarenas_OTROS_Hidrometereológico
-0.07544903628558773,0.8127281544104,11306,GPD,tail,21.39793168391183,0.090625,Puntarenas_OTROS_Hidrometereológico
-0.07544903628558773,0.8127281544104,11307,GPD,tail,21.39793168391183,0.090625,Puntarenas_OTROS_Hidrometereológico
-0.07544903628558773,0.8127281544104,11308,GPD,tail,21.39793168391183,0.090625,Puntarenas_OTROS_Hidrometereológico
-0.07544903628558773,0.8127281544104,11309,GPD,tail,21.39793168391183,0.090625,Puntarenas_OTROS_Hidrometereológico
-0.07544903628558773,0.8127281544104,11310,GPD,tail,21.39793168391183,0.090625,Puntarenas_OTROS_Hidrometereológico
-0.07544903628558773,0.8127281544104,11311,GPD,tail,21.39793168391183,0.090625,Puntarenas_OTROS_Hidrometereológico
-0.07544903628558773,0.8127281544104,11312,GPD,tail,21.39793168391183,0.090625,Puntarenas_OTROS_Hidrometereológico
-0.07544903628558773,0.8127281544104,11313,GPD,tail,21.39793168391183,0.090625,Puntarenas_OTROS_Hidrometereológico
-0.07544903628558773,0.8127281544104,11314,GPD,tail,21.39793168391183,0.090625,Puntarenas_OTROS_Hidrometereológico
-0.13254605611799689,0.9311038663241693,11315,GPD,tail,21.39793168391183,0.090625,Puntarenas_OTROS_Hidrometereológico
-0.13254605611799689,0.9311038663241693,11316,GPD,tail,21.39793168391183,0.090625,Puntarenas_OTROS_Hidrometereológico
-0.13254605611799689,0.9311038663241693,11317,GPD,tail,21.39793168391183,0.090625,Puntarenas_OTROS_Hidrometereológico
-0.13254605611799689,0.9311038663241693,11318,GPD,tail,21.39793168391183,0.090625,Puntarenas_OTROS_Hidrometereológico
-0.13254605611799689,0.9311038663241693,11319,GPD,tail,21.39793168391183,0.090625,Puntarenas_OTROS_Hidrometereológico
-0.13254605611799689,0.9311038663241693,11320,GPD,tail,21.39793168391183,0.090625,Puntarenas_OTROS_Hidrometereológico
-0.13254605611799689,0.9311038663241693,11321,GPD,tail,21.39793168391183,0.090625,Puntarenas_OTROS_Hidrometereológico
-0.13254605611799689,0.9311038663241693,11322,GPD,tail,21.39793168391183,0.090625,Puntarenas_OTROS_Hidrometereológico
-0.13254605611799689,0.9311038663241693,11323,GPD,tail,21.39793168391183,0.090625,Puntarenas_OTROS_Hidrometereológico
-0.13254605611799689,0.9311038663241693,11324,GPD,tail,21.39793168391183,0.090625,Puntarenas_OTROS_Hidrometereológico
-0.0966034272461668,0.8824221783455778,11325,GPD,tail,21.39793168391183,0.090625,Puntarenas_OTROS_Hidrometereológico
-0.0966034272461668,0.8824221783455778,11326,GPD,tail,21.39793168391183,0.090625,Puntarenas_OTROS_Hidrometereológico
-0.0966034272461668,0.8824221783455778,11327,GPD,tail,21.39793168391183,0.090625,Puntarenas_OTROS_Hidrometereológico
-0.0966034272461668,0.8824221783455778,11328,GPD,tail,21.39793168391183,0.090625,Puntarenas_OTROS_Hidrometereológico
-0.0966034272461668,0.8824221783455778,11329,GPD,tail,21.39793168391183,0.090625,Puntarenas_OTROS_Hidrometereológico
-0.0966034272461668,0.8824221783455778,11330,GPD,tail,21.39793168391183,0.090625,Puntarenas_OTROS_Hidrometereológico
-0.0966034272461668,0.8824221783455778,11331,GPD,tail,21.39793168391183,0.090625,Puntarenas_OTROS_Hidrometereológico
-0.0966034272461668,0.8824221783455778,11332,GPD,tail,21.39793168391183,0.090625,Puntarenas_OTROS_Hidrometereológico
-0.0966034272461668,0.8824221783455778,11333,GPD,tail,21.39793168391183,0.090625,Puntarenas_OTROS_Hidrometereológico
-0.0966034272461668,0.8824221783455778,11334,GPD,tail,21.39793168391183,0.090625,Puntarenas_OTROS_Hidrometereológico
-0.0966034272461668,0.8824221783455778,11335,GPD,tail,21.39793168391183,0.090625,Puntarenas_OTROS_Hidrometereológico
-0.0966034272461668,0.8824221783455778,11336,GPD,tail,21.39793168391183,0.090625,Puntarenas_OTROS_Hidrometereológico
-0.0966034272461668,0.8824221783455778,11337,GPD,tail,21.39793168391183,0.090625,Puntarenas_OTROS_Hidrometereológico
-0.0966034272461668,0.8824221783455778,11338,GPD,tail,21.39793168391183,0.090625,Puntarenas_OTROS_Hidrometereológico
-0.0966034272461668,0.8824221783455778,11339,GPD,tail,21.39793168391183,0.090625,Puntarenas_OTROS_Hidrometereológico
-0.0966034272461668,0.8824221783455778,11340,GPD,tail,21.39793168391183,0.090625,Puntarenas_OTROS_Hidrometereológico
-0.0966034272461668,0.8824221783455778,11341,GPD,tail,21.39793168391183,0.090625,Puntarenas_OTROS_Hidrometereológico
-0.0966034272461668,0.8824221783455778,11342,GPD,tail,21.39793168391183,0.090625,Puntarenas_OTROS_Hidrometereológico
-0.0966034272461668,0.8824221783455778,11343,GPD,tail,21.39793168391183,0.090625,Puntarenas_OTROS_Hidrometereológico
-0.0966034272461668,0.8824221783455778,11344,GPD,tail,21.39793168391183,0.090625,Puntarenas_OTROS_Hidrometereológico
-0.0966034272461668,0.8824221783455778,11345,GPD,tail,21.39793168391183,0.090625,Puntarenas_OTROS_Hidrometereológico
-0.0966034272461668,0.8824221783455778,11346,GPD,tail,21.39793168391183,0.090625,Puntarenas_OTROS_Hidrometereológico
-0.0966034272461668,0.8824221783455778,11347,GPD,tail,21.39793168391183,0.090625,Puntarenas_OTROS_Hidrometereológico
-0.0966034272461668,0.8824221783455778,11348,GPD,tail,21.39793168391183,0.090625,Puntarenas_OTROS_Hidrometereológico
-0.0966034272461668,0.8824221783455778,11349,GPD,tail,21.39793168391183,0.090625,Puntarenas_OTROS_Hidrometereológico
-0.0966034272461668,0.8824221783455778,11350,GPD,tail,21.39793168391183,0.090625,Puntarenas_OTROS_Hidrometereológico
-0.0966034272461668,0.8824221783455778,11351,GPD,tail,21.39793168391183,0.090625,Puntarenas_OTROS_Hidrometereológico
-0.12859618007619006,0.8621707639427355,11352,GPD,tail,21.39793168391183,0.090625,Puntarenas_OTROS_Hidrometereológico
-0.12859618007619006,0.8621707639427355,11353,GPD,tail,21.39793168391183,0.090625,Puntarenas_OTROS_Hidrometereológico
-0.12859618007619006,0.8621707639427355,11354,GPD,tail,21.39793168391183,0.090625,Puntarenas_OTROS_Hidrometereológico
-0.12859618007619006,0.8621707639427355,11355,GPD,tail,21.39793168391183,0.090625,Puntarenas_OTROS_Hidrometereológico
-0.12859618007619006,0.8621707639427355,11356,GPD,tail,21.39793168391183,0.090625,Puntarenas_OTROS_Hidrometereológico
-0.12859618007619006,0.8621707639427355,11357,GPD,tail,21.39793168391183,0.090625,Puntarenas_OTROS_Hidrometereológico
-0.12859618007619006,0.8621707639427355,11358,GPD,tail,21.39793168391183,0.090625,Puntarenas_OTROS_Hidrometereológico
-0.12859618007619006,0.8621707639427355,11359,GPD,tail,21.39793168391183,0.090625,Puntarenas_OTROS_Hidrometereológico
-0.12859618007619006,0.8621707639427355,11360,GPD,tail,21.39793168391183,0.090625,Puntarenas_OTROS_Hidrometereológico
-0.12859618007619006,0.8621707639427355,11361,GPD,tail,21.39793168391183,0.090625,Puntarenas_OTROS_Hidrometereológico
-0.12859618007619006,0.8621707639427355,11362,GPD,tail,21.39793168391183,0.090625,Puntarenas_OTROS_Hidrometereológico
-0.12859618007619006,0.8621707639427355,11363,GPD,tail,21.39793168391183,0.090625,Puntarenas_OTROS_Hidrometereológico
-0.12859618007619006,0.8621707639427355,11364,GPD,tail,21.39793168391183,0.090625,Puntarenas_OTROS_Hidrometereológico
-0.12859618007619006,0.8621707639427355,11365,GPD,tail,21.39793168391183,0.090625,Puntarenas_OTROS_Hidrometereológico
-0.10719121884408014,1.0260871135730962,11366,GPD,tail,21.39793168391183,0.090625,Puntarenas_OTROS_Hidrometereológico
-0.10719121884408014,1.0260871135730962,11367,GPD,tail,21.39793168391183,0.090625,Puntarenas_OTROS_Hidrometereológico
-0.10719121884408014,1.0260871135730962,11368,GPD,tail,21.39793168391183,0.090625,Puntarenas_OTROS_Hidrometereológico
-0.10719121884408014,1.0260871135730962,11369,GPD,tail,21.39793168391183,0.090625,Puntarenas_OTROS_Hidrometereológico
-0.10719121884408014,1.0260871135730962,11370,GPD,tail,21.39793168391183,0.090625,Puntarenas_OTROS_Hidrometereológico
-0.10719121884408014,1.0260871135730962,11371,GPD,tail,21.39793168391183,0.090625,Puntarenas_OTROS_Hidrometereológico
-0.10719121884408014,1.0260871135730962,11372,GPD,tail,21.39793168391183,0.090625,Puntarenas_OTROS_Hidrometereológico
-0.10719121884408014,1.0260871135730962,11373,GPD,tail,21.39793168391183,0.090625,Puntarenas_OTROS_Hidrometereológico
-0.10719121884408014,1.0260871135730962,11374,GPD,tail,21.39793168391183,0.090625,Puntarenas_OTROS_Hidrometereológico
-0.03247554647400043,0.964802520290994,11375,GPD,tail,21.39793168391183,0.090625,Puntarenas_OTROS_Hidrometereológico
-0.03247554647400043,0.964802520290994,11376,GPD,tail,21.39793168391183,0.090625,Puntarenas_OTROS_Hidrometereológico
-0.03247554647400043,0.964802520290994,11377,GPD,tail,21.39793168391183,0.090625,Puntarenas_OTROS_Hidrometereológico
-0.03247554647400043,0.964802520290994,11378,GPD,tail,21.39793168391183,0.090625,Puntarenas_OTROS_Hidrometereológico
-0.03247554647400043,0.964802520290994,11379,GPD,tail,21.39793168391183,0.090625,Puntarenas_OTROS_Hidrometereológico
-0.03247554647400043,0.964802520290994,11380,GPD,tail,21.39793168391183,0.090625,Puntarenas_OTROS_Hidrometereológico
-0.030305247428973954,0.761573998888073,11381,GPD,tail,21.39793168391183,0.090625,Puntarenas_OTROS_Hidrometereológico
-0.030305247428973954,0.761573998888073,11382,GPD,tail,21.39793168391183,0.090625,Puntarenas_OTROS_Hidrometereológico
-0.030305247428973954,0.761573998888073,11383,GPD,tail,21.39793168391183,0.090625,Puntarenas_OTROS_Hidrometereológico
-0.030305247428973954,0.761573998888073,11384,GPD,tail,21.39793168391183,0.090625,Puntarenas_OTROS_Hidrometereológico
-0.030305247428973954,0.761573998888073,11385,GPD,tail,21.39793168391183,0.090625,Puntarenas_OTROS_Hidrometereológico
-0.030305247428973954,0.761573998888073,11386,GPD,tail,21.39793168391183,0.090625,Puntarenas_OTROS_Hidrometereológico
-0.030305247428973954,0.761573998888073,11387,GPD,tail,21.39793168391183,0.090625,Puntarenas_OTROS_Hidrometereológico
-0.030305247428973954,0.761573998888073,11388,GPD,tail,21.39793168391183,0.090625,Puntarenas_OTROS_Hidrometereológico
-0.030305247428973954,0.761573998888073,11389,GPD,tail,21.39793168391183,0.090625,Puntarenas_OTROS_Hidrometereológico
-0.030305247428973954,0.761573998888073,11390,GPD,tail,21.39793168391183,0.090625,Puntarenas_OTROS_Hidrometereológico
-0.030305247428973954,0.761573998888073,11391,GPD,tail,21.39793168391183,0.090625,Puntarenas_OTROS_Hidrometereológico
-0.030305247428973954,0.761573998888073,11392,GPD,tail,21.39793168391183,0.090625,Puntarenas_OTROS_Hidrometereológico
-0.030305247428973954,0.761573998888073,11393,GPD,tail,21.39793168391183,0.090625,Puntarenas_OTROS_Hidrometereológico
-0.030305247428973954,0.761573998888073,11394,GPD,tail,21.39793168391183,0.090625,Puntarenas_OTROS_Hidrometereológico
-0.030305247428973954,0.761573998888073,11395,GPD,tail,21.39793168391183,0.090625,Puntarenas_OTROS_Hidrometereológico
-0.030305247428973954,0.761573998888073,11396,GPD,tail,21.39793168391183,0.090625,Puntarenas_OTROS_Hidrometereológico
-0.030305247428973954,0.761573998888073,11397,GPD,tail,21.39793168391183,0.090625,Puntarenas_OTROS_Hidrometereológico
-0.10619536916741493,0.9547391710607783,11398,GPD,tail,21.39793168391183,0.090625,Puntarenas_OTROS_Hidrometereológico
-0.10619536916741493,0.9547391710607783,11399,GPD,tail,21.39793168391183,0.090625,Puntarenas_OTROS_Hidrometereológico
-0.10619536916741493,0.9547391710607783,11400,GPD,tail,21.39793168391183,0.090625,Puntarenas_OTROS_Hidrometereológico
-0.10619536916741493,0.9547391710607783,11401,GPD,tail,21.39793168391183,0.090625,Puntarenas_OTROS_Hidrometereológico
-0.10619536916741493,0.9547391710607783,11402,GPD,tail,21.39793168391183,0.090625,Puntarenas_OTROS_Hidrometereológico
-0.10619536916741493,0.9547391710607783,11403,GPD,tail,21.39793168391183,0.090625,Puntarenas_OTROS_Hidrometereológico
-0.1356236978073765,1.0629987452200946,11404,GPD,tail,21.39793168391183,0.090625,Puntarenas_OTROS_Hidrometereológico
-0.1356236978073765,1.0629987452200946,11405,GPD,tail,21.39793168391183,0.090625,Puntarenas_OTROS_Hidrometereológico
-0.1431336115862425,0.9365406458843791,11406,GPD,tail,21.39793168391183,0.090625,Puntarenas_OTROS_Hidrometereológico
-0.1431336115862425,0.9365406458843791,11407,GPD,tail,21.39793168391183,0.090625,Puntarenas_OTROS_Hidrometereológico
-0.1431336115862425,0.9365406458843791,11408,GPD,tail,21.39793168391183,0.090625,Puntarenas_OTROS_Hidrometereológico
-0.1431336115862425,0.9365406458843791,11409,GPD,tail,21.39793168391183,0.090625,Puntarenas_OTROS_Hidrometereológico
-0.1431336115862425,0.9365406458843791,11410,GPD,tail,21.39793168391183,0.090625,Puntarenas_OTROS_Hidrometereológico
-0.1431336115862425,0.9365406458843791,11411,GPD,tail,21.39793168391183,0.090625,Puntarenas_OTROS_Hidrometereológico
-0.1431336115862425,0.9365406458843791,11412,GPD,tail,21.39793168391183,0.090625,Puntarenas_OTROS_Hidrometereológico
-0.1431336115862425,0.9365406458843791,11413,GPD,tail,21.39793168391183,0.090625,Puntarenas_OTROS_Hidrometereológico
-0.1431336115862425,0.9365406458843791,11414,GPD,tail,21.39793168391183,0.090625,Puntarenas_OTROS_Hidrometereológico
-0.1431336115862425,0.9365406458843791,11415,GPD,tail,21.39793168391183,0.090625,Puntarenas_OTROS_Hidrometereológico
-0.1431336115862425,0.9365406458843791,11416,GPD,tail,21.39793168391183,0.090625,Puntarenas_OTROS_Hidrometereológico
-0.1431336115862425,0.9365406458843791,11417,GPD,tail,21.39793168391183,0.090625,Puntarenas_OTROS_Hidrometereológico
-0.1431336115862425,0.9365406458843791,11418,GPD,tail,21.39793168391183,0.090625,Puntarenas_OTROS_Hidrometereológico
-0.1431336115862425,0.9365406458843791,11419,GPD,tail,21.39793168391183,0.090625,Puntarenas_OTROS_Hidrometereológico
-0.1431336115862425,0.9365406458843791,11420,GPD,tail,21.39793168391183,0.090625,Puntarenas_OTROS_Hidrometereológico
-0.1431336115862425,0.9365406458843791,11421,GPD,tail,21.39793168391183,0.090625,Puntarenas_OTROS_Hidrometereológico
-0.1431336115862425,0.9365406458843791,11422,GPD,tail,21.39793168391183,0.090625,Puntarenas_OTROS_Hidrometereológico
-0.1431336115862425,0.9365406458843791,11423,GPD,tail,21.39793168391183,0.090625,Puntarenas_OTROS_Hidrometereológico
-0.1431336115862425,0.9365406458843791,11424,GPD,tail,21.39793168391183,0.090625,Puntarenas_OTROS_Hidrometereológico
-0.1431336115862425,0.9365406458843791,11425,GPD,tail,21.39793168391183,0.090625,Puntarenas_OTROS_Hidrometereológico
-0.1431336115862425,0.9365406458843791,11426,GPD,tail,21.39793168391183,0.090625,Puntarenas_OTROS_Hidrometereológico
-0.1431336115862425,0.9365406458843791,11427,GPD,tail,21.39793168391183,0.090625,Puntarenas_OTROS_Hidrometereológico
-0.1431336115862425,0.9365406458843791,11428,GPD,tail,21.39793168391183,0.090625,Puntarenas_OTROS_Hidrometereológico
-0.1431336115862425,0.9365406458843791,11429,GPD,tail,21.39793168391183,0.090625,Puntarenas_OTROS_Hidrometereológico
-0.1431336115862425,0.9365406458843791,11430,GPD,tail,21.39793168391183,0.090625,Puntarenas_OTROS_Hidrometereológico
-0.1431336115862425,0.9365406458843791,11431,GPD,tail,21.39793168391183,0.090625,Puntarenas_OTROS_Hidrometereológico
-0.1431336115862425,0.9365406458843791,11432,GPD,tail,21.39793168391183,0.090625,Puntarenas_OTROS_Hidrometereológico
-0.1431336115862425,0.9365406458843791,11433,GPD,tail,21.39793168391183,0.090625,Puntarenas_OTROS_Hidrometereológico
-0.1431336115862425,0.9365406458843791,11434,GPD,tail,21.39793168391183,0.090625,Puntarenas_OTROS_Hidrometereológico
-0.1431336115862425,0.9365406458843791,11435,GPD,tail,21.39793168391183,0.090625,Puntarenas_OTROS_Hidrometereológico
-0.1431336115862425,0.9365406458843791,11436,GPD,tail,21.39793168391183,0.090625,Puntarenas_OTROS_Hidrometereológico
-0.1431336115862425,0.9365406458843791,11437,GPD,tail,21.39793168391183,0.090625,Puntarenas_OTROS_Hidrometereológico
-0.037448193375351796,0.8173617027029251,11438,GPD,tail,21.39793168391183,0.090625,Puntarenas_OTROS_Hidrometereológico
-0.037448193375351796,0.8173617027029251,11439,GPD,tail,21.39793168391183,0.090625,Puntarenas_OTROS_Hidrometereológico
-0.037448193375351796,0.8173617027029251,11440,GPD,tail,21.39793168391183,0.090625,Puntarenas_OTROS_Hidrometereológico
-0.037448193375351796,0.8173617027029251,11441,GPD,tail,21.39793168391183,0.090625,Puntarenas_OTROS_Hidrometereológico
-0.037448193375351796,0.8173617027029251,11442,GPD,tail,21.39793168391183,0.090625,Puntarenas_OTROS_Hidrometereológico
-0.037448193375351796,0.8173617027029251,11443,GPD,tail,21.39793168391183,0.090625,Puntarenas_OTROS_Hidrometereológico
-0.047465989648193346,0.8201466133466392,11444,GPD,tail,21.39793168391183,0.090625,Puntarenas_OTROS_Hidrometereológico
-0.047465989648193346,0.8201466133466392,11445,GPD,tail,21.39793168391183,0.090625,Puntarenas_OTROS_Hidrometereológico
-0.047465989648193346,0.8201466133466392,11446,GPD,tail,21.39793168391183,0.090625,Puntarenas_OTROS_Hidrometereológico
-0.047465989648193346,0.8201466133466392,11447,GPD,tail,21.39793168391183,0.090625,Puntarenas_OTROS_Hidrometereológico
-0.047465989648193346,0.8201466133466392,11448,GPD,tail,21.39793168391183,0.090625,Puntarenas_OTROS_Hidrometereológico
-0.047465989648193346,0.8201466133466392,11449,GPD,tail,21.39793168391183,0.090625,Puntarenas_OTROS_Hidrometereológico
-0.047465989648193346,0.8201466133466392,11450,GPD,tail,21.39793168391183,0.090625,Puntarenas_OTROS_Hidrometereológico
-0.047465989648193346,0.8201466133466392,11451,GPD,tail,21.39793168391183,0.090625,Puntarenas_OTROS_Hidrometereológico
-0.047465989648193346,0.8201466133466392,11452,GPD,tail,21.39793168391183,0.090625,Puntarenas_OTROS_Hidrometereológico
-0.047465989648193346,0.8201466133466392,11453,GPD,tail,21.39793168391183,0.090625,Puntarenas_OTROS_Hidrometereológico
-0.047465989648193346,0.8201466133466392,11454,GPD,tail,21.39793168391183,0.090625,Puntarenas_OTROS_Hidrometereológico
-0.047465989648193346,0.8201466133466392,11455,GPD,tail,21.39793168391183,0.090625,Puntarenas_OTROS_Hidrometereológico
-0.047465989648193346,0.8201466133466392,11456,GPD,tail,21.39793168391183,0.090625,Puntarenas_OTROS_Hidrometereológico
-0.047465989648193346,0.8201466133466392,11457,GPD,tail,21.39793168391183,0.090625,Puntarenas_OTROS_Hidrometereológico
-0.047465989648193346,0.8201466133466392,11458,GPD,tail,21.39793168391183,0.090625,Puntarenas_OTROS_Hidrometereológico
-0.047465989648193346,0.8201466133466392,11459,GPD,tail,21.39793168391183,0.090625,Puntarenas_OTROS_Hidrometereológico
-0.047465989648193346,0.8201466133466392,11460,GPD,tail,21.39793168391183,0.090625,Puntarenas_OTROS_Hidrometereológico
-0.047465989648193346,0.8201466133466392,11461,GPD,tail,21.39793168391183,0.090625,Puntarenas_OTROS_Hidrometereológico
-0.047465989648193346,0.8201466133466392,11462,GPD,tail,21.39793168391183,0.090625,Puntarenas_OTROS_Hidrometereológico
-0.047465989648193346,0.8201466133466392,11463,GPD,tail,21.39793168391183,0.090625,Puntarenas_OTROS_Hidrometereológico
-0.047465989648193346,0.8201466133466392,11464,GPD,tail,21.39793168391183,0.090625,Puntarenas_OTROS_Hidrometereológico
-0.047465989648193346,0.8201466133466392,11465,GPD,tail,21.39793168391183,0.090625,Puntarenas_OTROS_Hidrometereológico
-0.047465989648193346,0.8201466133466392,11466,GPD,tail,21.39793168391183,0.090625,Puntarenas_OTROS_Hidrometereológico
-0.047465989648193346,0.8201466133466392,11467,GPD,tail,21.39793168391183,0.090625,Puntarenas_OTROS_Hidrometereológico
-0.047465989648193346,0.8201466133466392,11468,GPD,tail,21.39793168391183,0.090625,Puntarenas_OTROS_Hidrometereológico
-0.047465989648193346,0.8201466133466392,11469,GPD,tail,21.39793168391183,0.090625,Puntarenas_OTROS_Hidrometereológico
-0.047465989648193346,0.8201466133466392,11470,GPD,tail,21.39793168391183,0.090625,Puntarenas_OTROS_Hidrometereológico
-0.047465989648193346,0.8201466133466392,11471,GPD,tail,21.39793168391183,0.090625,Puntarenas_OTROS_Hidrometereológico
-0.047465989648193346,0.8201466133466392,11472,GPD,tail,21.39793168391183,0.090625,Puntarenas_OTROS_Hidrometereológico
-0.047465989648193346,0.8201466133466392,11473,GPD,tail,21.39793168391183,0.090625,Puntarenas_OTROS_Hidrometereológico
-0.047465989648193346,0.8201466133466392,11474,GPD,tail,21.39793168391183,0.090625,Puntarenas_OTROS_Hidrometereológico
-0.047465989648193346,0.8201466133466392,11475,GPD,tail,21.39793168391183,0.090625,Puntarenas_OTROS_Hidrometereológico
-0.047465989648193346,0.8201466133466392,11476,GPD,tail,21.39793168391183,0.090625,Puntarenas_OTROS_Hidrometereológico
-0.047465989648193346,0.8201466133466392,11477,GPD,tail,21.39793168391183,0.090625,Puntarenas_OTROS_Hidrometereológico
-0.047465989648193346,0.8201466133466392,11478,GPD,tail,21.39793168391183,0.090625,Puntarenas_OTROS_Hidrometereológico
-0.047465989648193346,0.8201466133466392,11479,GPD,tail,21.39793168391183,0.090625,Puntarenas_OTROS_Hidrometereológico
-0.047465989648193346,0.8201466133466392,11480,GPD,tail,21.39793168391183,0.090625,Puntarenas_OTROS_Hidrometereológico
-0.047465989648193346,0.8201466133466392,11481,GPD,tail,21.39793168391183,0.090625,Puntarenas_OTROS_Hidrometereológico
-0.047465989648193346,0.8201466133466392,11482,GPD,tail,21.39793168391183,0.090625,Puntarenas_OTROS_Hidrometereológico
-0.047465989648193346,0.8201466133466392,11483,GPD,tail,21.39793168391183,0.090625,Puntarenas_OTROS_Hidrometereológico
-0.047465989648193346,0.8201466133466392,11484,GPD,tail,21.39793168391183,0.090625,Puntarenas_OTROS_Hidrometereológico
-0.047465989648193346,0.8201466133466392,11485,GPD,tail,21.39793168391183,0.090625,Puntarenas_OTROS_Hidrometereológico
-0.047465989648193346,0.8201466133466392,11486,GPD,tail,21.39793168391183,0.090625,Puntarenas_OTROS_Hidrometereológico
-0.047465989648193346,0.8201466133466392,11487,GPD,tail,21.39793168391183,0.090625,Puntarenas_OTROS_Hidrometereológico
-0.047465989648193346,0.8201466133466392,11488,GPD,tail,21.39793168391183,0.090625,Puntarenas_OTROS_Hidrometereológico
-0.047465989648193346,0.8201466133466392,11489,GPD,tail,21.39793168391183,0.090625,Puntarenas_OTROS_Hidrometereológico
-0.047465989648193346,0.8201466133466392,11490,GPD,tail,21.39793168391183,0.090625,Puntarenas_OTROS_Hidrometereológico
-0.047465989648193346,0.8201466133466392,11491,GPD,tail,21.39793168391183,0.090625,Puntarenas_OTROS_Hidrometereológico
-0.047465989648193346,0.8201466133466392,11492,GPD,tail,21.39793168391183,0.090625,Puntarenas_OTROS_Hidrometereológico
-0.047465989648193346,0.8201466133466392,11493,GPD,tail,21.39793168391183,0.090625,Puntarenas_OTROS_Hidrometereológico
-0.047465989648193346,0.8201466133466392,11494,GPD,tail,21.39793168391183,0.090625,Puntarenas_OTROS_Hidrometereológico
-0.047465989648193346,0.8201466133466392,11495,GPD,tail,21.39793168391183,0.090625,Puntarenas_OTROS_Hidrometereológico
-0.047465989648193346,0.8201466133466392,11496,GPD,tail,21.39793168391183,0.090625,Puntarenas_OTROS_Hidrometereológico
-0.047465989648193346,0.8201466133466392,11497,GPD,tail,21.39793168391183,0.090625,Puntarenas_OTROS_Hidrometereológico
-0.047465989648193346,0.8201466133466392,11498,GPD,tail,21.39793168391183,0.090625,Puntarenas_OTROS_Hidrometereológico
-0.047465989648193346,0.8201466133466392,11499,GPD,tail,21.39793168391183,0.090625,Puntarenas_OTROS_Hidrometereológico
-0.047465989648193346,0.8201466133466392,11500,GPD,tail,21.39793168391183,0.090625,Puntarenas_OTROS_Hidrometereológico
-0.047465989648193346,0.8201466133466392,11501,GPD,tail,21.39793168391183,0.090625,Puntarenas_OTROS_Hidrometereológico
-0.047465989648193346,0.8201466133466392,11502,GPD,tail,21.39793168391183,0.090625,Puntarenas_OTROS_Hidrometereológico
-0.047465989648193346,0.8201466133466392,11503,GPD,tail,21.39793168391183,0.090625,Puntarenas_OTROS_Hidrometereológico
-0.047465989648193346,0.8201466133466392,11504,GPD,tail,21.39793168391183,0.090625,Puntarenas_OTROS_Hidrometereológico
-0.047465989648193346,0.8201466133466392,11505,GPD,tail,21.39793168391183,0.090625,Puntarenas_OTROS_Hidrometereológico
-0.047465989648193346,0.8201466133466392,11506,GPD,tail,21.39793168391183,0.090625,Puntarenas_OTROS_Hidrometereológico
-0.047465989648193346,0.8201466133466392,11507,GPD,tail,21.39793168391183,0.090625,Puntarenas_OTROS_Hidrometereológico
-0.047465989648193346,0.8201466133466392,11508,GPD,tail,21.39793168391183,0.090625,Puntarenas_OTROS_Hidrometereológico
-0.047465989648193346,0.8201466133466392,11509,GPD,tail,21.39793168391183,0.090625,Puntarenas_OTROS_Hidrometereológico
-0.047465989648193346,0.8201466133466392,11510,GPD,tail,21.39793168391183,0.090625,Puntarenas_OTROS_Hidrometereológico
-0.047465989648193346,0.8201466133466392,11511,GPD,tail,21.39793168391183,0.090625,Puntarenas_OTROS_Hidrometereológico
-0.047465989648193346,0.8201466133466392,11512,GPD,tail,21.39793168391183,0.090625,Puntarenas_OTROS_Hidrometereológico
-0.047465989648193346,0.8201466133466392,11513,GPD,tail,21.39793168391183,0.090625,Puntarenas_OTROS_Hidrometereológico
-0.047465989648193346,0.8201466133466392,11514,GPD,tail,21.39793168391183,0.090625,Puntarenas_OTROS_Hidrometereológico
-0.047465989648193346,0.8201466133466392,11515,GPD,tail,21.39793168391183,0.090625,Puntarenas_OTROS_Hidrometereológico
-0.047465989648193346,0.8201466133466392,11516,GPD,tail,21.39793168391183,0.090625,Puntarenas_OTROS_Hidrometereológico
-0.047465989648193346,0.8201466133466392,11517,GPD,tail,21.39793168391183,0.090625,Puntarenas_OTROS_Hidrometereológico
-0.047465989648193346,0.8201466133466392,11518,GPD,tail,21.39793168391183,0.090625,Puntarenas_OTROS_Hidrometereológico
-0.047465989648193346,0.8201466133466392,11519,GPD,tail,21.39793168391183,0.090625,Puntarenas_OTROS_Hidrometereológico
-0.08888710620115745,0.8419828301977222,11520,GPD,tail,21.39793168391183,0.090625,Puntarenas_OTROS_Hidrometereológico
-0.028781441565656665,0.7217619242974037,11521,GPD,tail,21.39793168391183,0.090625,Puntarenas_OTROS_Hidrometereológico
-0.028781441565656665,0.7217619242974037,11522,GPD,tail,21.39793168391183,0.090625,Puntarenas_OTROS_Hidrometereológico
0.05621592360648742,0.7310962821899494,11523,GPD,tail,21.39793168391183,0.090625,Puntarenas_OTROS_Hidrometereológico
0.05621592360648742,0.7310962821899494,11524,GPD,tail,21.39793168391183,0.090625,Puntarenas_OTROS_Hidrometereológico
0.05621592360648742,0.7310962821899494,11525,GPD,tail,21.39793168391183,0.090625,Puntarenas_OTROS_Hidrometereológico
0.05621592360648742,0.7310962821899494,11526,GPD,tail,21.39793168391183,0.090625,Puntarenas_OTROS_Hidrometereológico
0.05621592360648742,0.7310962821899494,11527,GPD,tail,21.39793168391183,0.090625,Puntarenas_OTROS_Hidrometereológico
0.05621592360648742,0.7310962821899494,11528,GPD,tail,21.39793168391183,0.090625,Puntarenas_OTROS_Hidrometereológico
0.05621592360648742,0.7310962821899494,11529,GPD,tail,21.39793168391183,0.090625,Puntarenas_OTROS_Hidrometereológico
0.05621592360648742,0.7310962821899494,11530,GPD,tail,21.39793168391183,0.090625,Puntarenas_OTROS_Hidrometereológico
0.05621592360648742,0.7310962821899494,11531,GPD,tail,21.39793168391183,0.090625,Puntarenas_OTROS_Hidrometereológico
0.05621592360648742,0.7310962821899494,11532,GPD,tail,21.39793168391183,0.090625,Puntarenas_OTROS_Hidrometereológico
0.05621592360648742,0.7310962821899494,11533,GPD,tail,21.39793168391183,0.090625,Puntarenas_OTROS_Hidrometereológico
0.05621592360648742,0.7310962821899494,11534,GPD,tail,21.39793168391183,0.090625,Puntarenas_OTROS_Hidrometereológico
0.05621592360648742,0.7310962821899494,11535,GPD,tail,21.39793168391183,0.090625,Puntarenas_OTROS_Hidrometereológico
0.05621592360648742,0.7310962821899494,11536,GPD,tail,21.39793168391183,0.090625,Puntarenas_OTROS_Hidrometereológico
0.05621592360648742,0.7310962821899494,11537,GPD,tail,21.39793168391183,0.090625,Puntarenas_OTROS_Hidrometereológico
0.05621592360648742,0.7310962821899494,11538,GPD,tail,21.39793168391183,0.090625,Puntarenas_OTROS_Hidrometereológico
0.05621592360648742,0.7310962821899494,11539,GPD,tail,21.39793168391183,0.090625,Puntarenas_OTROS_Hidrometereológico
0.05621592360648742,0.7310962821899494,11540,GPD,tail,21.39793168391183,0.090625,Puntarenas_OTROS_Hidrometereológico
0.05621592360648742,0.7310962821899494,11541,GPD,tail,21.39793168391183,0.090625,Puntarenas_OTROS_Hidrometereológico
0.05621592360648742,0.7310962821899494,11542,GPD,tail,21.39793168391183,0.090625,Puntarenas_OTROS_Hidrometereológico
0.05621592360648742,0.7310962821899494,11543,GPD,tail,21.39793168391183,0.090625,Puntarenas_OTROS_Hidrometereológico
0.05621592360648742,0.7310962821899494,11544,GPD,tail,21.39793168391183,0.090625,Puntarenas_OTROS_Hidrometereológico
0.05621592360648742,0.7310962821899494,11545,GPD,tail,21.39793168391183,0.090625,Puntarenas_OTROS_Hidrometereológico
0.05621592360648742,0.7310962821899494,11546,GPD,tail,21.39793168391183,0.090625,Puntarenas_OTROS_Hidrometereológico
0.05621592360648742,0.7310962821899494,11547,GPD,tail,21.39793168391183,0.090625,Puntarenas_OTROS_Hidrometereológico
0.05621592360648742,0.7310962821899494,11548,GPD,tail,21.39793168391183,0.090625,Puntarenas_OTROS_Hidrometereológico
0.05621592360648742,0.7310962821899494,11549,GPD,tail,21.39793168391183,0.090625,Puntarenas_OTROS_Hidrometereológico
0.05621592360648742,0.7310962821899494,11550,GPD,tail,21.39793168391183,0.090625,Puntarenas_OTROS_Hidrometereológico
0.05621592360648742,0.7310962821899494,11551,GPD,tail,21.39793168391183,0.090625,Puntarenas_OTROS_Hidrometereológico
0.06859008648502427,0.6612252378710702,11552,GPD,tail,21.39793168391183,0.090625,Puntarenas_OTROS_Hidrometereológico
-0.16680466084933526,0.9102690976172865,11553,GPD,tail,21.39793168391183,0.090625,Puntarenas_OTROS_Hidrometereológico
-0.16680466084933526,0.9102690976172865,11554,GPD,tail,21.39793168391183,0.090625,Puntarenas_OTROS_Hidrometereológico
-0.16680466084933526,0.9102690976172865,11555,GPD,tail,21.39793168391183,0.090625,Puntarenas_OTROS_Hidrometereológico
-0.16680466084933526,0.9102690976172865,11556,GPD,tail,21.39793168391183,0.090625,Puntarenas_OTROS_Hidrometereológico
-0.04147798950366924,0.7893794357267472,11557,GPD,tail,21.39793168391183,0.090625,Puntarenas_OTROS_Hidrometereológico
-0.04147798950366924,0.7893794357267472,11558,GPD,tail,21.39793168391183,0.090625,Puntarenas_OTROS_Hidrometereológico
-0.04147798950366924,0.7893794357267472,11559,GPD,tail,21.39793168391183,0.090625,Puntarenas_OTROS_Hidrometereológico
-0.04147798950366924,0.7893794357267472,11560,GPD,tail,21.39793168391183,0.090625,Puntarenas_OTROS_Hidrometereológico
-0.04147798950366924,0.7893794357267472,11561,GPD,tail,21.39793168391183,0.090625,Puntarenas_OTROS_Hidrometereológico
-0.12230963785730535,0.843892975483305,11562,GPD,tail,21.39793168391183,0.090625,Puntarenas_OTROS_Hidrometereológico
-0.12230963785730535,0.843892975483305,11563,GPD,tail,21.39793168391183,0.090625,Puntarenas_OTROS_Hidrometereológico
-0.12230963785730535,0.843892975483305,11564,GPD,tail,21.39793168391183,0.090625,Puntarenas_OTROS_Hidrometereológico
-0.12230963785730535,0.843892975483305,11565,GPD,tail,21.39793168391183,0.090625,Puntarenas_OTROS_Hidrometereológico
-0.12230963785730535,0.843892975483305,11566,GPD,tail,21.39793168391183,0.090625,Puntarenas_OTROS_Hidrometereológico
-0.12230963785730535,0.843892975483305,11567,GPD,tail,21.39793168391183,0.090625,Puntarenas_OTROS_Hidrometereológico
-0.12230963785730535,0.843892975483305,11568,GPD,tail,21.39793168391183,0.090625,Puntarenas_OTROS_Hidrometereológico
-0.16779901734916097,1.079095353193404,11569,GPD,tail,21.39793168391183,0.090625,Puntarenas_OTROS_Hidrometereológico
-0.16779901734916097,1.079095353193404,11570,GPD,tail,21.39793168391183,0.090625,Puntarenas_OTROS_Hidrometereológico
-0.16779901734916097,1.079095353193404,11571,GPD,tail,21.39793168391183,0.090625,Puntarenas_OTROS_Hidrometereológico
-0.16779901734916097,1.079095353193404,11572,GPD,tail,21.39793168391183,0.090625,Puntarenas_OTROS_Hidrometereológico
-0.16779901734916097,1.079095353193404,11573,GPD,tail,21.39793168391183,0.090625,Puntarenas_OTROS_Hidrometereológico
-0.16779901734916097,1.079095353193404,11574,GPD,tail,21.39793168391183,0.090625,Puntarenas_OTROS_Hidrometereológico
-0.16779901734916097,1.079095353193404,11575,GPD,tail,21.39793168391183,0.090625,Puntarenas_OTROS_Hidrometereológico
-0.16779901734916097,1.079095353193404,11576,GPD,tail,21.39793168391183,0.090625,Puntarenas_OTROS_Hidrometereológico
-0.16779901734916097,1.079095353193404,11577,GPD,tail,21.39793168391183,0.090625,Puntarenas_OTROS_Hidrometereológico
-0.16779901734916097,1.079095353193404,11578,GPD,tail,21.39793168391183,0.090625,Puntarenas_OTROS_Hidrometereológico
-0.16779901734916097,1.079095353193404,11579,GPD,tail,21.39793168391183,0.090625,Puntarenas_OTROS_Hidrometereológico
-0.16779901734916097,1.079095353193404,11580,GPD,tail,21.39793168391183,0.090625,Puntarenas_OTROS_Hidrometereológico
-0.16779901734916097,1.079095353193404,11581,GPD,tail,21.39793168391183,0.090625,Puntarenas_OTROS_Hidrometereológico
-0.046934464641171666,0.9389786126686042,11582,GPD,tail,21.39793168391183,0.090625,Puntarenas_OTROS_Hidrometereológico
-0.046934464641171666,0.9389786126686042,11583,GPD,tail,21.39793168391183,0.090625,Puntarenas_OTROS_Hidrometereológico
-0.046934464641171666,0.9389786126686042,11584,GPD,tail,21.39793168391183,0.090625,Puntarenas_OTROS_Hidrometereológico
-0.046934464641171666,0.9389786126686042,11585,GPD,tail,21.39793168391183,0.090625,Puntarenas_OTROS_Hidrometereológico
-0.046934464641171666,0.9389786126686042,11586,GPD,tail,21.39793168391183,0.090625,Puntarenas_OTROS_Hidrometereológico
-0.046934464641171666,0.9389786126686042,11587,GPD,tail,21.39793168391183,0.090625,Puntarenas_OTROS_Hidrometereológico
-0.046934464641171666,0.9389786126686042,11588,GPD,tail,21.39793168391183,0.090625,Puntarenas_OTROS_Hidrometereológico
-0.046934464641171666,0.9389786126686042,11589,GPD,tail,21.39793168391183,0.090625,Puntarenas_OTROS_Hidrometereológico
-0.046934464641171666,0.9389786126686042,11590,GPD,tail,21.39793168391183,0.090625,Puntarenas_OTROS_Hidrometereológico
-0.046934464641171666,0.9389786126686042,11591,GPD,tail,21.39793168391183,0.090625,Puntarenas_OTROS_Hidrometereológico
-0.046934464641171666,0.9389786126686042,11592,GPD,tail,21.39793168391183,0.090625,Puntarenas_OTROS_Hidrometereológico
-0.046934464641171666,0.9389786126686042,11593,GPD,tail,21.39793168391183,0.090625,Puntarenas_OTROS_Hidrometereológico
-0.046934464641171666,0.9389786126686042,11594,GPD,tail,21.39793168391183,0.090625,Puntarenas_OTROS_Hidrometereológico
-0.046934464641171666,0.9389786126686042,11595,GPD,tail,21.39793168391183,0.090625,Puntarenas_OTROS_Hidrometereológico
-0.046934464641171666,0.9389786126686042,11596,GPD,tail,21.39793168391183,0.090625,Puntarenas_OTROS_Hidrometereológico
-0.046934464641171666,0.9389786126686042,11597,GPD,tail,21.39793168391183,0.090625,Puntarenas_OTROS_Hidrometereológico
0.04566546407470884,0.7834607895862835,11598,GPD,tail,21.39793168391183,0.090625,Puntarenas_OTROS_Hidrometereológico
0.04566546407470884,0.7834607895862835,11599,GPD,tail,21.39793168391183,0.090625,Puntarenas_OTROS_Hidrometereológico
0.04566546407470884,0.7834607895862835,11600,GPD,tail,21.39793168391183,0.090625,Puntarenas_OTROS_Hidrometereológico
0.04566546407470884,0.7834607895862835,11601,GPD,tail,21.39793168391183,0.090625,Puntarenas_OTROS_Hidrometereológico
0.04566546407470884,0.7834607895862835,11602,GPD,tail,21.39793168391183,0.090625,Puntarenas_OTROS_Hidrometereológico
0.04566546407470884,0.7834607895862835,11603,GPD,tail,21.39793168391183,0.090625,Puntarenas_OTROS_Hidrometereológico
0.04566546407470884,0.7834607895862835,11604,GPD,tail,21.39793168391183,0.090625,Puntarenas_OTROS_Hidrometereológico
0.04566546407470884,0.7834607895862835,11605,GPD,tail,21.39793168391183,0.090625,Puntarenas_OTROS_Hidrometereológico
0.04566546407470884,0.7834607895862835,11606,GPD,tail,21.39793168391183,0.090625,Puntarenas_OTROS_Hidrometereológico
0.04566546407470884,0.7834607895862835,11607,GPD,tail,21.39793168391183,0.090625,Puntarenas_OTROS_Hidrometereológico
0.04566546407470884,0.7834607895862835,11608,GPD,tail,21.39793168391183,0.090625,Puntarenas_OTROS_Hidrometereológico
0.04566546407470884,0.7834607895862835,11609,GPD,tail,21.39793168391183,0.090625,Puntarenas_OTROS_Hidrometereológico
0.03850119882803268,0.6846867717500191,11610,GPD,tail,21.39793168391183,0.090625,Puntarenas_OTROS_Hidrometereológico
0.03850119882803268,0.6846867717500191,11611,GPD,tail,21.39793168391183,0.090625,Puntarenas_OTROS_Hidrometereológico
0.03850119882803268,0.6846867717500191,11612,GPD,tail,21.39793168391183,0.090625,Puntarenas_OTROS_Hidrometereológico
0.03850119882803268,0.6846867717500191,11613,GPD,tail,21.39793168391183,0.090625,Puntarenas_OTROS_Hidrometereológico
0.03850119882803268,0.6846867717500191,11614,GPD,tail,21.39793168391183,0.090625,Puntarenas_OTROS_Hidrometereológico
0.03850119882803268,0.6846867717500191,11615,GPD,tail,21.39793168391183,0.090625,Puntarenas_OTROS_Hidrometereológico
0.03850119882803268,0.6846867717500191,11616,GPD,tail,21.39793168391183,0.090625,Puntarenas_OTROS_Hidrometereológico
0.03850119882803268,0.6846867717500191,11617,GPD,tail,21.39793168391183,0.090625,Puntarenas_OTROS_Hidrometereológico
0.03850119882803268,0.6846867717500191,11618,GPD,tail,21.39793168391183,0.090625,Puntarenas_OTROS_Hidrometereológico
0.03850119882803268,0.6846867717500191,11619,GPD,tail,21.39793168391183,0.090625,Puntarenas_OTROS_Hidrometereológico
0.03850119882803268,0.6846867717500191,11620,GPD,tail,21.39793168391183,0.090625,Puntarenas_OTROS_Hidrometereológico
0.03850119882803268,0.6846867717500191,11621,GPD,tail,21.39793168391183,0.090625,Puntarenas_OTROS_Hidrometereológico
0.03850119882803268,0.6846867717500191,11622,GPD,tail,21.39793168391183,0.090625,Puntarenas_OTROS_Hidrometereológico
0.03850119882803268,0.6846867717500191,11623,GPD,tail,21.39793168391183,0.090625,Puntarenas_OTROS_Hidrometereológico
0.03850119882803268,0.6846867717500191,11624,GPD,tail,21.39793168391183,0.090625,Puntarenas_OTROS_Hidrometereológico
0.03850119882803268,0.6846867717500191,11625,GPD,tail,21.39793168391183,0.090625,Puntarenas_OTROS_Hidrometereológico
0.03850119882803268,0.6846867717500191,11626,GPD,tail,21.39793168391183,0.090625,Puntarenas_OTROS_Hidrometereológico
0.03850119882803268,0.6846867717500191,11627,GPD,tail,21.39793168391183,0.090625,Puntarenas_OTROS_Hidrometereológico
0.03850119882803268,0.6846867717500191,11628,GPD,tail,21.39793168391183,0.090625,Puntarenas_OTROS_Hidrometereológico
0.03850119882803268,0.6846867717500191,11629,GPD,tail,21.39793168391183,0.090625,Puntarenas_OTROS_Hidrometereológico
0.03850119882803268,0.6846867717500191,11630,GPD,tail,21.39793168391183,0.090625,Puntarenas_OTROS_Hidrometereológico
0.03850119882803268,0.6846867717500191,11631,GPD,tail,21.39793168391183,0.090625,Puntarenas_OTROS_Hidrometereológico
0.03850119882803268,0.6846867717500191,11632,GPD,tail,21.39793168391183,0.090625,Puntarenas_OTROS_Hidrometereológico
0.03850119882803268,0.6846867717500191,11633,GPD,tail,21.39793168391183,0.090625,Puntarenas_OTROS_Hidrometereológico
0.03850119882803268,0.6846867717500191,11634,GPD,tail,21.39793168391183,0.090625,Puntarenas_OTROS_Hidrometereológico
0.03850119882803268,0.6846867717500191,11635,GPD,tail,21.39793168391183,0.090625,Puntarenas_OTROS_Hidrometereológico
0.03850119882803268,0.6846867717500191,11636,GPD,tail,21.39793168391183,0.090625,Puntarenas_OTROS_Hidrometereológico
0.03850119882803268,0.6846867717500191,11637,GPD,tail,21.39793168391183,0.090625,Puntarenas_OTROS_Hidrometereológico
0.03850119882803268,0.6846867717500191,11638,GPD,tail,21.39793168391183,0.090625,Puntarenas_OTROS_Hidrometereológico
-0.027257947673894216,0.9034401930876722,11639,GPD,tail,21.39793168391183,0.090625,Puntarenas_OTROS_Hidrometereológico
-0.027257947673894216,0.9034401930876722,11640,GPD,tail,21.39793168391183,0.090625,Puntarenas_OTROS_Hidrometereológico
-0.027257947673894216,0.9034401930876722,11641,GPD,tail,21.39793168391183,0.090625,Puntarenas_OTROS_Hidrometereológico
-0.027257947673894216,0.9034401930876722,11642,GPD,tail,21.39793168391183,0.090625,Puntarenas_OTROS_Hidrometereológico
-0.027257947673894216,0.9034401930876722,11643,GPD,tail,21.39793168391183,0.090625,Puntarenas_OTROS_Hidrometereológico
-0.027257947673894216,0.9034401930876722,11644,GPD,tail,21.39793168391183,0.090625,Puntarenas_OTROS_Hidrometereológico
-0.027257947673894216,0.9034401930876722,11645,GPD,tail,21.39793168391183,0.090625,Puntarenas_OTROS_Hidrometereológico
-0.027257947673894216,0.9034401930876722,11646,GPD,tail,21.39793168391183,0.090625,Puntarenas_OTROS_Hidrometereológico
-0.027257947673894216,0.9034401930876722,11647,GPD,tail,21.39793168391183,0.090625,Puntarenas_OTROS_Hidrometereológico
-0.027257947673894216,0.9034401930876722,11648,GPD,tail,21.39793168391183,0.090625,Puntarenas_OTROS_Hidrometereológico
-0.027257947673894216,0.9034401930876722,11649,GPD,tail,21.39793168391183,0.090625,Puntarenas_OTROS_Hidrometereológico
-0.027257947673894216,0.9034401930876722,11650,GPD,tail,21.39793168391183,0.090625,Puntarenas_OTROS_Hidrometereológico
-0.027257947673894216,0.9034401930876722,11651,GPD,tail,21.39793168391183,0.090625,Puntarenas_OTROS_Hidrometereológico
-0.027257947673894216,0.9034401930876722,11652,GPD,tail,21.39793168391183,0.090625,Puntarenas_OTROS_Hidrometereológico
-0.027257947673894216,0.9034401930876722,11653,GPD,tail,21.39793168391183,0.090625,Puntarenas_OTROS_Hidrometereológico
-0.027257947673894216,0.9034401930876722,11654,GPD,tail,21.39793168391183,0.090625,Puntarenas_OTROS_Hidrometereológico
-0.027257947673894216,0.9034401930876722,11655,GPD,tail,21.39793168391183,0.090625,Puntarenas_OTROS_Hidrometereológico
-0.027257947673894216,0.9034401930876722,11656,GPD,tail,21.39793168391183,0.090625,Puntarenas_OTROS_Hidrometereológico
-0.027257947673894216,0.9034401930876722,11657,GPD,tail,21.39793168391183,0.090625,Puntarenas_OTROS_Hidrometereológico
-0.027257947673894216,0.9034401930876722,11658,GPD,tail,21.39793168391183,0.090625,Puntarenas_OTROS_Hidrometereológico
-0.027257947673894216,0.9034401930876722,11659,GPD,tail,21.39793168391183,0.090625,Puntarenas_OTROS_Hidrometereológico
-0.027257947673894216,0.9034401930876722,11660,GPD,tail,21.39793168391183,0.090625,Puntarenas_OTROS_Hidrometereológico
-0.08905256908543785,0.9619070430188058,11661,GPD,tail,21.39793168391183,0.090625,Puntarenas_OTROS_Hidrometereológico
-0.08905256908543785,0.9619070430188058,11662,GPD,tail,21.39793168391183,0.090625,Puntarenas_OTROS_Hidrometereológico
-0.08905256908543785,0.9619070430188058,11663,GPD,tail,21.39793168391183,0.090625,Puntarenas_OTROS_Hidrometereológico
0.017315658324635816,0.8180108138219556,11664,GPD,tail,21.39793168391183,0.090625,Puntarenas_OTROS_Hidrometereológico
0.017315658324635816,0.8180108138219556,11665,GPD,tail,21.39793168391183,0.090625,Puntarenas_OTROS_Hidrometereológico
0.02477541329967492,0.783904621054074,11666,GPD,tail,21.39793168391183,0.090625,Puntarenas_OTROS_Hidrometereológico
0.02477541329967492,0.783904621054074,11667,GPD,tail,21.39793168391183,0.090625,Puntarenas_OTROS_Hidrometereológico
0.02477541329967492,0.783904621054074,11668,GPD,tail,21.39793168391183,0.090625,Puntarenas_OTROS_Hidrometereológico
0.02477541329967492,0.783904621054074,11669,GPD,tail,21.39793168391183,0.090625,Puntarenas_OTROS_Hidrometereológico
0.02477541329967492,0.783904621054074,11670,GPD,tail,21.39793168391183,0.090625,Puntarenas_OTROS_Hidrometereológico
0.02477541329967492,0.783904621054074,11671,GPD,tail,21.39793168391183,0.090625,Puntarenas_OTROS_Hidrometereológico
0.02477541329967492,0.783904621054074,11672,GPD,tail,21.39793168391183,0.090625,Puntarenas_OTROS_Hidrometereológico
0.02477541329967492,0.783904621054074,11673,GPD,tail,21.39793168391183,0.090625,Puntarenas_OTROS_Hidrometereológico
0.02477541329967492,0.783904621054074,11674,GPD,tail,21.39793168391183,0.090625,Puntarenas_OTROS_Hidrometereológico
0.02477541329967492,0.783904621054074,11675,GPD,tail,21.39793168391183,0.090625,Puntarenas_OTROS_Hidrometereológico
0.02477541329967492,0.783904621054074,11676,GPD,tail,21.39793168391183,0.090625,Puntarenas_OTROS_Hidrometereológico
0.02477541329967492,0.783904621054074,11677,GPD,tail,21.39793168391183,0.090625,Puntarenas_OTROS_Hidrometereológico
0.02477541329967492,0.783904621054074,11678,GPD,tail,21.39793168391183,0.090625,Puntarenas_OTROS_Hidrometereológico
0.02477541329967492,0.783904621054074,11679,GPD,tail,21.39793168391183,0.090625,Puntarenas_OTROS_Hidrometereológico
0.02477541329967492,0.783904621054074,11680,GPD,tail,21.39793168391183,0.090625,Puntarenas_OTROS_Hidrometereológico
0.02477541329967492,0.783904621054074,11681,GPD,tail,21.39793168391183,0.090625,Puntarenas_OTROS_Hidrometereológico
0.02477541329967492,0.783904621054074,11682,GPD,tail,21.39793168391183,0.090625,Puntarenas_OTROS_Hidrometereológico
0.02477541329967492,0.783904621054074,11683,GPD,tail,21.39793168391183,0.090625,Puntarenas_OTROS_Hidrometereológico
0.02477541329967492,0.783904621054074,11684,GPD,tail,21.39793168391183,0.090625,Puntarenas_OTROS_Hidrometereológico
-0.1349667154752572,0.899602449469059,11685,GPD,tail,21.39793168391183,0.090625,Puntarenas_OTROS_Hidrometereológico
-0.1349667154752572,0.899602449469059,11686,GPD,tail,21.39793168391183,0.090625,Puntarenas_OTROS_Hidrometereológico
-0.1349667154752572,0.899602449469059,11687,GPD,tail,21.39793168391183,0.090625,Puntarenas_OTROS_Hidrometereológico
-0.1349667154752572,0.899602449469059,11688,GPD,tail,21.39793168391183,0.090625,Puntarenas_OTROS_Hidrometereológico
-0.1349667154752572,0.899602449469059,11689,GPD,tail,21.39793168391183,0.090625,Puntarenas_OTROS_Hidrometereológico
-0.1349667154752572,0.899602449469059,11690,GPD,tail,21.39793168391183,0.090625,Puntarenas_OTROS_Hidrometereológico
-0.1349667154752572,0.899602449469059,11691,GPD,tail,21.39793168391183,0.090625,Puntarenas_OTROS_Hidrometereológico
-0.1349667154752572,0.899602449469059,11692,GPD,tail,21.39793168391183,0.090625,Puntarenas_OTROS_Hidrometereológico
-0.1349667154752572,0.899602449469059,11693,GPD,tail,21.39793168391183,0.090625,Puntarenas_OTROS_Hidrometereológico
-0.1349667154752572,0.899602449469059,11694,GPD,tail,21.39793168391183,0.090625,Puntarenas_OTROS_Hidrometereológico
-0.1349667154752572,0.899602449469059,11695,GPD,tail,21.39793168391183,0.090625,Puntarenas_OTROS_Hidrometereológico
-0.1349667154752572,0.899602449469059,11696,GPD,tail,21.39793168391183,0.090625,Puntarenas_OTROS_Hidrometereológico
-0.1349667154752572,0.899602449469059,11697,GPD,tail,21.39793168391183,0.090625,Puntarenas_OTROS_Hidrometereológico
-0.1349667154752572,0.899602449469059,11698,GPD,tail,21.39793168391183,0.090625,Puntarenas_OTROS_Hidrometereológico
-0.1349667154752572,0.899602449469059,11699,GPD,tail,21.39793168391183,0.090625,Puntarenas_OTROS_Hidrometereológico
-0.1349667154752572,0.899602449469059,11700,GPD,tail,21.39793168391183,0.090625,Puntarenas_OTROS_Hidrometereológico
0.011482632711610125,0.7555755082620618,11701,GPD,tail,21.39793168391183,0.090625,Puntarenas_OTROS_Hidrometereológico
0.011482632711610125,0.7555755082620618,11702,GPD,tail,21.39793168391183,0.090625,Puntarenas_OTROS_Hidrometereológico
0.011482632711610125,0.7555755082620618,11703,GPD,tail,21.39793168391183,0.090625,Puntarenas_OTROS_Hidrometereológico
0.011482632711610125,0.7555755082620618,11704,GPD,tail,21.39793168391183,0.090625,Puntarenas_OTROS_Hidrometereológico
0.011482632711610125,0.7555755082620618,11705,GPD,tail,21.39793168391183,0.090625,Puntarenas_OTROS_Hidrometereológico
0.011482632711610125,0.7555755082620618,11706,GPD,tail,21.39793168391183,0.090625,Puntarenas_OTROS_Hidrometereológico
-0.16290589902171304,0.9409230138420028,11707,GPD,tail,21.39793168391183,0.090625,Puntarenas_OTROS_Hidrometereológico
-0.16290589902171304,0.9409230138420028,11708,GPD,tail,21.39793168391183,0.090625,Puntarenas_OTROS_Hidrometereológico
-0.16290589902171304,0.9409230138420028,11709,GPD,tail,21.39793168391183,0.090625,Puntarenas_OTROS_Hidrometereológico
-0.16290589902171304,0.9409230138420028,11710,GPD,tail,21.39793168391183,0.090625,Puntarenas_OTROS_Hidrometereológico
-0.15453976838267797,0.928012596058551,11711,GPD,tail,21.39793168391183,0.090625,Puntarenas_OTROS_Hidrometereológico
-0.15453976838267797,0.928012596058551,11712,GPD,tail,21.39793168391183,0.090625,Puntarenas_OTROS_Hidrometereológico
-0.15453976838267797,0.928012596058551,11713,GPD,tail,21.39793168391183,0.090625,Puntarenas_OTROS_Hidrometereológico
-0.15453976838267797,0.928012596058551,11714,GPD,tail,21.39793168391183,0.090625,Puntarenas_OTROS_Hidrometereológico
-0.15453976838267797,0.928012596058551,11715,GPD,tail,21.39793168391183,0.090625,Puntarenas_OTROS_Hidrometereológico
-0.15453976838267797,0.928012596058551,11716,GPD,tail,21.39793168391183,0.090625,Puntarenas_OTROS_Hidrometereológico
-0.15453976838267797,0.928012596058551,11717,GPD,tail,21.39793168391183,0.090625,Puntarenas_OTROS_Hidrometereológico
-0.15453976838267797,0.928012596058551,11718,GPD,tail,21.39793168391183,0.090625,Puntarenas_OTROS_Hidrometereológico
-0.15453976838267797,0.928012596058551,11719,GPD,tail,21.39793168391183,0.090625,Puntarenas_OTROS_Hidrometereológico
-0.15453976838267797,0.928012596058551,11720,GPD,tail,21.39793168391183,0.090625,Puntarenas_OTROS_Hidrometereológico
-0.15453976838267797,0.928012596058551,11721,GPD,tail,21.39793168391183,0.090625,Puntarenas_OTROS_Hidrometereológico
-0.15453976838267797,0.928012596058551,11722,GPD,tail,21.39793168391183,0.090625,Puntarenas_OTROS_Hidrometereológico
-0.15453976838267797,0.928012596058551,11723,GPD,tail,21.39793168391183,0.090625,Puntarenas_OTROS_Hidrometereológico
-0.15453976838267797,0.928012596058551,11724,GPD,tail,21.39793168391183,0.090625,Puntarenas_OTROS_Hidrometereológico
-0.15453976838267797,0.928012596058551,11725,GPD,tail,21.39793168391183,0.090625,Puntarenas_OTROS_Hidrometereológico
-0.15453976838267797,0.928012596058551,11726,GPD,tail,21.39793168391183,0.090625,Puntarenas_OTROS_Hidrometereológico
-0.15453976838267797,0.928012596058551,11727,GPD,tail,21.39793168391183,0.090625,Puntarenas_OTROS_Hidrometereológico
-0.15453976838267797,0.928012596058551,11728,GPD,tail,21.39793168391183,0.090625,Puntarenas_OTROS_Hidrometereológico
-0.15453976838267797,0.928012596058551,11729,GPD,tail,21.39793168391183,0.090625,Puntarenas_OTROS_Hidrometereológico
-0.15453976838267797,0.928012596058551,11730,GPD,tail,21.39793168391183,0.090625,Puntarenas_OTROS_Hidrometereológico
-0.15453976838267797,0.928012596058551,11731,GPD,tail,21.39793168391183,0.090625,Puntarenas_OTROS_Hidrometereológico
-0.15453976838267797,0.928012596058551,11732,GPD,tail,21.39793168391183,0.090625,Puntarenas_OTROS_Hidrometereológico
-0.15453976838267797,0.928012596058551,11733,GPD,tail,21.39793168391183,0.090625,Puntarenas_OTROS_Hidrometereológico
-0.15453976838267797,0.928012596058551,11734,GPD,tail,21.39793168391183,0.090625,Puntarenas_OTROS_Hidrometereológico
-0.15453976838267797,0.928012596058551,11735,GPD,tail,21.39793168391183,0.090625,Puntarenas_OTROS_Hidrometereológico
-0.15453976838267797,0.928012596058551,11736,GPD,tail,21.39793168391183,0.090625,Puntarenas_OTROS_Hidrometereológico
-0.15453976838267797,0.928012596058551,11737,GPD,tail,21.39793168391183,0.090625,Puntarenas_OTROS_Hidrometereológico
-0.15453976838267797,0.928012596058551,11738,GPD,tail,21.39793168391183,0.090625,Puntarenas_OTROS_Hidrometereológico
-0.07605540161666802,0.9095289278807933,11739,GPD,tail,21.39793168391183,0.090625,Puntarenas_OTROS_Hidrometereológico
-0.07605540161666802,0.9095289278807933,11740,GPD,tail,21.39793168391183,0.090625,Puntarenas_OTROS_Hidrometereológico
-0.07605540161666802,0.9095289278807933,11741,GPD,tail,21.39793168391183,0.090625,Puntarenas_OTROS_Hidrometereológico
-0.07605540161666802,0.9095289278807933,11742,GPD,tail,21.39793168391183,0.090625,Puntarenas_OTROS_Hidrometereológico
-0.07605540161666802,0.9095289278807933,11743,GPD,tail,21.39793168391183,0.090625,Puntarenas_OTROS_Hidrometereológico
-0.07605540161666802,0.9095289278807933,11744,GPD,tail,21.39793168391183,0.090625,Puntarenas_OTROS_Hidrometereológico
-0.07605540161666802,0.9095289278807933,11745,GPD,tail,21.39793168391183,0.090625,Puntarenas_OTROS_Hidrometereológico
-0.07605540161666802,0.9095289278807933,11746,GPD,tail,21.39793168391183,0.090625,Puntarenas_OTROS_Hidrometereológico
-0.07605540161666802,0.9095289278807933,11747,GPD,tail,21.39793168391183,0.090625,Puntarenas_OTROS_Hidrometereológico
-0.07605540161666802,0.9095289278807933,11748,GPD,tail,21.39793168391183,0.090625,Puntarenas_OTROS_Hidrometereológico
-0.07605540161666802,0.9095289278807933,11749,GPD,tail,21.39793168391183,0.090625,Puntarenas_OTROS_Hidrometereológico
-0.07605540161666802,0.9095289278807933,11750,GPD,tail,21.39793168391183,0.090625,Puntarenas_OTROS_Hidrometereológico
-0.07605540161666802,0.9095289278807933,11751,GPD,tail,21.39793168391183,0.090625,Puntarenas_OTROS_Hidrometereológico
-0.07605540161666802,0.9095289278807933,11752,GPD,tail,21.39793168391183,0.090625,Puntarenas_OTROS_Hidrometereológico
-0.07605540161666802,0.9095289278807933,11753,GPD,tail,21.39793168391183,0.090625,Puntarenas_OTROS_Hidrometereológico
-0.07605540161666802,0.9095289278807933,11754,GPD,tail,21.39793168391183,0.090625,Puntarenas_OTROS_Hidrometereológico
-0.07605540161666802,0.9095289278807933,11755,GPD,tail,21.39793168391183,0.090625,Puntarenas_OTROS_Hidrometereológico
-0.07605540161666802,0.9095289278807933,11756,GPD,tail,21.39793168391183,0.090625,Puntarenas_OTROS_Hidrometereológico
-0.07605540161666802,0.9095289278807933,11757,GPD,tail,21.39793168391183,0.090625,Puntarenas_OTROS_Hidrometereológico
0.08060071421561665,0.7417975800978055,11758,GPD,tail,21.39793168391183,0.090625,Puntarenas_OTROS_Hidrometereológico
0.08060071421561665,0.7417975800978055,11759,GPD,tail,21.39793168391183,0.090625,Puntarenas_OTROS_Hidrometereológico
0.08060071421561665,0.7417975800978055,11760,GPD,tail,21.39793168391183,0.090625,Puntarenas_OTROS_Hidrometereológico
0.10789331911344648,0.686071511550503,11761,GPD,tail,21.39793168391183,0.090625,Puntarenas_OTROS_Hidrometereológico
0.10789331911344648,0.686071511550503,11762,GPD,tail,21.39793168391183,0.090625,Puntarenas_OTROS_Hidrometereológico
0.10789331911344648,0.686071511550503,11763,GPD,tail,21.39793168391183,0.090625,Puntarenas_OTROS_Hidrometereológico
0.10789331911344648,0.686071511550503,11764,GPD,tail,21.39793168391183,0.090625,Puntarenas_OTROS_Hidrometereológico
0.10789331911344648,0.686071511550503,11765,GPD,tail,21.39793168391183,0.090625,Puntarenas_OTROS_Hidrometereológico
0.04892257736182459,0.7364129425595918,11766,GPD,tail,21.39793168391183,0.090625,Puntarenas_OTROS_Hidrometereológico
0.04892257736182459,0.7364129425595918,11767,GPD,tail,21.39793168391183,0.090625,Puntarenas_OTROS_Hidrometereológico
0.04892257736182459,0.7364129425595918,11768,GPD,tail,21.39793168391183,0.090625,Puntarenas_OTROS_Hidrometereológico
0.04892257736182459,0.7364129425595918,11769,GPD,tail,21.39793168391183,0.090625,Puntarenas_OTROS_Hidrometereológico
0.04892257736182459,0.7364129425595918,11770,GPD,tail,21.39793168391183,0.090625,Puntarenas_OTROS_Hidrometereológico
0.04892257736182459,0.7364129425595918,11771,GPD,tail,21.39793168391183,0.090625,Puntarenas_OTROS_Hidrometereológico
0.04892257736182459,0.7364129425595918,11772,GPD,tail,21.39793168391183,0.090625,Puntarenas_OTROS_Hidrometereológico
0.04892257736182459,0.7364129425595918,11773,GPD,tail,21.39793168391183,0.090625,Puntarenas_OTROS_Hidrometereológico
0.04892257736182459,0.7364129425595918,11774,GPD,tail,21.39793168391183,0.090625,Puntarenas_OTROS_Hidrometereológico
0.04892257736182459,0.7364129425595918,11775,GPD,tail,21.39793168391183,0.090625,Puntarenas_OTROS_Hidrometereológico
0.04892257736182459,0.7364129425595918,11776,GPD,tail,21.39793168391183,0.090625,Puntarenas_OTROS_Hidrometereológico
0.04892257736182459,0.7364129425595918,11777,GPD,tail,21.39793168391183,0.090625,Puntarenas_OTROS_Hidrometereológico
0.04892257736182459,0.7364129425595918,11778,GPD,tail,21.39793168391183,0.090625,Puntarenas_OTROS_Hidrometereológico
0.017298311428206266,0.7535283092392702,11779,GPD,tail,21.39793168391183,0.090625,Puntarenas_OTROS_Hidrometereológico
0.017298311428206266,0.7535283092392702,11780,GPD,tail,21.39793168391183,0.090625,Puntarenas_OTROS_Hidrometereológico
0.017298311428206266,0.7535283092392702,11781,GPD,tail,21.39793168391183,0.090625,Puntarenas_OTROS_Hidrometereológico
0.017298311428206266,0.7535283092392702,11782,GPD,tail,21.39793168391183,0.090625,Puntarenas_OTROS_Hidrometereológico
0.017298311428206266,0.7535283092392702,11783,GPD,tail,21.39793168391183,0.090625,Puntarenas_OTROS_Hidrometereológico
0.017298311428206266,0.7535283092392702,11784,GPD,tail,21.39793168391183,0.090625,Puntarenas_OTROS_Hidrometereológico
0.017298311428206266,0.7535283092392702,11785,GPD,tail,21.39793168391183,0.090625,Puntarenas_OTROS_Hidrometereológico
0.05104776379939218,0.7618296634400809,11786,GPD,tail,21.39793168391183,0.090625,Puntarenas_OTROS_Hidrometereológico
0.05104776379939218,0.7618296634400809,11787,GPD,tail,21.39793168391183,0.090625,Puntarenas_OTROS_Hidrometereológico
0.05104776379939218,0.7618296634400809,11788,GPD,tail,21.39793168391183,0.090625,Puntarenas_OTROS_Hidrometereológico
0.05104776379939218,0.7618296634400809,11789,GPD,tail,21.39793168391183,0.090625,Puntarenas_OTROS_Hidrometereológico
0.05104776379939218,0.7618296634400809,11790,GPD,tail,21.39793168391183,0.090625,Puntarenas_OTROS_Hidrometereológico
0.05104776379939218,0.7618296634400809,11791,GPD,tail,21.39793168391183,0.090625,Puntarenas_OTROS_Hidrometereológico
0.05104776379939218,0.7618296634400809,11792,GPD,tail,21.39793168391183,0.090625,Puntarenas_OTROS_Hidrometereológico
0.05104776379939218,0.7618296634400809,11793,GPD,tail,21.39793168391183,0.090625,Puntarenas_OTROS_Hidrometereológico
0.05104776379939218,0.7618296634400809,11794,GPD,tail,21.39793168391183,0.090625,Puntarenas_OTROS_Hidrometereológico
0.05104776379939218,0.7618296634400809,11795,GPD,tail,21.39793168391183,0.090625,Puntarenas_OTROS_Hidrometereológico
0.05104776379939218,0.7618296634400809,11796,GPD,tail,21.39793168391183,0.090625,Puntarenas_OTROS_Hidrometereológico
0.05104776379939218,0.7618296634400809,11797,GPD,tail,21.39793168391183,0.090625,Puntarenas_OTROS_Hidrometereológico
0.05104776379939218,0.7618296634400809,11798,GPD,tail,21.39793168391183,0.090625,Puntarenas_OTROS_Hidrometereológico
0.05104776379939218,0.7618296634400809,11799,GPD,tail,21.39793168391183,0.090625,Puntarenas_OTROS_Hidrometereológico
0.08722477695145603,0.7876506658462545,11800,GPD,tail,21.39793168391183,0.090625,Puntarenas_OTROS_Hidrometereológico
0.08722477695145603,0.7876506658462545,11801,GPD,tail,21.39793168391183,0.090625,Puntarenas_OTROS_Hidrometereológico
0.08722477695145603,0.7876506658462545,11802,GPD,tail,21.39793168391183,0.090625,Puntarenas_OTROS_Hidrometereológico
0.08722477695145603,0.7876506658462545,11803,GPD,tail,21.39793168391183,0.090625,Puntarenas_OTROS_Hidrometereológico
0.08722477695145603,0.7876506658462545,11804,GPD,tail,21.39793168391183,0.090625,Puntarenas_OTROS_Hidrometereológico
0.08722477695145603,0.7876506658462545,11805,GPD,tail,21.39793168391183,0.090625,Puntarenas_OTROS_Hidrometereológico
0.08722477695145603,0.7876506658462545,11806,GPD,tail,21.39793168391183,0.090625,Puntarenas_OTROS_Hidrometereológico
0.08722477695145603,0.7876506658462545,11807,GPD,tail,21.39793168391183,0.090625,Puntarenas_OTROS_Hidrometereológico
0.08722477695145603,0.7876506658462545,11808,GPD,tail,21.39793168391183,0.090625,Puntarenas_OTROS_Hidrometereológico
0.08722477695145603,0.7876506658462545,11809,GPD,tail,21.39793168391183,0.090625,Puntarenas_OTROS_Hidrometereológico
0.08722477695145603,0.7876506658462545,11810,GPD,tail,21.39793168391183,0.090625,Puntarenas_OTROS_Hidrometereológico
0.08722477695145603,0.7876506658462545,11811,GPD,tail,21.39793168391183,0.090625,Puntarenas_OTROS_Hidrometereológico
0.08722477695145603,0.7876506658462545,11812,GPD,tail,21.39793168391183,0.090625,Puntarenas_OTROS_Hidrometereológico
0.08722477695145603,0.7876506658462545,11813,GPD,tail,21.39793168391183,0.090625,Puntarenas_OTROS_Hidrometereológico
0.08722477695145603,0.7876506658462545,11814,GPD,tail,21.39793168391183,0.090625,Puntarenas_OTROS_Hidrometereológico
0.08722477695145603,0.7876506658462545,11815,GPD,tail,21.39793168391183,0.090625,Puntarenas_OTROS_Hidrometereológico
0.08722477695145603,0.7876506658462545,11816,GPD,tail,21.39793168391183,0.090625,Puntarenas_OTROS_Hidrometereológico
0.08722477695145603,0.7876506658462545,11817,GPD,tail,21.39793168391183,0.090625,Puntarenas_OTROS_Hidrometereológico
0.08722477695145603,0.7876506658462545,11818,GPD,tail,21.39793168391183,0.090625,Puntarenas_OTROS_Hidrometereológico
0.08722477695145603,0.7876506658462545,11819,GPD,tail,21.39793168391183,0.090625,Puntarenas_OTROS_Hidrometereológico
0.08722477695145603,0.7876506658462545,11820,GPD,tail,21.39793168391183,0.090625,Puntarenas_OTROS_Hidrometereológico
0.08722477695145603,0.7876506658462545,11821,GPD,tail,21.39793168391183,0.090625,Puntarenas_OTROS_Hidrometereológico
0.08722477695145603,0.7876506658462545,11822,GPD,tail,21.39793168391183,0.090625,Puntarenas_OTROS_Hidrometereológico
0.08722477695145603,0.7876506658462545,11823,GPD,tail,21.39793168391183,0.090625,Puntarenas_OTROS_Hidrometereológico
-0.04607881879860082,0.8477401514918822,11824,GPD,tail,21.39793168391183,0.090625,Puntarenas_OTROS_Hidrometereológico
-0.04607881879860082,0.8477401514918822,11825,GPD,tail,21.39793168391183,0.090625,Puntarenas_OTROS_Hidrometereológico
-0.04607881879860082,0.8477401514918822,11826,GPD,tail,21.39793168391183,0.090625,Puntarenas_OTROS_Hidrometereológico
-0.04607881879860082,0.8477401514918822,11827,GPD,tail,21.39793168391183,0.090625,Puntarenas_OTROS_Hidrometereológico
-0.04607881879860082,0.8477401514918822,11828,GPD,tail,21.39793168391183,0.090625,Puntarenas_OTROS_Hidrometereológico
-0.04607881879860082,0.8477401514918822,11829,GPD,tail,21.39793168391183,0.090625,Puntarenas_OTROS_Hidrometereológico
-0.04607881879860082,0.8477401514918822,11830,GPD,tail,21.39793168391183,0.090625,Puntarenas_OTROS_Hidrometereológico
-0.04607881879860082,0.8477401514918822,11831,GPD,tail,21.39793168391183,0.090625,Puntarenas_OTROS_Hidrometereológico
-0.04607881879860082,0.8477401514918822,11832,GPD,tail,21.39793168391183,0.090625,Puntarenas_OTROS_Hidrometereológico
-0.04607881879860082,0.8477401514918822,11833,GPD,tail,21.39793168391183,0.090625,Puntarenas_OTROS_Hidrometereológico
-0.04607881879860082,0.8477401514918822,11834,GPD,tail,21.39793168391183,0.090625,Puntarenas_OTROS_Hidrometereológico
-0.04607881879860082,0.8477401514918822,11835,GPD,tail,21.39793168391183,0.090625,Puntarenas_OTROS_Hidrometereológico
-0.04607881879860082,0.8477401514918822,11836,GPD,tail,21.39793168391183,0.090625,Puntarenas_OTROS_Hidrometereológico
-0.04607881879860082,0.8477401514918822,11837,GPD,tail,21.39793168391183,0.090625,Puntarenas_OTROS_Hidrometereológico
-0.04607881879860082,0.8477401514918822,11838,GPD,tail,21.39793168391183,0.090625,Puntarenas_OTROS_Hidrometereológico
-0.04607881879860082,0.8477401514918822,11839,GPD,tail,21.39793168391183,0.090625,Puntarenas_OTROS_Hidrometereológico
-0.04607881879860082,0.8477401514918822,11840,GPD,tail,21.39793168391183,0.090625,Puntarenas_OTROS_Hidrometereológico
-0.04607881879860082,0.8477401514918822,11841,GPD,tail,21.39793168391183,0.090625,Puntarenas_OTROS_Hidrometereológico
-0.04607881879860082,0.8477401514918822,11842,GPD,tail,21.39793168391183,0.090625,Puntarenas_OTROS_Hidrometereológico
-0.04607881879860082,0.8477401514918822,11843,GPD,tail,21.39793168391183,0.090625,Puntarenas_OTROS_Hidrometereológico
-0.04607881879860082,0.8477401514918822,11844,GPD,tail,21.39793168391183,0.090625,Puntarenas_OTROS_Hidrometereológico
-0.04607881879860082,0.8477401514918822,11845,GPD,tail,21.39793168391183,0.090625,Puntarenas_OTROS_Hidrometereológico
-0.04607881879860082,0.8477401514918822,11846,GPD,tail,21.39793168391183,0.090625,Puntarenas_OTROS_Hidrometereológico
-0.04607881879860082,0.8477401514918822,11847,GPD,tail,21.39793168391183,0.090625,Puntarenas_OTROS_Hidrometereológico
-0.04607881879860082,0.8477401514918822,11848,GPD,tail,21.39793168391183,0.090625,Puntarenas_OTROS_Hidrometereológico
-0.04607881879860082,0.8477401514918822,11849,GPD,tail,21.39793168391183,0.090625,Puntarenas_OTROS_Hidrometereológico
-0.04607881879860082,0.8477401514918822,11850,GPD,tail,21.39793168391183,0.090625,Puntarenas_OTROS_Hidrometereológico
-0.04607881879860082,0.8477401514918822,11851,GPD,tail,21.39793168391183,0.090625,Puntarenas_OTROS_Hidrometereológico
-0.04607881879860082,0.8477401514918822,11852,GPD,tail,21.39793168391183,0.090625,Puntarenas_OTROS_Hidrometereológico
-0.04607881879860082,0.8477401514918822,11853,GPD,tail,21.39793168391183,0.090625,Puntarenas_OTROS_Hidrometereológico
-0.04607881879860082,0.8477401514918822,11854,GPD,tail,21.39793168391183,0.090625,Puntarenas_OTROS_Hidrometereológico
-0.04607881879860082,0.8477401514918822,11855,GPD,tail,21.39793168391183,0.090625,Puntarenas_OTROS_Hidrometereológico
-0.04607881879860082,0.8477401514918822,11856,GPD,tail,21.39793168391183,0.090625,Puntarenas_OTROS_Hidrometereológico
-0.05658570567878729,0.9098831271931376,11857,GPD,tail,21.39793168391183,0.090625,Puntarenas_OTROS_Hidrometereológico
-0.05658570567878729,0.9098831271931376,11858,GPD,tail,21.39793168391183,0.090625,Puntarenas_OTROS_Hidrometereológico
-0.0526551016031414,0.8777254961914596,11859,GPD,tail,21.39793168391183,0.090625,Puntarenas_OTROS_Hidrometereológico
-0.0526551016031414,0.8777254961914596,11860,GPD,tail,21.39793168391183,0.090625,Puntarenas_OTROS_Hidrometereológico
-0.0526551016031414,0.8777254961914596,11861,GPD,tail,21.39793168391183,0.090625,Puntarenas_OTROS_Hidrometereológico
-0.0526551016031414,0.8777254961914596,11862,GPD,tail,21.39793168391183,0.090625,Puntarenas_OTROS_Hidrometereológico
-0.0526551016031414,0.8777254961914596,11863,GPD,tail,21.39793168391183,0.090625,Puntarenas_OTROS_Hidrometereológico
-0.0526551016031414,0.8777254961914596,11864,GPD,tail,21.39793168391183,0.090625,Puntarenas_OTROS_Hidrometereológico
-0.0526551016031414,0.8777254961914596,11865,GPD,tail,21.39793168391183,0.090625,Puntarenas_OTROS_Hidrometereológico
-0.0526551016031414,0.8777254961914596,11866,GPD,tail,21.39793168391183,0.090625,Puntarenas_OTROS_Hidrometereológico
-0.0526551016031414,0.8777254961914596,11867,GPD,tail,21.39793168391183,0.090625,Puntarenas_OTROS_Hidrometereológico
-0.0526551016031414,0.8777254961914596,11868,GPD,tail,21.39793168391183,0.090625,Puntarenas_OTROS_Hidrometereológico
-0.0526551016031414,0.8777254961914596,11869,GPD,tail,21.39793168391183,0.090625,Puntarenas_OTROS_Hidrometereológico
-0.0526551016031414,0.8777254961914596,11870,GPD,tail,21.39793168391183,0.090625,Puntarenas_OTROS_Hidrometereológico
-0.0526551016031414,0.8777254961914596,11871,GPD,tail,21.39793168391183,0.090625,Puntarenas_OTROS_Hidrometereológico
-0.0526551016031414,0.8777254961914596,11872,GPD,tail,21.39793168391183,0.090625,Puntarenas_OTROS_Hidrometereológico
-0.0526551016031414,0.8777254961914596,11873,GPD,tail,21.39793168391183,0.090625,Puntarenas_OTROS_Hidrometereológico
-0.0526551016031414,0.8777254961914596,11874,GPD,tail,21.39793168391183,0.090625,Puntarenas_OTROS_Hidrometereológico
-0.0526551016031414,0.8777254961914596,11875,GPD,tail,21.39793168391183,0.090625,Puntarenas_OTROS_Hidrometereológico
-0.0526551016031414,0.8777254961914596,11876,GPD,tail,21.39793168391183,0.090625,Puntarenas_OTROS_Hidrometereológico
0.011873117443224578,0.868809836091341,11877,GPD,tail,21.39793168391183,0.090625,Puntarenas_OTROS_Hidrometereológico
0.011873117443224578,0.868809836091341,11878,GPD,tail,21.39793168391183,0.090625,Puntarenas_OTROS_Hidrometereológico
-0.012225382868307894,0.7678065462675255,11879,GPD,tail,21.39793168391183,0.090625,Puntarenas_OTROS_Hidrometereológico
-0.012225382868307894,0.7678065462675255,11880,GPD,tail,21.39793168391183,0.090625,Puntarenas_OTROS_Hidrometereológico
-0.012225382868307894,0.7678065462675255,11881,GPD,tail,21.39793168391183,0.090625,Puntarenas_OTROS_Hidrometereológico
-0.012225382868307894,0.7678065462675255,11882,GPD,tail,21.39793168391183,0.090625,Puntarenas_OTROS_Hidrometereológico
-0.012225382868307894,0.7678065462675255,11883,GPD,tail,21.39793168391183,0.090625,Puntarenas_OTROS_Hidrometereológico
-0.012225382868307894,0.7678065462675255,11884,GPD,tail,21.39793168391183,0.090625,Puntarenas_OTROS_Hidrometereológico
-0.012225382868307894,0.7678065462675255,11885,GPD,tail,21.39793168391183,0.090625,Puntarenas_OTROS_Hidrometereológico
-0.012225382868307894,0.7678065462675255,11886,GPD,tail,21.39793168391183,0.090625,Puntarenas_OTROS_Hidrometereológico
-0.012225382868307894,0.7678065462675255,11887,GPD,tail,21.39793168391183,0.090625,Puntarenas_OTROS_Hidrometereológico
-0.012225382868307894,0.7678065462675255,11888,GPD,tail,21.39793168391183,0.090625,Puntarenas_OTROS_Hidrometereológico
-0.012225382868307894,0.7678065462675255,11889,GPD,tail,21.39793168391183,0.090625,Puntarenas_OTROS_Hidrometereológico
-0.012225382868307894,0.7678065462675255,11890,GPD,tail,21.39793168391183,0.090625,Puntarenas_OTROS_Hidrometereológico
-0.012225382868307894,0.7678065462675255,11891,GPD,tail,21.39793168391183,0.090625,Puntarenas_OTROS_Hidrometereológico
-0.012225382868307894,0.7678065462675255,11892,GPD,tail,21.39793168391183,0.090625,Puntarenas_OTROS_Hidrometereológico
-0.012225382868307894,0.7678065462675255,11893,GPD,tail,21.39793168391183,0.090625,Puntarenas_OTROS_Hidrometereológico
-0.012225382868307894,0.7678065462675255,11894,GPD,tail,21.39793168391183,0.090625,Puntarenas_OTROS_Hidrometereológico
-0.012225382868307894,0.7678065462675255,11895,GPD,tail,21.39793168391183,0.090625,Puntarenas_OTROS_Hidrometereológico
-0.012225382868307894,0.7678065462675255,11896,GPD,tail,21.39793168391183,0.090625,Puntarenas_OTROS_Hidrometereológico
-0.012225382868307894,0.7678065462675255,11897,GPD,tail,21.39793168391183,0.090625,Puntarenas_OTROS_Hidrometereológico
-0.012225382868307894,0.7678065462675255,11898,GPD,tail,21.39793168391183,0.090625,Puntarenas_OTROS_Hidrometereológico
-0.012225382868307894,0.7678065462675255,11899,GPD,tail,21.39793168391183,0.090625,Puntarenas_OTROS_Hidrometereológico
-0.012225382868307894,0.7678065462675255,11900,GPD,tail,21.39793168391183,0.090625,Puntarenas_OTROS_Hidrometereológico
-0.14251087874203291,0.8722635762607375,11901,GPD,tail,21.39793168391183,0.090625,Puntarenas_OTROS_Hidrometereológico
-0.14251087874203291,0.8722635762607375,11902,GPD,tail,21.39793168391183,0.090625,Puntarenas_OTROS_Hidrometereológico
-0.14251087874203291,0.8722635762607375,11903,GPD,tail,21.39793168391183,0.090625,Puntarenas_OTROS_Hidrometereológico
-0.14251087874203291,0.8722635762607375,11904,GPD,tail,21.39793168391183,0.090625,Puntarenas_OTROS_Hidrometereológico
-0.14251087874203291,0.8722635762607375,11905,GPD,tail,21.39793168391183,0.090625,Puntarenas_OTROS_Hidrometereológico
-0.14251087874203291,0.8722635762607375,11906,GPD,tail,21.39793168391183,0.090625,Puntarenas_OTROS_Hidrometereológico
0.008074248695734976,0.8305823650055046,11907,GPD,tail,21.39793168391183,0.090625,Puntarenas_OTROS_Hidrometereológico
0.008074248695734976,0.8305823650055046,11908,GPD,tail,21.39793168391183,0.090625,Puntarenas_OTROS_Hidrometereológico
0.008074248695734976,0.8305823650055046,11909,GPD,tail,21.39793168391183,0.090625,Puntarenas_OTROS_Hidrometereológico
0.008074248695734976,0.8305823650055046,11910,GPD,tail,21.39793168391183,0.090625,Puntarenas_OTROS_Hidrometereológico
0.008074248695734976,0.8305823650055046,11911,GPD,tail,21.39793168391183,0.090625,Puntarenas_OTROS_Hidrometereológico
0.008074248695734976,0.8305823650055046,11912,GPD,tail,21.39793168391183,0.090625,Puntarenas_OTROS_Hidrometereológico
0.008074248695734976,0.8305823650055046,11913,GPD,tail,21.39793168391183,0.090625,Puntarenas_OTROS_Hidrometereológico
0.008074248695734976,0.8305823650055046,11914,GPD,tail,21.39793168391183,0.090625,Puntarenas_OTROS_Hidrometereológico
0.008074248695734976,0.8305823650055046,11915,GPD,tail,21.39793168391183,0.090625,Puntarenas_OTROS_Hidrometereológico
-0.12220217829312571,0.8454199454070705,11916,GPD,tail,21.39793168391183,0.090625,Puntarenas_OTROS_Hidrometereológico
-0.12220217829312571,0.8454199454070705,11917,GPD,tail,21.39793168391183,0.090625,Puntarenas_OTROS_Hidrometereológico
-0.12220217829312571,0.8454199454070705,11918,GPD,tail,21.39793168391183,0.090625,Puntarenas_OTROS_Hidrometereológico
-0.12220217829312571,0.8454199454070705,11919,GPD,tail,21.39793168391183,0.090625,Puntarenas_OTROS_Hidrometereológico
-0.12220217829312571,0.8454199454070705,11920,GPD,tail,21.39793168391183,0.090625,Puntarenas_OTROS_Hidrometereológico
-0.12220217829312571,0.8454199454070705,11921,GPD,tail,21.39793168391183,0.090625,Puntarenas_OTROS_Hidrometereológico
-0.12220217829312571,0.8454199454070705,11922,GPD,tail,21.39793168391183,0.090625,Puntarenas_OTROS_Hidrometereológico
-0.12220217829312571,0.8454199454070705,11923,GPD,tail,21.39793168391183,0.090625,Puntarenas_OTROS_Hidrometereológico
-0.13767134230997347,0.8974588197690864,11924,GPD,tail,21.39793168391183,0.090625,Puntarenas_OTROS_Hidrometereológico
-0.13767134230997347,0.8974588197690864,11925,GPD,tail,21.39793168391183,0.090625,Puntarenas_OTROS_Hidrometereológico
-0.13767134230997347,0.8974588197690864,11926,GPD,tail,21.39793168391183,0.090625,Puntarenas_OTROS_Hidrometereológico
-0.13767134230997347,0.8974588197690864,11927,GPD,tail,21.39793168391183,0.090625,Puntarenas_OTROS_Hidrometereológico
-0.13767134230997347,0.8974588197690864,11928,GPD,tail,21.39793168391183,0.090625,Puntarenas_OTROS_Hidrometereológico
-0.13767134230997347,0.8974588197690864,11929,GPD,tail,21.39793168391183,0.090625,Puntarenas_OTROS_Hidrometereológico
-0.13767134230997347,0.8974588197690864,11930,GPD,tail,21.39793168391183,0.090625,Puntarenas_OTROS_Hidrometereológico
-0.13767134230997347,0.8974588197690864,11931,GPD,tail,21.39793168391183,0.090625,Puntarenas_OTROS_Hidrometereológico
-0.13767134230997347,0.8974588197690864,11932,GPD,tail,21.39793168391183,0.090625,Puntarenas_OTROS_Hidrometereológico
-0.13767134230997347,0.8974588197690864,11933,GPD,tail,21.39793168391183,0.090625,Puntarenas_OTROS_Hidrometereológico
-0.13767134230997347,0.8974588197690864,11934,GPD,tail,21.39793168391183,0.090625,Puntarenas_OTROS_Hidrometereológico
-0.13767134230997347,0.8974588197690864,11935,GPD,tail,21.39793168391183,0.090625,Puntarenas_OTROS_Hidrometereológico
-0.13767134230997347,0.8974588197690864,11936,GPD,tail,21.39793168391183,0.090625,Puntarenas_OTROS_Hidrometereológico
-0.13767134230997347,0.8974588197690864,11937,GPD,tail,21.39793168391183,0.090625,Puntarenas_OTROS_Hidrometereológico
-0.13767134230997347,0.8974588197690864,11938,GPD,tail,21.39793168391183,0.090625,Puntarenas_OTROS_Hidrometereológico
-0.13767134230997347,0.8974588197690864,11939,GPD,tail,21.39793168391183,0.090625,Puntarenas_OTROS_Hidrometereológico
-0.13767134230997347,0.8974588197690864,11940,GPD,tail,21.39793168391183,0.090625,Puntarenas_OTROS_Hidrometereológico
-0.13767134230997347,0.8974588197690864,11941,GPD,tail,21.39793168391183,0.090625,Puntarenas_OTROS_Hidrometereológico
-0.13767134230997347,0.8974588197690864,11942,GPD,tail,21.39793168391183,0.090625,Puntarenas_OTROS_Hidrometereológico
-0.13767134230997347,0.8974588197690864,11943,GPD,tail,21.39793168391183,0.090625,Puntarenas_OTROS_Hidrometereológico
-0.13767134230997347,0.8974588197690864,11944,GPD,tail,21.39793168391183,0.090625,Puntarenas_OTROS_Hidrometereológico
-0.13767134230997347,0.8974588197690864,11945,GPD,tail,21.39793168391183,0.090625,Puntarenas_OTROS_Hidrometereológico
-0.13767134230997347,0.8974588197690864,11946,GPD,tail,21.39793168391183,0.090625,Puntarenas_OTROS_Hidrometereológico
-0.13767134230997347,0.8974588197690864,11947,GPD,tail,21.39793168391183,0.090625,Puntarenas_OTROS_Hidrometereológico
-0.13767134230997347,0.8974588197690864,11948,GPD,tail,21.39793168391183,0.090625,Puntarenas_OTROS_Hidrometereológico
-0.13767134230997347,0.8974588197690864,11949,GPD,tail,21.39793168391183,0.090625,Puntarenas_OTROS_Hidrometereológico
-0.13767134230997347,0.8974588197690864,11950,GPD,tail,21.39793168391183,0.090625,Puntarenas_OTROS_Hidrometereológico
-0.13767134230997347,0.8974588197690864,11951,GPD,tail,21.39793168391183,0.090625,Puntarenas_OTROS_Hidrometereológico
-0.13767134230997347,0.8974588197690864,11952,GPD,tail,21.39793168391183,0.090625,Puntarenas_OTROS_Hidrometereológico
-0.13767134230997347,0.8974588197690864,11953,GPD,tail,21.39793168391183,0.090625,Puntarenas_OTROS_Hidrometereológico
-0.13767134230997347,0.8974588197690864,11954,GPD,tail,21.39793168391183,0.090625,Puntarenas_OTROS_Hidrometereológico
-0.13767134230997347,0.8974588197690864,11955,GPD,tail,21.39793168391183,0.090625,Puntarenas_OTROS_Hidrometereológico
-0.13767134230997347,0.8974588197690864,11956,GPD,tail,21.39793168391183,0.090625,Puntarenas_OTROS_Hidrometereológico
-0.13767134230997347,0.8974588197690864,11957,GPD,tail,21.39793168391183,0.090625,Puntarenas_OTROS_Hidrometereológico
-0.13767134230997347,0.8974588197690864,11958,GPD,tail,21.39793168391183,0.090625,Puntarenas_OTROS_Hidrometereológico
-0.13767134230997347,0.8974588197690864,11959,GPD,tail,21.39793168391183,0.090625,Puntarenas_OTROS_Hidrometereológico
-0.13767134230997347,0.8974588197690864,11960,GPD,tail,21.39793168391183,0.090625,Puntarenas_OTROS_Hidrometereológico
-0.13767134230997347,0.8974588197690864,11961,GPD,tail,21.39793168391183,0.090625,Puntarenas_OTROS_Hidrometereológico
-0.13767134230997347,0.8974588197690864,11962,GPD,tail,21.39793168391183,0.090625,Puntarenas_OTROS_Hidrometereológico
-0.13767134230997347,0.8974588197690864,11963,GPD,tail,21.39793168391183,0.090625,Puntarenas_OTROS_Hidrometereológico
-0.13767134230997347,0.8974588197690864,11964,GPD,tail,21.39793168391183,0.090625,Puntarenas_OTROS_Hidrometereológico
-0.13767134230997347,0.8974588197690864,11965,GPD,tail,21.39793168391183,0.090625,Puntarenas_OTROS_Hidrometereológico
-0.13767134230997347,0.8974588197690864,11966,GPD,tail,21.39793168391183,0.090625,Puntarenas_OTROS_Hidrometereológico
-0.13767134230997347,0.8974588197690864,11967,GPD,tail,21.39793168391183,0.090625,Puntarenas_OTROS_Hidrometereológico
-0.13767134230997347,0.8974588197690864,11968,GPD,tail,21.39793168391183,0.090625,Puntarenas_OTROS_Hidrometereológico
-0.13767134230997347,0.8974588197690864,11969,GPD,tail,21.39793168391183,0.090625,Puntarenas_OTROS_Hidrometereológico
-0.13767134230997347,0.8974588197690864,11970,GPD,tail,21.39793168391183,0.090625,Puntarenas_OTROS_Hidrometereológico
-0.13767134230997347,0.8974588197690864,11971,GPD,tail,21.39793168391183,0.090625,Puntarenas_OTROS_Hidrometereológico
-0.13767134230997347,0.8974588197690864,11972,GPD,tail,21.39793168391183,0.090625,Puntarenas_OTROS_Hidrometereológico
-0.13767134230997347,0.8974588197690864,11973,GPD,tail,21.39793168391183,0.090625,Puntarenas_OTROS_Hidrometereológico
-0.13767134230997347,0.8974588197690864,11974,GPD,tail,21.39793168391183,0.090625,Puntarenas_OTROS_Hidrometereológico
-0.13767134230997347,0.8974588197690864,11975,GPD,tail,21.39793168391183,0.090625,Puntarenas_OTROS_Hidrometereológico
-0.13767134230997347,0.8974588197690864,11976,GPD,tail,21.39793168391183,0.090625,Puntarenas_OTROS_Hidrometereológico
-0.13767134230997347,0.8974588197690864,11977,GPD,tail,21.39793168391183,0.090625,Puntarenas_OTROS_Hidrometereológico
-0.13767134230997347,0.8974588197690864,11978,GPD,tail,21.39793168391183,0.090625,Puntarenas_OTROS_Hidrometereológico
-0.13767134230997347,0.8974588197690864,11979,GPD,tail,21.39793168391183,0.090625,Puntarenas_OTROS_Hidrometereológico
-0.13767134230997347,0.8974588197690864,11980,GPD,tail,21.39793168391183,0.090625,Puntarenas_OTROS_Hidrometereológico
-0.13767134230997347,0.8974588197690864,11981,GPD,tail,21.39793168391183,0.090625,Puntarenas_OTROS_Hidrometereológico
-0.13767134230997347,0.8974588197690864,11982,GPD,tail,21.39793168391183,0.090625,Puntarenas_OTROS_Hidrometereológico
-0.13767134230997347,0.8974588197690864,11983,GPD,tail,21.39793168391183,0.090625,Puntarenas_OTROS_Hidrometereológico
-0.13767134230997347,0.8974588197690864,11984,GPD,tail,21.39793168391183,0.090625,Puntarenas_OTROS_Hidrometereológico
-0.13767134230997347,0.8974588197690864,11985,GPD,tail,21.39793168391183,0.090625,Puntarenas_OTROS_Hidrometereológico
-0.13767134230997347,0.8974588197690864,11986,GPD,tail,21.39793168391183,0.090625,Puntarenas_OTROS_Hidrometereológico
-0.13767134230997347,0.8974588197690864,11987,GPD,tail,21.39793168391183,0.090625,Puntarenas_OTROS_Hidrometereológico
-0.13767134230997347,0.8974588197690864,11988,GPD,tail,21.39793168391183,0.090625,Puntarenas_OTROS_Hidrometereológico
-0.13767134230997347,0.8974588197690864,11989,GPD,tail,21.39793168391183,0.090625,Puntarenas_OTROS_Hidrometereológico
-0.13767134230997347,0.8974588197690864,11990,GPD,tail,21.39793168391183,0.090625,Puntarenas_OTROS_Hidrometereológico
-0.13767134230997347,0.8974588197690864,11991,GPD,tail,21.39793168391183,0.090625,Puntarenas_OTROS_Hidrometereológico
-0.13767134230997347,0.8974588197690864,11992,GPD,tail,21.39793168391183,0.090625,Puntarenas_OTROS_Hidrometereológico
-0.13767134230997347,0.8974588197690864,11993,GPD,tail,21.39793168391183,0.090625,Puntarenas_OTROS_Hidrometereológico
-0.13767134230997347,0.8974588197690864,11994,GPD,tail,21.39793168391183,0.090625,Puntarenas_OTROS_Hidrometereológico
-0.13767134230997347,0.8974588197690864,11995,GPD,tail,21.39793168391183,0.090625,Puntarenas_OTROS_Hidrometereológico
-0.12230668842800192,0.8301839271449529,11996,GPD,tail,21.39793168391183,0.090625,Puntarenas_OTROS_Hidrometereológico
-0.12230668842800192,0.8301839271449529,11997,GPD,tail,21.39793168391183,0.090625,Puntarenas_OTROS_Hidrometereológico
-0.12230668842800192,0.8301839271449529,11998,GPD,tail,21.39793168391183,0.090625,Puntarenas_OTROS_Hidrometereológico
-0.12230668842800192,0.8301839271449529,11999,GPD,tail,21.39793168391183,0.090625,Puntarenas_OTROS_Hidrometereológico
-0.12230668842800192,0.8301839271449529,12000,GPD,tail,21.39793168391183,0.090625,Puntarenas_OTROS_Hidrometereológico
-0.12230668842800192,0.8301839271449529,12001,GPD,tail,21.39793168391183,0.090625,Puntarenas_OTROS_Hidrometereológico
-0.12230668842800192,0.8301839271449529,12002,GPD,tail,21.39793168391183,0.090625,Puntarenas_OTROS_Hidrometereológico
-0.060234141230682825,0.8396600894242625,12003,GPD,tail,21.39793168391183,0.090625,Puntarenas_OTROS_Hidrometereológico
-0.060234141230682825,0.8396600894242625,12004,GPD,tail,21.39793168391183,0.090625,Puntarenas_OTROS_Hidrometereológico
-0.060234141230682825,0.8396600894242625,12005,GPD,tail,21.39793168391183,0.090625,Puntarenas_OTROS_Hidrometereológico
-0.060234141230682825,0.8396600894242625,12006,GPD,tail,21.39793168391183,0.090625,Puntarenas_OTROS_Hidrometereológico
-0.060234141230682825,0.8396600894242625,12007,GPD,tail,21.39793168391183,0.090625,Puntarenas_OTROS_Hidrometereológico
-0.060234141230682825,0.8396600894242625,12008,GPD,tail,21.39793168391183,0.090625,Puntarenas_OTROS_Hidrometereológico
-0.060234141230682825,0.8396600894242625,12009,GPD,tail,21.39793168391183,0.090625,Puntarenas_OTROS_Hidrometereológico
-0.060234141230682825,0.8396600894242625,12010,GPD,tail,21.39793168391183,0.090625,Puntarenas_OTROS_Hidrometereológico
-0.060234141230682825,0.8396600894242625,12011,GPD,tail,21.39793168391183,0.090625,Puntarenas_OTROS_Hidrometereológico
-0.060234141230682825,0.8396600894242625,12012,GPD,tail,21.39793168391183,0.090625,Puntarenas_OTROS_Hidrometereológico
-0.060234141230682825,0.8396600894242625,12013,GPD,tail,21.39793168391183,0.090625,Puntarenas_OTROS_Hidrometereológico
-0.06234156685085691,0.9183153612767289,12014,GPD,tail,21.39793168391183,0.090625,Puntarenas_OTROS_Hidrometereológico
-0.06234156685085691,0.9183153612767289,12015,GPD,tail,21.39793168391183,0.090625,Puntarenas_OTROS_Hidrometereológico
-0.06234156685085691,0.9183153612767289,12016,GPD,tail,21.39793168391183,0.090625,Puntarenas_OTROS_Hidrometereológico
-0.06234156685085691,0.9183153612767289,12017,GPD,tail,21.39793168391183,0.090625,Puntarenas_OTROS_Hidrometereológico
-0.06234156685085691,0.9183153612767289,12018,GPD,tail,21.39793168391183,0.090625,Puntarenas_OTROS_Hidrometereológico
-0.06234156685085691,0.9183153612767289,12019,GPD,tail,21.39793168391183,0.090625,Puntarenas_OTROS_Hidrometereológico
-0.06234156685085691,0.9183153612767289,12020,GPD,tail,21.39793168391183,0.090625,Puntarenas_OTROS_Hidrometereológico
-0.06234156685085691,0.9183153612767289,12021,GPD,tail,21.39793168391183,0.090625,Puntarenas_OTROS_Hidrometereológico
-0.06234156685085691,0.9183153612767289,12022,GPD,tail,21.39793168391183,0.090625,Puntarenas_OTROS_Hidrometereológico
-0.06234156685085691,0.9183153612767289,12023,GPD,tail,21.39793168391183,0.090625,Puntarenas_OTROS_Hidrometereológico
-0.06234156685085691,0.9183153612767289,12024,GPD,tail,21.39793168391183,0.090625,Puntarenas_OTROS_Hidrometereológico
-0.06234156685085691,0.9183153612767289,12025,GPD,tail,21.39793168391183,0.090625,Puntarenas_OTROS_Hidrometereológico
-0.06234156685085691,0.9183153612767289,12026,GPD,tail,21.39793168391183,0.090625,Puntarenas_OTROS_Hidrometereológico
-0.06234156685085691,0.9183153612767289,12027,GPD,tail,21.39793168391183,0.090625,Puntarenas_OTROS_Hidrometereológico
-0.06234156685085691,0.9183153612767289,12028,GPD,tail,21.39793168391183,0.090625,Puntarenas_OTROS_Hidrometereológico
-0.06234156685085691,0.9183153612767289,12029,GPD,tail,21.39793168391183,0.090625,Puntarenas_OTROS_Hidrometereológico
-0.06234156685085691,0.9183153612767289,12030,GPD,tail,21.39793168391183,0.090625,Puntarenas_OTROS_Hidrometereológico
-0.06234156685085691,0.9183153612767289,12031,GPD,tail,21.39793168391183,0.090625,Puntarenas_OTROS_Hidrometereológico
-0.06234156685085691,0.9183153612767289,12032,GPD,tail,21.39793168391183,0.090625,Puntarenas_OTROS_Hidrometereológico
-0.06234156685085691,0.9183153612767289,12033,GPD,tail,21.39793168391183,0.090625,Puntarenas_OTROS_Hidrometereológico
-0.06234156685085691,0.9183153612767289,12034,GPD,tail,21.39793168391183,0.090625,Puntarenas_OTROS_Hidrometereológico
-0.06234156685085691,0.9183153612767289,12035,GPD,tail,21.39793168391183,0.090625,Puntarenas_OTROS_Hidrometereológico
-0.06234156685085691,0.9183153612767289,12036,GPD,tail,21.39793168391183,0.090625,Puntarenas_OTROS_Hidrometereológico
-0.06234156685085691,0.9183153612767289,12037,GPD,tail,21.39793168391183,0.090625,Puntarenas_OTROS_Hidrometereológico
-0.06234156685085691,0.9183153612767289,12038,GPD,tail,21.39793168391183,0.090625,Puntarenas_OTROS_Hidrometereológico
-0.06234156685085691,0.9183153612767289,12039,GPD,tail,21.39793168391183,0.090625,Puntarenas_OTROS_Hidrometereológico
-0.06234156685085691,0.9183153612767289,12040,GPD,tail,21.39793168391183,0.090625,Puntarenas_OTROS_Hidrometereológico
-0.06234156685085691,0.9183153612767289,12041,GPD,tail,21.39793168391183,0.090625,Puntarenas_OTROS_Hidrometereológico
-0.06234156685085691,0.9183153612767289,12042,GPD,tail,21.39793168391183,0.090625,Puntarenas_OTROS_Hidrometereológico
-0.06234156685085691,0.9183153612767289,12043,GPD,tail,21.39793168391183,0.090625,Puntarenas_OTROS_Hidrometereológico
-0.06234156685085691,0.9183153612767289,12044,GPD,tail,21.39793168391183,0.090625,Puntarenas_OTROS_Hidrometereológico
-0.06234156685085691,0.9183153612767289,12045,GPD,tail,21.39793168391183,0.090625,Puntarenas_OTROS_Hidrometereológico
-0.06234156685085691,0.9183153612767289,12046,GPD,tail,21.39793168391183,0.090625,Puntarenas_OTROS_Hidrometereológico
-0.06234156685085691,0.9183153612767289,12047,GPD,tail,21.39793168391183,0.090625,Puntarenas_OTROS_Hidrometereológico
-0.06234156685085691,0.9183153612767289,12048,GPD,tail,21.39793168391183,0.090625,Puntarenas_OTROS_Hidrometereológico
-0.06234156685085691,0.9183153612767289,12049,GPD,tail,21.39793168391183,0.090625,Puntarenas_OTROS_Hidrometereológico
-0.06234156685085691,0.9183153612767289,12050,GPD,tail,21.39793168391183,0.090625,Puntarenas_OTROS_Hidrometereológico
-0.06234156685085691,0.9183153612767289,12051,GPD,tail,21.39793168391183,0.090625,Puntarenas_OTROS_Hidrometereológico
-0.06234156685085691,0.9183153612767289,12052,GPD,tail,21.39793168391183,0.090625,Puntarenas_OTROS_Hidrometereológico
-0.06234156685085691,0.9183153612767289,12053,GPD,tail,21.39793168391183,0.090625,Puntarenas_OTROS_Hidrometereológico
-0.06234156685085691,0.9183153612767289,12054,GPD,tail,21.39793168391183,0.090625,Puntarenas_OTROS_Hidrometereológico
-0.06234156685085691,0.9183153612767289,12055,GPD,tail,21.39793168391183,0.090625,Puntarenas_OTROS_Hidrometereológico
-0.06234156685085691,0.9183153612767289,12056,GPD,tail,21.39793168391183,0.090625,Puntarenas_OTROS_Hidrometereológico
-0.06234156685085691,0.9183153612767289,12057,GPD,tail,21.39793168391183,0.090625,Puntarenas_OTROS_Hidrometereológico
-0.06234156685085691,0.9183153612767289,12058,GPD,tail,21.39793168391183,0.090625,Puntarenas_OTROS_Hidrometereológico
-0.06234156685085691,0.9183153612767289,12059,GPD,tail,21.39793168391183,0.090625,Puntarenas_OTROS_Hidrometereológico
-0.06234156685085691,0.9183153612767289,12060,GPD,tail,21.39793168391183,0.090625,Puntarenas_OTROS_Hidrometereológico
-0.06234156685085691,0.9183153612767289,12061,GPD,tail,21.39793168391183,0.090625,Puntarenas_OTROS_Hidrometereológico
-0.06234156685085691,0.9183153612767289,12062,GPD,tail,21.39793168391183,0.090625,Puntarenas_OTROS_Hidrometereológico
-0.06234156685085691,0.9183153612767289,12063,GPD,tail,21.39793168391183,0.090625,Puntarenas_OTROS_Hidrometereológico
-0.06234156685085691,0.9183153612767289,12064,GPD,tail,21.39793168391183,0.090625,Puntarenas_OTROS_Hidrometereológico
-0.06234156685085691,0.9183153612767289,12065,GPD,tail,21.39793168391183,0.090625,Puntarenas_OTROS_Hidrometereológico
-0.06234156685085691,0.9183153612767289,12066,GPD,tail,21.39793168391183,0.090625,Puntarenas_OTROS_Hidrometereológico
-0.06234156685085691,0.9183153612767289,12067,GPD,tail,21.39793168391183,0.090625,Puntarenas_OTROS_Hidrometereológico
-0.06234156685085691,0.9183153612767289,12068,GPD,tail,21.39793168391183,0.090625,Puntarenas_OTROS_Hidrometereológico
-0.06234156685085691,0.9183153612767289,12069,GPD,tail,21.39793168391183,0.090625,Puntarenas_OTROS_Hidrometereológico
-0.06234156685085691,0.9183153612767289,12070,GPD,tail,21.39793168391183,0.090625,Puntarenas_OTROS_Hidrometereológico
-0.15765681337731424,0.9694166924099372,12071,GPD,tail,21.39793168391183,0.090625,Puntarenas_OTROS_Hidrometereológico
-0.15765681337731424,0.9694166924099372,12072,GPD,tail,21.39793168391183,0.090625,Puntarenas_OTROS_Hidrometereológico
-0.15765681337731424,0.9694166924099372,12073,GPD,tail,21.39793168391183,0.090625,Puntarenas_OTROS_Hidrometereológico
-0.15765681337731424,0.9694166924099372,12074,GPD,tail,21.39793168391183,0.090625,Puntarenas_OTROS_Hidrometereológico
-0.15765681337731424,0.9694166924099372,12075,GPD,tail,21.39793168391183,0.090625,Puntarenas_OTROS_Hidrometereológico
-0.15765681337731424,0.9694166924099372,12076,GPD,tail,21.39793168391183,0.090625,Puntarenas_OTROS_Hidrometereológico
-0.15765681337731424,0.9694166924099372,12077,GPD,tail,21.39793168391183,0.090625,Puntarenas_OTROS_Hidrometereológico
-0.15765681337731424,0.9694166924099372,12078,GPD,tail,21.39793168391183,0.090625,Puntarenas_OTROS_Hidrometereológico
-0.15765681337731424,0.9694166924099372,12079,GPD,tail,21.39793168391183,0.090625,Puntarenas_OTROS_Hidrometereológico
-0.15765681337731424,0.9694166924099372,12080,GPD,tail,21.39793168391183,0.090625,Puntarenas_OTROS_Hidrometereológico
-0.15765681337731424,0.9694166924099372,12081,GPD,tail,21.39793168391183,0.090625,Puntarenas_OTROS_Hidrometereológico
-0.15765681337731424,0.9694166924099372,12082,GPD,tail,21.39793168391183,0.090625,Puntarenas_OTROS_Hidrometereológico
-0.15765681337731424,0.9694166924099372,12083,GPD,tail,21.39793168391183,0.090625,Puntarenas_OTROS_Hidrometereológico
-0.15765681337731424,0.9694166924099372,12084,GPD,tail,21.39793168391183,0.090625,Puntarenas_OTROS_Hidrometereológico
-0.15765681337731424,0.9694166924099372,12085,GPD,tail,21.39793168391183,0.090625,Puntarenas_OTROS_Hidrometereológico
-0.15765681337731424,0.9694166924099372,12086,GPD,tail,21.39793168391183,0.090625,Puntarenas_OTROS_Hidrometereológico
-0.15765681337731424,0.9694166924099372,12087,GPD,tail,21.39793168391183,0.090625,Puntarenas_OTROS_Hidrometereológico
-0.15765681337731424,0.9694166924099372,12088,GPD,tail,21.39793168391183,0.090625,Puntarenas_OTROS_Hidrometereológico
-0.15765681337731424,0.9694166924099372,12089,GPD,tail,21.39793168391183,0.090625,Puntarenas_OTROS_Hidrometereológico
-0.15765681337731424,0.9694166924099372,12090,GPD,tail,21.39793168391183,0.090625,Puntarenas_OTROS_Hidrometereológico
-0.15765681337731424,0.9694166924099372,12091,GPD,tail,21.39793168391183,0.090625,Puntarenas_OTROS_Hidrometereológico
-0.15765681337731424,0.9694166924099372,12092,GPD,tail,21.39793168391183,0.090625,Puntarenas_OTROS_Hidrometereológico
-0.15765681337731424,0.9694166924099372,12093,GPD,tail,21.39793168391183,0.090625,Puntarenas_OTROS_Hidrometereológico
-0.04671071189127518,0.8308794875947298,12094,GPD,tail,21.39793168391183,0.090625,Puntarenas_OTROS_Hidrometereológico
-0.04671071189127518,0.8308794875947298,12095,GPD,tail,21.39793168391183,0.090625,Puntarenas_OTROS_Hidrometereológico
-0.04671071189127518,0.8308794875947298,12096,GPD,tail,21.39793168391183,0.090625,Puntarenas_OTROS_Hidrometereológico
-0.04671071189127518,0.8308794875947298,12097,GPD,tail,21.39793168391183,0.090625,Puntarenas_OTROS_Hidrometereológico
-0.04671071189127518,0.8308794875947298,12098,GPD,tail,21.39793168391183,0.090625,Puntarenas_OTROS_Hidrometereológico
-0.04671071189127518,0.8308794875947298,12099,GPD,tail,21.39793168391183,0.090625,Puntarenas_OTROS_Hidrometereológico
-0.04671071189127518,0.8308794875947298,12100,GPD,tail,21.39793168391183,0.090625,Puntarenas_OTROS_Hidrometereológico
-0.04671071189127518,0.8308794875947298,12101,GPD,tail,21.39793168391183,0.090625,Puntarenas_OTROS_Hidrometereológico
-0.04671071189127518,0.8308794875947298,12102,GPD,tail,21.39793168391183,0.090625,Puntarenas_OTROS_Hidrometereológico
-0.04671071189127518,0.8308794875947298,12103,GPD,tail,21.39793168391183,0.090625,Puntarenas_OTROS_Hidrometereológico
-0.04671071189127518,0.8308794875947298,12104,GPD,tail,21.39793168391183,0.090625,Puntarenas_OTROS_Hidrometereológico
-0.04671071189127518,0.8308794875947298,12105,GPD,tail,21.39793168391183,0.090625,Puntarenas_OTROS_Hidrometereológico
-0.04671071189127518,0.8308794875947298,12106,GPD,tail,21.39793168391183,0.090625,Puntarenas_OTROS_Hidrometereológico
-0.04671071189127518,0.8308794875947298,12107,GPD,tail,21.39793168391183,0.090625,Puntarenas_OTROS_Hidrometereológico
-0.04671071189127518,0.8308794875947298,12108,GPD,tail,21.39793168391183,0.090625,Puntarenas_OTROS_Hidrometereológico
-0.04671071189127518,0.8308794875947298,12109,GPD,tail,21.39793168391183,0.090625,Puntarenas_OTROS_Hidrometereológico
-0.04248437426344584,0.8622563004583472,12110,GPD,tail,21.39793168391183,0.090625,Puntarenas_OTROS_Hidrometereológico
-0.04248437426344584,0.8622563004583472,12111,GPD,tail,21.39793168391183,0.090625,Puntarenas_OTROS_Hidrometereológico
-0.04248437426344584,0.8622563004583472,12112,GPD,tail,21.39793168391183,0.090625,Puntarenas_OTROS_Hidrometereológico
-0.08013317102990039,0.9363361052258135,12113,GPD,tail,21.39793168391183,0.090625,Puntarenas_OTROS_Hidrometereológico
-0.08013317102990039,0.9363361052258135,12114,GPD,tail,21.39793168391183,0.090625,Puntarenas_OTROS_Hidrometereológico
-0.08013317102990039,0.9363361052258135,12115,GPD,tail,21.39793168391183,0.090625,Puntarenas_OTROS_Hidrometereológico
-0.08013317102990039,0.9363361052258135,12116,GPD,tail,21.39793168391183,0.090625,Puntarenas_OTROS_Hidrometereológico
-0.08013317102990039,0.9363361052258135,12117,GPD,tail,21.39793168391183,0.090625,Puntarenas_OTROS_Hidrometereológico
-0.08013317102990039,0.9363361052258135,12118,GPD,tail,21.39793168391183,0.090625,Puntarenas_OTROS_Hidrometereológico
-0.08013317102990039,0.9363361052258135,12119,GPD,tail,21.39793168391183,0.090625,Puntarenas_OTROS_Hidrometereológico
-0.08013317102990039,0.9363361052258135,12120,GPD,tail,21.39793168391183,0.090625,Puntarenas_OTROS_Hidrometereológico
-0.08013317102990039,0.9363361052258135,12121,GPD,tail,21.39793168391183,0.090625,Puntarenas_OTROS_Hidrometereológico
-0.08013317102990039,0.9363361052258135,12122,GPD,tail,21.39793168391183,0.090625,Puntarenas_OTROS_Hidrometereológico
-0.08013317102990039,0.9363361052258135,12123,GPD,tail,21.39793168391183,0.090625,Puntarenas_OTROS_Hidrometereológico
-0.08013317102990039,0.9363361052258135,12124,GPD,tail,21.39793168391183,0.090625,Puntarenas_OTROS_Hidrometereológico
-0.08013317102990039,0.9363361052258135,12125,GPD,tail,21.39793168391183,0.090625,Puntarenas_OTROS_Hidrometereológico
-0.08013317102990039,0.9363361052258135,12126,GPD,tail,21.39793168391183,0.090625,Puntarenas_OTROS_Hidrometereológico
-0.08013317102990039,0.9363361052258135,12127,GPD,tail,21.39793168391183,0.090625,Puntarenas_OTROS_Hidrometereológico
-0.08013317102990039,0.9363361052258135,12128,GPD,tail,21.39793168391183,0.090625,Puntarenas_OTROS_Hidrometereológico
-0.08013317102990039,0.9363361052258135,12129,GPD,tail,21.39793168391183,0.090625,Puntarenas_OTROS_Hidrometereológico
-0.08013317102990039,0.9363361052258135,12130,GPD,tail,21.39793168391183,0.090625,Puntarenas_OTROS_Hidrometereológico
-0.08013317102990039,0.9363361052258135,12131,GPD,tail,21.39793168391183,0.090625,Puntarenas_OTROS_Hidrometereológico
-0.12990121732984247,0.915989473784584,12132,GPD,tail,21.39793168391183,0.090625,Puntarenas_OTROS_Hidrometereológico
-0.12990121732984247,0.915989473784584,12133,GPD,tail,21.39793168391183,0.090625,Puntarenas_OTROS_Hidrometereológico
-0.12990121732984247,0.915989473784584,12134,GPD,tail,21.39793168391183,0.090625,Puntarenas_OTROS_Hidrometereológico
-0.12990121732984247,0.915989473784584,12135,GPD,tail,21.39793168391183,0.090625,Puntarenas_OTROS_Hidrometereológico
-0.14508653115030606,0.8855635588514802,12136,GPD,tail,21.39793168391183,0.090625,Puntarenas_OTROS_Hidrometereológico
-0.14508653115030606,0.8855635588514802,12137,GPD,tail,21.39793168391183,0.090625,Puntarenas_OTROS_Hidrometereológico
-0.14508653115030606,0.8855635588514802,12138,GPD,tail,21.39793168391183,0.090625,Puntarenas_OTROS_Hidrometereológico
-0.13927351740395857,0.8901601460995083,12139,GPD,tail,21.39793168391183,0.090625,Puntarenas_OTROS_Hidrometereológico
-0.13927351740395857,0.8901601460995083,12140,GPD,tail,21.39793168391183,0.090625,Puntarenas_OTROS_Hidrometereológico
-0.13927351740395857,0.8901601460995083,12141,GPD,tail,21.39793168391183,0.090625,Puntarenas_OTROS_Hidrometereológico
-0.13927351740395857,0.8901601460995083,12142,GPD,tail,21.39793168391183,0.090625,Puntarenas_OTROS_Hidrometereológico
-0.13927351740395857,0.8901601460995083,12143,GPD,tail,21.39793168391183,0.090625,Puntarenas_OTROS_Hidrometereológico
-0.13927351740395857,0.8901601460995083,12144,GPD,tail,21.39793168391183,0.090625,Puntarenas_OTROS_Hidrometereológico
-0.13927351740395857,0.8901601460995083,12145,GPD,tail,21.39793168391183,0.090625,Puntarenas_OTROS_Hidrometereológico
-0.13927351740395857,0.8901601460995083,12146,GPD,tail,21.39793168391183,0.090625,Puntarenas_OTROS_Hidrometereológico
-0.13927351740395857,0.8901601460995083,12147,GPD,tail,21.39793168391183,0.090625,Puntarenas_OTROS_Hidrometereológico
-0.13927351740395857,0.8901601460995083,12148,GPD,tail,21.39793168391183,0.090625,Puntarenas_OTROS_Hidrometereológico
-0.13927351740395857,0.8901601460995083,12149,GPD,tail,21.39793168391183,0.090625,Puntarenas_OTROS_Hidrometereológico
-0.13927351740395857,0.8901601460995083,12150,GPD,tail,21.39793168391183,0.090625,Puntarenas_OTROS_Hidrometereológico
-0.13927351740395857,0.8901601460995083,12151,GPD,tail,21.39793168391183,0.090625,Puntarenas_OTROS_Hidrometereológico
-0.13927351740395857,0.8901601460995083,12152,GPD,tail,21.39793168391183,0.090625,Puntarenas_OTROS_Hidrometereológico
-0.13927351740395857,0.8901601460995083,12153,GPD,tail,21.39793168391183,0.090625,Puntarenas_OTROS_Hidrometereológico
-0.01447944129458037,0.9165978964890467,12154,GPD,tail,21.39793168391183,0.090625,Puntarenas_OTROS_Hidrometereológico
-0.01447944129458037,0.9165978964890467,12155,GPD,tail,21.39793168391183,0.090625,Puntarenas_OTROS_Hidrometereológico
-0.01447944129458037,0.9165978964890467,12156,GPD,tail,21.39793168391183,0.090625,Puntarenas_OTROS_Hidrometereológico
-0.01447944129458037,0.9165978964890467,12157,GPD,tail,21.39793168391183,0.090625,Puntarenas_OTROS_Hidrometereológico
-0.034955640409425094,0.8807303628792313,12158,GPD,tail,21.39793168391183,0.090625,Puntarenas_OTROS_Hidrometereológico
-0.034955640409425094,0.8807303628792313,12159,GPD,tail,21.39793168391183,0.090625,Puntarenas_OTROS_Hidrometereológico
-0.034955640409425094,0.8807303628792313,12160,GPD,tail,21.39793168391183,0.090625,Puntarenas_OTROS_Hidrometereológico
-0.015361448673360038,0.8493124677788698,12161,GPD,tail,21.39793168391183,0.090625,Puntarenas_OTROS_Hidrometereológico
-0.015361448673360038,0.8493124677788698,12162,GPD,tail,21.39793168391183,0.090625,Puntarenas_OTROS_Hidrometereológico
-0.015361448673360038,0.8493124677788698,12163,GPD,tail,21.39793168391183,0.090625,Puntarenas_OTROS_Hidrometereológico
-0.015361448673360038,0.8493124677788698,12164,GPD,tail,21.39793168391183,0.090625,Puntarenas_OTROS_Hidrometereológico
-0.015361448673360038,0.8493124677788698,12165,GPD,tail,21.39793168391183,0.090625,Puntarenas_OTROS_Hidrometereológico
-0.015361448673360038,0.8493124677788698,12166,GPD,tail,21.39793168391183,0.090625,Puntarenas_OTROS_Hidrometereológico
-0.015361448673360038,0.8493124677788698,12167,GPD,tail,21.39793168391183,0.090625,Puntarenas_OTROS_Hidrometereológico
-0.015361448673360038,0.8493124677788698,12168,GPD,tail,21.39793168391183,0.090625,Puntarenas_OTROS_Hidrometereológico
-0.015361448673360038,0.8493124677788698,12169,GPD,tail,21.39793168391183,0.090625,Puntarenas_OTROS_Hidrometereológico
-0.08401277857832042,0.9749551248237125,12170,GPD,tail,21.39793168391183,0.090625,Puntarenas_OTROS_Hidrometereológico
-0.08401277857832042,0.9749551248237125,12171,GPD,tail,21.39793168391183,0.090625,Puntarenas_OTROS_Hidrometereológico
-0.08401277857832042,0.9749551248237125,12172,GPD,tail,21.39793168391183,0.090625,Puntarenas_OTROS_Hidrometereológico
-0.08401277857832042,0.9749551248237125,12173,GPD,tail,21.39793168391183,0.090625,Puntarenas_OTROS_Hidrometereológico
-0.08401277857832042,0.9749551248237125,12174,GPD,tail,21.39793168391183,0.090625,Puntarenas_OTROS_Hidrometereológico
-0.08401277857832042,0.9749551248237125,12175,GPD,tail,21.39793168391183,0.090625,Puntarenas_OTROS_Hidrometereológico
0.05406696117368047,0.7409791335514748,12176,GPD,tail,21.39793168391183,0.090625,Puntarenas_OTROS_Hidrometereológico
0.05406696117368047,0.7409791335514748,12177,GPD,tail,21.39793168391183,0.090625,Puntarenas_OTROS_Hidrometereológico
0.05406696117368047,0.7409791335514748,12178,GPD,tail,21.39793168391183,0.090625,Puntarenas_OTROS_Hidrometereológico
0.05406696117368047,0.7409791335514748,12179,GPD,tail,21.39793168391183,0.090625,Puntarenas_OTROS_Hidrometereológico
0.05406696117368047,0.7409791335514748,12180,GPD,tail,21.39793168391183,0.090625,Puntarenas_OTROS_Hidrometereológico
0.05406696117368047,0.7409791335514748,12181,GPD,tail,21.39793168391183,0.090625,Puntarenas_OTROS_Hidrometereológico
0.05406696117368047,0.7409791335514748,12182,GPD,tail,21.39793168391183,0.090625,Puntarenas_OTROS_Hidrometereológico
0.05406696117368047,0.7409791335514748,12183,GPD,tail,21.39793168391183,0.090625,Puntarenas_OTROS_Hidrometereológico
0.05406696117368047,0.7409791335514748,12184,GPD,tail,21.39793168391183,0.090625,Puntarenas_OTROS_Hidrometereológico
0.05406696117368047,0.7409791335514748,12185,GPD,tail,21.39793168391183,0.090625,Puntarenas_OTROS_Hidrometereológico
0.05406696117368047,0.7409791335514748,12186,GPD,tail,21.39793168391183,0.090625,Puntarenas_OTROS_Hidrometereológico
0.05406696117368047,0.7409791335514748,12187,GPD,tail,21.39793168391183,0.090625,Puntarenas_OTROS_Hidrometereológico
0.05406696117368047,0.7409791335514748,12188,GPD,tail,21.39793168391183,0.090625,Puntarenas_OTROS_Hidrometereológico
0.05406696117368047,0.7409791335514748,12189,GPD,tail,21.39793168391183,0.090625,Puntarenas_OTROS_Hidrometereológico
0.05406696117368047,0.7409791335514748,12190,GPD,tail,21.39793168391183,0.090625,Puntarenas_OTROS_Hidrometereológico
0.05406696117368047,0.7409791335514748,12191,GPD,tail,21.39793168391183,0.090625,Puntarenas_OTROS_Hidrometereológico
0.05406696117368047,0.7409791335514748,12192,GPD,tail,21.39793168391183,0.090625,Puntarenas_OTROS_Hidrometereológico
0.05406696117368047,0.7409791335514748,12193,GPD,tail,21.39793168391183,0.090625,Puntarenas_OTROS_Hidrometereológico
0.05406696117368047,0.7409791335514748,12194,GPD,tail,21.39793168391183,0.090625,Puntarenas_OTROS_Hidrometereológico
-0.11170418157517913,0.8146977740549688,12195,GPD,tail,21.39793168391183,0.090625,Puntarenas_OTROS_Hidrometereológico
-0.11170418157517913,0.8146977740549688,12196,GPD,tail,21.39793168391183,0.090625,Puntarenas_OTROS_Hidrometereológico
-0.11170418157517913,0.8146977740549688,12197,GPD,tail,21.39793168391183,0.090625,Puntarenas_OTROS_Hidrometereológico
-0.11170418157517913,0.8146977740549688,12198,GPD,tail,21.39793168391183,0.090625,Puntarenas_OTROS_Hidrometereológico
-0.11170418157517913,0.8146977740549688,12199,GPD,tail,21.39793168391183,0.090625,Puntarenas_OTROS_Hidrometereológico
-0.113432412332664,0.8551700428250113,12200,GPD,tail,21.39793168391183,0.090625,Puntarenas_OTROS_Hidrometereológico
-0.113432412332664,0.8551700428250113,12201,GPD,tail,21.39793168391183,0.090625,Puntarenas_OTROS_Hidrometereológico
-0.113432412332664,0.8551700428250113,12202,GPD,tail,21.39793168391183,0.090625,Puntarenas_OTROS_Hidrometereológico
-0.113432412332664,0.8551700428250113,12203,GPD,tail,21.39793168391183,0.090625,Puntarenas_OTROS_Hidrometereológico
-0.113432412332664,0.8551700428250113,12204,GPD,tail,21.39793168391183,0.090625,Puntarenas_OTROS_Hidrometereológico
-0.113432412332664,0.8551700428250113,12205,GPD,tail,21.39793168391183,0.090625,Puntarenas_OTROS_Hidrometereológico
-0.113432412332664,0.8551700428250113,12206,GPD,tail,21.39793168391183,0.090625,Puntarenas_OTROS_Hidrometereológico
-0.113432412332664,0.8551700428250113,12207,GPD,tail,21.39793168391183,0.090625,Puntarenas_OTROS_Hidrometereológico
-0.10219724938839284,0.8606174019769621,12208,GPD,tail,21.39793168391183,0.090625,Puntarenas_OTROS_Hidrometereológico
-0.10219724938839284,0.8606174019769621,12209,GPD,tail,21.39793168391183,0.090625,Puntarenas_OTROS_Hidrometereológico
-0.10219724938839284,0.8606174019769621,12210,GPD,tail,21.39793168391183,0.090625,Puntarenas_OTROS_Hidrometereológico
-0.10219724938839284,0.8606174019769621,12211,GPD,tail,21.39793168391183,0.090625,Puntarenas_OTROS_Hidrometereológico
-0.10219724938839284,0.8606174019769621,12212,GPD,tail,21.39793168391183,0.090625,Puntarenas_OTROS_Hidrometereológico
-0.10219724938839284,0.8606174019769621,12213,GPD,tail,21.39793168391183,0.090625,Puntarenas_OTROS_Hidrometereológico
-0.10219724938839284,0.8606174019769621,12214,GPD,tail,21.39793168391183,0.090625,Puntarenas_OTROS_Hidrometereológico
-0.10219724938839284,0.8606174019769621,12215,GPD,tail,21.39793168391183,0.090625,Puntarenas_OTROS_Hidrometereológico
-0.10219724938839284,0.8606174019769621,12216,GPD,tail,21.39793168391183,0.090625,Puntarenas_OTROS_Hidrometereológico
-0.10219724938839284,0.8606174019769621,12217,GPD,tail,21.39793168391183,0.090625,Puntarenas_OTROS_Hidrometereológico
-0.10219724938839284,0.8606174019769621,12218,GPD,tail,21.39793168391183,0.090625,Puntarenas_OTROS_Hidrometereológico
-0.10219724938839284,0.8606174019769621,12219,GPD,tail,21.39793168391183,0.090625,Puntarenas_OTROS_Hidrometereológico
-0.10219724938839284,0.8606174019769621,12220,GPD,tail,21.39793168391183,0.090625,Puntarenas_OTROS_Hidrometereológico
-0.10219724938839284,0.8606174019769621,12221,GPD,tail,21.39793168391183,0.090625,Puntarenas_OTROS_Hidrometereológico
-0.10219724938839284,0.8606174019769621,12222,GPD,tail,21.39793168391183,0.090625,Puntarenas_OTROS_Hidrometereológico
-0.10219724938839284,0.8606174019769621,12223,GPD,tail,21.39793168391183,0.090625,Puntarenas_OTROS_Hidrometereológico
-0.10219724938839284,0.8606174019769621,12224,GPD,tail,21.39793168391183,0.090625,Puntarenas_OTROS_Hidrometereológico
-0.10219724938839284,0.8606174019769621,12225,GPD,tail,21.39793168391183,0.090625,Puntarenas_OTROS_Hidrometereológico
-0.10219724938839284,0.8606174019769621,12226,GPD,tail,21.39793168391183,0.090625,Puntarenas_OTROS_Hidrometereológico
-0.10219724938839284,0.8606174019769621,12227,GPD,tail,21.39793168391183,0.090625,Puntarenas_OTROS_Hidrometereológico
-0.10219724938839284,0.8606174019769621,12228,GPD,tail,21.39793168391183,0.090625,Puntarenas_OTROS_Hidrometereológico
-0.10219724938839284,0.8606174019769621,12229,GPD,tail,21.39793168391183,0.090625,Puntarenas_OTROS_Hidrometereológico
-0.10219724938839284,0.8606174019769621,12230,GPD,tail,21.39793168391183,0.090625,Puntarenas_OTROS_Hidrometereológico
-0.10219724938839284,0.8606174019769621,12231,GPD,tail,21.39793168391183,0.090625,Puntarenas_OTROS_Hidrometereológico
-0.10219724938839284,0.8606174019769621,12232,GPD,tail,21.39793168391183,0.090625,Puntarenas_OTROS_Hidrometereológico
-0.10219724938839284,0.8606174019769621,12233,GPD,tail,21.39793168391183,0.090625,Puntarenas_OTROS_Hidrometereológico
-0.10219724938839284,0.8606174019769621,12234,GPD,tail,21.39793168391183,0.090625,Puntarenas_OTROS_Hidrometereológico
-0.10219724938839284,0.8606174019769621,12235,GPD,tail,21.39793168391183,0.090625,Puntarenas_OTROS_Hidrometereológico
-0.10219724938839284,0.8606174019769621,12236,GPD,tail,21.39793168391183,0.090625,Puntarenas_OTROS_Hidrometereológico
-0.10219724938839284,0.8606174019769621,12237,GPD,tail,21.39793168391183,0.090625,Puntarenas_OTROS_Hidrometereológico
-0.10219724938839284,0.8606174019769621,12238,GPD,tail,21.39793168391183,0.090625,Puntarenas_OTROS_Hidrometereológico
-0.10219724938839284,0.8606174019769621,12239,GPD,tail,21.39793168391183,0.090625,Puntarenas_OTROS_Hidrometereológico
-0.10219724938839284,0.8606174019769621,12240,GPD,tail,21.39793168391183,0.090625,Puntarenas_OTROS_Hidrometereológico
-0.10219724938839284,0.8606174019769621,12241,GPD,tail,21.39793168391183,0.090625,Puntarenas_OTROS_Hidrometereológico
-0.10219724938839284,0.8606174019769621,12242,GPD,tail,21.39793168391183,0.090625,Puntarenas_OTROS_Hidrometereológico
-0.10219724938839284,0.8606174019769621,12243,GPD,tail,21.39793168391183,0.090625,Puntarenas_OTROS_Hidrometereológico
-0.037407961085088814,0.8089002959204534,12244,GPD,tail,21.39793168391183,0.090625,Puntarenas_OTROS_Hidrometereológico
-0.037407961085088814,0.8089002959204534,12245,GPD,tail,21.39793168391183,0.090625,Puntarenas_OTROS_Hidrometereológico
-0.037407961085088814,0.8089002959204534,12246,GPD,tail,21.39793168391183,0.090625,Puntarenas_OTROS_Hidrometereológico
-0.037407961085088814,0.8089002959204534,12247,GPD,tail,21.39793168391183,0.090625,Puntarenas_OTROS_Hidrometereológico
-0.037407961085088814,0.8089002959204534,12248,GPD,tail,21.39793168391183,0.090625,Puntarenas_OTROS_Hidrometereológico
-0.037407961085088814,0.8089002959204534,12249,GPD,tail,21.39793168391183,0.090625,Puntarenas_OTROS_Hidrometereológico
-0.037407961085088814,0.8089002959204534,12250,GPD,tail,21.39793168391183,0.090625,Puntarenas_OTROS_Hidrometereológico
-0.037407961085088814,0.8089002959204534,12251,GPD,tail,21.39793168391183,0.090625,Puntarenas_OTROS_Hidrometereológico
-0.037407961085088814,0.8089002959204534,12252,GPD,tail,21.39793168391183,0.090625,Puntarenas_OTROS_Hidrometereológico
-0.037407961085088814,0.8089002959204534,12253,GPD,tail,21.39793168391183,0.090625,Puntarenas_OTROS_Hidrometereológico
-0.037407961085088814,0.8089002959204534,12254,GPD,tail,21.39793168391183,0.090625,Puntarenas_OTROS_Hidrometereológico
-0.037407961085088814,0.8089002959204534,12255,GPD,tail,21.39793168391183,0.090625,Puntarenas_OTROS_Hidrometereológico
-0.037407961085088814,0.8089002959204534,12256,GPD,tail,21.39793168391183,0.090625,Puntarenas_OTROS_Hidrometereológico
-0.037407961085088814,0.8089002959204534,12257,GPD,tail,21.39793168391183,0.090625,Puntarenas_OTROS_Hidrometereológico
-0.037407961085088814,0.8089002959204534,12258,GPD,tail,21.39793168391183,0.090625,Puntarenas_OTROS_Hidrometereológico
-0.037407961085088814,0.8089002959204534,12259,GPD,tail,21.39793168391183,0.090625,Puntarenas_OTROS_Hidrometereológico
-0.037407961085088814,0.8089002959204534,12260,GPD,tail,21.39793168391183,0.090625,Puntarenas_OTROS_Hidrometereológico
-0.037407961085088814,0.8089002959204534,12261,GPD,tail,21.39793168391183,0.090625,Puntarenas_OTROS_Hidrometereológico
-0.037407961085088814,0.8089002959204534,12262,GPD,tail,21.39793168391183,0.090625,Puntarenas_OTROS_Hidrometereológico
-0.037407961085088814,0.8089002959204534,12263,GPD,tail,21.39793168391183,0.090625,Puntarenas_OTROS_Hidrometereológico
-0.037407961085088814,0.8089002959204534,12264,GPD,tail,21.39793168391183,0.090625,Puntarenas_OTROS_Hidrometereológico
-0.037407961085088814,0.8089002959204534,12265,GPD,tail,21.39793168391183,0.090625,Puntarenas_OTROS_Hidrometereológico
-0.037407961085088814,0.8089002959204534,12266,GPD,tail,21.39793168391183,0.090625,Puntarenas_OTROS_Hidrometereológico
-0.037407961085088814,0.8089002959204534,12267,GPD,tail,21.39793168391183,0.090625,Puntarenas_OTROS_Hidrometereológico
-0.037407961085088814,0.8089002959204534,12268,GPD,tail,21.39793168391183,0.090625,Puntarenas_OTROS_Hidrometereológico
-0.037407961085088814,0.8089002959204534,12269,GPD,tail,21.39793168391183,0.090625,Puntarenas_OTROS_Hidrometereológico
-0.037407961085088814,0.8089002959204534,12270,GPD,tail,21.39793168391183,0.090625,Puntarenas_OTROS_Hidrometereológico
-0.037407961085088814,0.8089002959204534,12271,GPD,tail,21.39793168391183,0.090625,Puntarenas_OTROS_Hidrometereológico
-0.037407961085088814,0.8089002959204534,12272,GPD,tail,21.39793168391183,0.090625,Puntarenas_OTROS_Hidrometereológico
-0.037407961085088814,0.8089002959204534,12273,GPD,tail,21.39793168391183,0.090625,Puntarenas_OTROS_Hidrometereológico
-0.037407961085088814,0.8089002959204534,12274,GPD,tail,21.39793168391183,0.090625,Puntarenas_OTROS_Hidrometereológico
-0.037407961085088814,0.8089002959204534,12275,GPD,tail,21.39793168391183,0.090625,Puntarenas_OTROS_Hidrometereológico
-0.037407961085088814,0.8089002959204534,12276,GPD,tail,21.39793168391183,0.090625,Puntarenas_OTROS_Hidrometereológico
-0.037407961085088814,0.8089002959204534,12277,GPD,tail,21.39793168391183,0.090625,Puntarenas_OTROS_Hidrometereológico
-0.037407961085088814,0.8089002959204534,12278,GPD,tail,21.39793168391183,0.090625,Puntarenas_OTROS_Hidrometereológico
-0.037407961085088814,0.8089002959204534,12279,GPD,tail,21.39793168391183,0.090625,Puntarenas_OTROS_Hidrometereológico
-0.037407961085088814,0.8089002959204534,12280,GPD,tail,21.39793168391183,0.090625,Puntarenas_OTROS_Hidrometereológico
-0.037407961085088814,0.8089002959204534,12281,GPD,tail,21.39793168391183,0.090625,Puntarenas_OTROS_Hidrometereológico
-0.037407961085088814,0.8089002959204534,12282,GPD,tail,21.39793168391183,0.090625,Puntarenas_OTROS_Hidrometereológico
-0.037407961085088814,0.8089002959204534,12283,GPD,tail,21.39793168391183,0.090625,Puntarenas_OTROS_Hidrometereológico
-0.037407961085088814,0.8089002959204534,12284,GPD,tail,21.39793168391183,0.090625,Puntarenas_OTROS_Hidrometereológico
-0.037407961085088814,0.8089002959204534,12285,GPD,tail,21.39793168391183,0.090625,Puntarenas_OTROS_Hidrometereológico
-0.037407961085088814,0.8089002959204534,12286,GPD,tail,21.39793168391183,0.090625,Puntarenas_OTROS_Hidrometereológico
-0.035733842370597915,0.9171935538992203,12287,GPD,tail,21.39793168391183,0.090625,Puntarenas_OTROS_Hidrometereológico
-0.035733842370597915,0.9171935538992203,12288,GPD,tail,21.39793168391183,0.090625,Puntarenas_OTROS_Hidrometereológico
-0.035733842370597915,0.9171935538992203,12289,GPD,tail,21.39793168391183,0.090625,Puntarenas_OTROS_Hidrometereológico
-0.035733842370597915,0.9171935538992203,12290,GPD,tail,21.39793168391183,0.090625,Puntarenas_OTROS_Hidrometereológico
-0.035733842370597915,0.9171935538992203,12291,GPD,tail,21.39793168391183,0.090625,Puntarenas_OTROS_Hidrometereológico
-0.035733842370597915,0.9171935538992203,12292,GPD,tail,21.39793168391183,0.090625,Puntarenas_OTROS_Hidrometereológico
-0.06132467632655622,0.7472737424011549,12293,GPD,tail,21.39793168391183,0.090625,Puntarenas_OTROS_Hidrometereológico
-0.06132467632655622,0.7472737424011549,12294,GPD,tail,21.39793168391183,0.090625,Puntarenas_OTROS_Hidrometereológico
-0.06132467632655622,0.7472737424011549,12295,GPD,tail,21.39793168391183,0.090625,Puntarenas_OTROS_Hidrometereológico
0.05081713625733669,0.7666174119033687,12296,GPD,tail,21.39793168391183,0.090625,Puntarenas_OTROS_Hidrometereológico
-0.13647786854280378,0.9629050530084824,12297,GPD,tail,21.39793168391183,0.090625,Puntarenas_OTROS_Hidrometereológico
-0.13647786854280378,0.9629050530084824,12298,GPD,tail,21.39793168391183,0.090625,Puntarenas_OTROS_Hidrometereológico
-0.13647786854280378,0.9629050530084824,12299,GPD,tail,21.39793168391183,0.090625,Puntarenas_OTROS_Hidrometereológico
-0.13647786854280378,0.9629050530084824,12300,GPD,tail,21.39793168391183,0.090625,Puntarenas_OTROS_Hidrometereológico
-0.13647786854280378,0.9629050530084824,12301,GPD,tail,21.39793168391183,0.090625,Puntarenas_OTROS_Hidrometereológico
-0.03271653069965036,0.9033555659367022,12302,GPD,tail,21.39793168391183,0.090625,Puntarenas_OTROS_Hidrometereológico
-0.03271653069965036,0.9033555659367022,12303,GPD,tail,21.39793168391183,0.090625,Puntarenas_OTROS_Hidrometereológico
-0.03271653069965036,0.9033555659367022,12304,GPD,tail,21.39793168391183,0.090625,Puntarenas_OTROS_Hidrometereológico
-0.03271653069965036,0.9033555659367022,12305,GPD,tail,21.39793168391183,0.090625,Puntarenas_OTROS_Hidrometereológico
-0.03271653069965036,0.9033555659367022,12306,GPD,tail,21.39793168391183,0.090625,Puntarenas_OTROS_Hidrometereológico
-0.03271653069965036,0.9033555659367022,12307,GPD,tail,21.39793168391183,0.090625,Puntarenas_OTROS_Hidrometereológico
-0.03271653069965036,0.9033555659367022,12308,GPD,tail,21.39793168391183,0.090625,Puntarenas_OTROS_Hidrometereológico
-0.03271653069965036,0.9033555659367022,12309,GPD,tail,21.39793168391183,0.090625,Puntarenas_OTROS_Hidrometereológico
-0.03271653069965036,0.9033555659367022,12310,GPD,tail,21.39793168391183,0.090625,Puntarenas_OTROS_Hidrometereológico
-0.03271653069965036,0.9033555659367022,12311,GPD,tail,21.39793168391183,0.090625,Puntarenas_OTROS_Hidrometereológico
-0.03271653069965036,0.9033555659367022,12312,GPD,tail,21.39793168391183,0.090625,Puntarenas_OTROS_Hidrometereológico
-0.03271653069965036,0.9033555659367022,12313,GPD,tail,21.39793168391183,0.090625,Puntarenas_OTROS_Hidrometereológico
-0.03271653069965036,0.9033555659367022,12314,GPD,tail,21.39793168391183,0.090625,Puntarenas_OTROS_Hidrometereológico
-0.03271653069965036,0.9033555659367022,12315,GPD,tail,21.39793168391183,0.090625,Puntarenas_OTROS_Hidrometereológico
-0.03271653069965036,0.9033555659367022,12316,GPD,tail,21.39793168391183,0.090625,Puntarenas_OTROS_Hidrometereológico
-0.03271653069965036,0.9033555659367022,12317,GPD,tail,21.39793168391183,0.090625,Puntarenas_OTROS_Hidrometereológico
-0.03271653069965036,0.9033555659367022,12318,GPD,tail,21.39793168391183,0.090625,Puntarenas_OTROS_Hidrometereológico
-0.03271653069965036,0.9033555659367022,12319,GPD,tail,21.39793168391183,0.090625,Puntarenas_OTROS_Hidrometereológico
-0.03271653069965036,0.9033555659367022,12320,GPD,tail,21.39793168391183,0.090625,Puntarenas_OTROS_Hidrometereológico
-0.03271653069965036,0.9033555659367022,12321,GPD,tail,21.39793168391183,0.090625,Puntarenas_OTROS_Hidrometereológico
-0.03271653069965036,0.9033555659367022,12322,GPD,tail,21.39793168391183,0.090625,Puntarenas_OTROS_Hidrometereológico
-0.03271653069965036,0.9033555659367022,12323,GPD,tail,21.39793168391183,0.090625,Puntarenas_OTROS_Hidrometereológico
-0.03271653069965036,0.9033555659367022,12324,GPD,tail,21.39793168391183,0.090625,Puntarenas_OTROS_Hidrometereológico
-0.03271653069965036,0.9033555659367022,12325,GPD,tail,21.39793168391183,0.090625,Puntarenas_OTROS_Hidrometereológico
-0.03271653069965036,0.9033555659367022,12326,GPD,tail,21.39793168391183,0.090625,Puntarenas_OTROS_Hidrometereológico
-0.03271653069965036,0.9033555659367022,12327,GPD,tail,21.39793168391183,0.090625,Puntarenas_OTROS_Hidrometereológico
-0.03271653069965036,0.9033555659367022,12328,GPD,tail,21.39793168391183,0.090625,Puntarenas_OTROS_Hidrometereológico
-0.03271653069965036,0.9033555659367022,12329,GPD,tail,21.39793168391183,0.090625,Puntarenas_OTROS_Hidrometereológico
-0.03271653069965036,0.9033555659367022,12330,GPD,tail,21.39793168391183,0.090625,Puntarenas_OTROS_Hidrometereológico
-0.03271653069965036,0.9033555659367022,12331,GPD,tail,21.39793168391183,0.090625,Puntarenas_OTROS_Hidrometereológico
-0.03271653069965036,0.9033555659367022,12332,GPD,tail,21.39793168391183,0.090625,Puntarenas_OTROS_Hidrometereológico
-0.03271653069965036,0.9033555659367022,12333,GPD,tail,21.39793168391183,0.090625,Puntarenas_OTROS_Hidrometereológico
-0.03271653069965036,0.9033555659367022,12334,GPD,tail,21.39793168391183,0.090625,Puntarenas_OTROS_Hidrometereológico
-0.03271653069965036,0.9033555659367022,12335,GPD,tail,21.39793168391183,0.090625,Puntarenas_OTROS_Hidrometereológico
-0.03271653069965036,0.9033555659367022,12336,GPD,tail,21.39793168391183,0.090625,Puntarenas_OTROS_Hidrometereológico
-0.03271653069965036,0.9033555659367022,12337,GPD,tail,21.39793168391183,0.090625,Puntarenas_OTROS_Hidrometereológico
-0.03271653069965036,0.9033555659367022,12338,GPD,tail,21.39793168391183,0.090625,Puntarenas_OTROS_Hidrometereológico
-0.03271653069965036,0.9033555659367022,12339,GPD,tail,21.39793168391183,0.090625,Puntarenas_OTROS_Hidrometereológico
-0.03271653069965036,0.9033555659367022,12340,GPD,tail,21.39793168391183,0.090625,Puntarenas_OTROS_Hidrometereológico
-0.03271653069965036,0.9033555659367022,12341,GPD,tail,21.39793168391183,0.090625,Puntarenas_OTROS_Hidrometereológico
-0.03271653069965036,0.9033555659367022,12342,GPD,tail,21.39793168391183,0.090625,Puntarenas_OTROS_Hidrometereológico
-0.03271653069965036,0.9033555659367022,12343,GPD,tail,21.39793168391183,0.090625,Puntarenas_OTROS_Hidrometereológico
-0.03271653069965036,0.9033555659367022,12344,GPD,tail,21.39793168391183,0.090625,Puntarenas_OTROS_Hidrometereológico
-0.03271653069965036,0.9033555659367022,12345,GPD,tail,21.39793168391183,0.090625,Puntarenas_OTROS_Hidrometereológico
-0.03271653069965036,0.9033555659367022,12346,GPD,tail,21.39793168391183,0.090625,Puntarenas_OTROS_Hidrometereológico
-0.03271653069965036,0.9033555659367022,12347,GPD,tail,21.39793168391183,0.090625,Puntarenas_OTROS_Hidrometereológico
-0.03271653069965036,0.9033555659367022,12348,GPD,tail,21.39793168391183,0.090625,Puntarenas_OTROS_Hidrometereológico
-0.03271653069965036,0.9033555659367022,12349,GPD,tail,21.39793168391183,0.090625,Puntarenas_OTROS_Hidrometereológico
0.02845054032871655,0.8670474843553492,12350,GPD,tail,21.39793168391183,0.090625,Puntarenas_OTROS_Hidrometereológico
0.02845054032871655,0.8670474843553492,12351,GPD,tail,21.39793168391183,0.090625,Puntarenas_OTROS_Hidrometereológico
0.02845054032871655,0.8670474843553492,12352,GPD,tail,21.39793168391183,0.090625,Puntarenas_OTROS_Hidrometereológico
0.02845054032871655,0.8670474843553492,12353,GPD,tail,21.39793168391183,0.090625,Puntarenas_OTROS_Hidrometereológico
0.02845054032871655,0.8670474843553492,12354,GPD,tail,21.39793168391183,0.090625,Puntarenas_OTROS_Hidrometereológico
0.02845054032871655,0.8670474843553492,12355,GPD,tail,21.39793168391183,0.090625,Puntarenas_OTROS_Hidrometereológico
0.02845054032871655,0.8670474843553492,12356,GPD,tail,21.39793168391183,0.090625,Puntarenas_OTROS_Hidrometereológico
0.02845054032871655,0.8670474843553492,12357,GPD,tail,21.39793168391183,0.090625,Puntarenas_OTROS_Hidrometereológico
0.02845054032871655,0.8670474843553492,12358,GPD,tail,21.39793168391183,0.090625,Puntarenas_OTROS_Hidrometereológico
0.02845054032871655,0.8670474843553492,12359,GPD,tail,21.39793168391183,0.090625,Puntarenas_OTROS_Hidrometereológico
0.02845054032871655,0.8670474843553492,12360,GPD,tail,21.39793168391183,0.090625,Puntarenas_OTROS_Hidrometereológico
0.02845054032871655,0.8670474843553492,12361,GPD,tail,21.39793168391183,0.090625,Puntarenas_OTROS_Hidrometereológico
-0.025458106891945498,0.6667410714632839,12362,GPD,tail,21.39793168391183,0.090625,Puntarenas_OTROS_Hidrometereológico
-0.025458106891945498,0.6667410714632839,12363,GPD,tail,21.39793168391183,0.090625,Puntarenas_OTROS_Hidrometereológico
-0.18444400712510153,0.9965749509882147,12364,GPD,tail,21.39793168391183,0.090625,Puntarenas_OTROS_Hidrometereológico
-0.18444400712510153,0.9965749509882147,12365,GPD,tail,21.39793168391183,0.090625,Puntarenas_OTROS_Hidrometereológico
-0.18444400712510153,0.9965749509882147,12366,GPD,tail,21.39793168391183,0.090625,Puntarenas_OTROS_Hidrometereológico
-0.18444400712510153,0.9965749509882147,12367,GPD,tail,21.39793168391183,0.090625,Puntarenas_OTROS_Hidrometereológico
-0.18444400712510153,0.9965749509882147,12368,GPD,tail,21.39793168391183,0.090625,Puntarenas_OTROS_Hidrometereológico
-0.18444400712510153,0.9965749509882147,12369,GPD,tail,21.39793168391183,0.090625,Puntarenas_OTROS_Hidrometereológico
-0.18444400712510153,0.9965749509882147,12370,GPD,tail,21.39793168391183,0.090625,Puntarenas_OTROS_Hidrometereológico
-0.18444400712510153,0.9965749509882147,12371,GPD,tail,21.39793168391183,0.090625,Puntarenas_OTROS_Hidrometereológico
-0.18444400712510153,0.9965749509882147,12372,GPD,tail,21.39793168391183,0.090625,Puntarenas_OTROS_Hidrometereológico
-0.18444400712510153,0.9965749509882147,12373,GPD,tail,21.39793168391183,0.090625,Puntarenas_OTROS_Hidrometereológico
-0.18444400712510153,0.9965749509882147,12374,GPD,tail,21.39793168391183,0.090625,Puntarenas_OTROS_Hidrometereológico
-0.18444400712510153,0.9965749509882147,12375,GPD,tail,21.39793168391183,0.090625,Puntarenas_OTROS_Hidrometereológico
-0.18444400712510153,0.9965749509882147,12376,GPD,tail,21.39793168391183,0.090625,Puntarenas_OTROS_Hidrometereológico
-0.18444400712510153,0.9965749509882147,12377,GPD,tail,21.39793168391183,0.090625,Puntarenas_OTROS_Hidrometereológico
-0.18444400712510153,0.9965749509882147,12378,GPD,tail,21.39793168391183,0.090625,Puntarenas_OTROS_Hidrometereológico
-0.18444400712510153,0.9965749509882147,12379,GPD,tail,21.39793168391183,0.090625,Puntarenas_OTROS_Hidrometereológico
-0.18444400712510153,0.9965749509882147,12380,GPD,tail,21.39793168391183,0.090625,Puntarenas_OTROS_Hidrometereológico
-0.18444400712510153,0.9965749509882147,12381,GPD,tail,21.39793168391183,0.090625,Puntarenas_OTROS_Hidrometereológico
-0.18444400712510153,0.9965749509882147,12382,GPD,tail,21.39793168391183,0.090625,Puntarenas_OTROS_Hidrometereológico
-0.18444400712510153,0.9965749509882147,12383,GPD,tail,21.39793168391183,0.090625,Puntarenas_OTROS_Hidrometereológico
-0.18444400712510153,0.9965749509882147,12384,GPD,tail,21.39793168391183,0.090625,Puntarenas_OTROS_Hidrometereológico
-0.18444400712510153,0.9965749509882147,12385,GPD,tail,21.39793168391183,0.090625,Puntarenas_OTROS_Hidrometereológico
-0.18444400712510153,0.9965749509882147,12386,GPD,tail,21.39793168391183,0.090625,Puntarenas_OTROS_Hidrometereológico
-0.18444400712510153,0.9965749509882147,12387,GPD,tail,21.39793168391183,0.090625,Puntarenas_OTROS_Hidrometereológico
-0.18444400712510153,0.9965749509882147,12388,GPD,tail,21.39793168391183,0.090625,Puntarenas_OTROS_Hidrometereológico
-0.18444400712510153,0.9965749509882147,12389,GPD,tail,21.39793168391183,0.090625,Puntarenas_OTROS_Hidrometereológico
-0.18444400712510153,0.9965749509882147,12390,GPD,tail,21.39793168391183,0.090625,Puntarenas_OTROS_Hidrometereológico
-0.18444400712510153,0.9965749509882147,12391,GPD,tail,21.39793168391183,0.090625,Puntarenas_OTROS_Hidrometereológico
-0.18444400712510153,0.9965749509882147,12392,GPD,tail,21.39793168391183,0.090625,Puntarenas_OTROS_Hidrometereológico
-0.18444400712510153,0.9965749509882147,12393,GPD,tail,21.39793168391183,0.090625,Puntarenas_OTROS_Hidrometereológico
-0.18444400712510153,0.9965749509882147,12394,GPD,tail,21.39793168391183,0.090625,Puntarenas_OTROS_Hidrometereológico
-0.18444400712510153,0.9965749509882147,12395,GPD,tail,21.39793168391183,0.090625,Puntarenas_OTROS_Hidrometereológico
-0.18444400712510153,0.9965749509882147,12396,GPD,tail,21.39793168391183,0.090625,Puntarenas_OTROS_Hidrometereológico
-0.18444400712510153,0.9965749509882147,12397,GPD,tail,21.39793168391183,0.090625,Puntarenas_OTROS_Hidrometereológico
-0.07485131948807526,0.8731664306029238,12398,GPD,tail,21.39793168391183,0.090625,Puntarenas_OTROS_Hidrometereológico
-0.07485131948807526,0.8731664306029238,12399,GPD,tail,21.39793168391183,0.090625,Puntarenas_OTROS_Hidrometereológico
-0.07485131948807526,0.8731664306029238,12400,GPD,tail,21.39793168391183,0.090625,Puntarenas_OTROS_Hidrometereológico
-0.15527844838367522,0.8868195876161673,12401,GPD,tail,21.39793168391183,0.090625,Puntarenas_OTROS_Hidrometereológico
-0.15527844838367522,0.8868195876161673,12402,GPD,tail,21.39793168391183,0.090625,Puntarenas_OTROS_Hidrometereológico
-0.15527844838367522,0.8868195876161673,12403,GPD,tail,21.39793168391183,0.090625,Puntarenas_OTROS_Hidrometereológico
-0.15527844838367522,0.8868195876161673,12404,GPD,tail,21.39793168391183,0.090625,Puntarenas_OTROS_Hidrometereológico
-0.15527844838367522,0.8868195876161673,12405,GPD,tail,21.39793168391183,0.090625,Puntarenas_OTROS_Hidrometereológico
-0.15527844838367522,0.8868195876161673,12406,GPD,tail,21.39793168391183,0.090625,Puntarenas_OTROS_Hidrometereológico
-0.15527844838367522,0.8868195876161673,12407,GPD,tail,21.39793168391183,0.090625,Puntarenas_OTROS_Hidrometereológico
-0.15527844838367522,0.8868195876161673,12408,GPD,tail,21.39793168391183,0.090625,Puntarenas_OTROS_Hidrometereológico
-0.15527844838367522,0.8868195876161673,12409,GPD,tail,21.39793168391183,0.090625,Puntarenas_OTROS_Hidrometereológico
-0.15527844838367522,0.8868195876161673,12410,GPD,tail,21.39793168391183,0.090625,Puntarenas_OTROS_Hidrometereológico
-0.15527844838367522,0.8868195876161673,12411,GPD,tail,21.39793168391183,0.090625,Puntarenas_OTROS_Hidrometereológico
-0.050539480866434436,0.8658518942108914,12412,GPD,tail,21.39793168391183,0.090625,Puntarenas_OTROS_Hidrometereológico
-0.050539480866434436,0.8658518942108914,12413,GPD,tail,21.39793168391183,0.090625,Puntarenas_OTROS_Hidrometereológico
-0.050539480866434436,0.8658518942108914,12414,GPD,tail,21.39793168391183,0.090625,Puntarenas_OTROS_Hidrometereológico
-0.058553214510376955,0.833286135637599,12415,GPD,tail,21.39793168391183,0.090625,Puntarenas_OTROS_Hidrometereológico
-0.058553214510376955,0.833286135637599,12416,GPD,tail,21.39793168391183,0.090625,Puntarenas_OTROS_Hidrometereológico
-0.058553214510376955,0.833286135637599,12417,GPD,tail,21.39793168391183,0.090625,Puntarenas_OTROS_Hidrometereológico
-0.058553214510376955,0.833286135637599,12418,GPD,tail,21.39793168391183,0.090625,Puntarenas_OTROS_Hidrometereológico
-0.058553214510376955,0.833286135637599,12419,GPD,tail,21.39793168391183,0.090625,Puntarenas_OTROS_Hidrometereológico
-0.058553214510376955,0.833286135637599,12420,GPD,tail,21.39793168391183,0.090625,Puntarenas_OTROS_Hidrometereológico
-0.058553214510376955,0.833286135637599,12421,GPD,tail,21.39793168391183,0.090625,Puntarenas_OTROS_Hidrometereológico
-0.058553214510376955,0.833286135637599,12422,GPD,tail,21.39793168391183,0.090625,Puntarenas_OTROS_Hidrometereológico
-0.058553214510376955,0.833286135637599,12423,GPD,tail,21.39793168391183,0.090625,Puntarenas_OTROS_Hidrometereológico
-0.058553214510376955,0.833286135637599,12424,GPD,tail,21.39793168391183,0.090625,Puntarenas_OTROS_Hidrometereológico
-0.058553214510376955,0.833286135637599,12425,GPD,tail,21.39793168391183,0.090625,Puntarenas_OTROS_Hidrometereológico
-0.058553214510376955,0.833286135637599,12426,GPD,tail,21.39793168391183,0.090625,Puntarenas_OTROS_Hidrometereológico
-0.058553214510376955,0.833286135637599,12427,GPD,tail,21.39793168391183,0.090625,Puntarenas_OTROS_Hidrometereológico
-0.058553214510376955,0.833286135637599,12428,GPD,tail,21.39793168391183,0.090625,Puntarenas_OTROS_Hidrometereológico
-0.058553214510376955,0.833286135637599,12429,GPD,tail,21.39793168391183,0.090625,Puntarenas_OTROS_Hidrometereológico
-0.058553214510376955,0.833286135637599,12430,GPD,tail,21.39793168391183,0.090625,Puntarenas_OTROS_Hidrometereológico
-0.058553214510376955,0.833286135637599,12431,GPD,tail,21.39793168391183,0.090625,Puntarenas_OTROS_Hidrometereológico
-0.14251791133054634,1.0236395807082415,12432,GPD,tail,21.39793168391183,0.090625,Puntarenas_OTROS_Hidrometereológico
-0.14251791133054634,1.0236395807082415,12433,GPD,tail,21.39793168391183,0.090625,Puntarenas_OTROS_Hidrometereológico
-0.14251791133054634,1.0236395807082415,12434,GPD,tail,21.39793168391183,0.090625,Puntarenas_OTROS_Hidrometereológico
-0.14251791133054634,1.0236395807082415,12435,GPD,tail,21.39793168391183,0.090625,Puntarenas_OTROS_Hidrometereológico
-0.16447658061869194,0.9750411559557071,12436,GPD,tail,21.39793168391183,0.090625,Puntarenas_OTROS_Hidrometereológico
-0.16447658061869194,0.9750411559557071,12437,GPD,tail,21.39793168391183,0.090625,Puntarenas_OTROS_Hidrometereológico
-0.16447658061869194,0.9750411559557071,12438,GPD,tail,21.39793168391183,0.090625,Puntarenas_OTROS_Hidrometereológico
-0.16447658061869194,0.9750411559557071,12439,GPD,tail,21.39793168391183,0.090625,Puntarenas_OTROS_Hidrometereológico
-0.16447658061869194,0.9750411559557071,12440,GPD,tail,21.39793168391183,0.090625,Puntarenas_OTROS_Hidrometereológico
-0.16447658061869194,0.9750411559557071,12441,GPD,tail,21.39793168391183,0.090625,Puntarenas_OTROS_Hidrometereológico
-0.16447658061869194,0.9750411559557071,12442,GPD,tail,21.39793168391183,0.090625,Puntarenas_OTROS_Hidrometereológico
-0.16447658061869194,0.9750411559557071,12443,GPD,tail,21.39793168391183,0.090625,Puntarenas_OTROS_Hidrometereológico
-0.16447658061869194,0.9750411559557071,12444,GPD,tail,21.39793168391183,0.090625,Puntarenas_OTROS_Hidrometereológico
-0.16447658061869194,0.9750411559557071,12445,GPD,tail,21.39793168391183,0.090625,Puntarenas_OTROS_Hidrometereológico
-0.16447658061869194,0.9750411559557071,12446,GPD,tail,21.39793168391183,0.090625,Puntarenas_OTROS_Hidrometereológico
-0.16447658061869194,0.9750411559557071,12447,GPD,tail,21.39793168391183,0.090625,Puntarenas_OTROS_Hidrometereológico
-0.16447658061869194,0.9750411559557071,12448,GPD,tail,21.39793168391183,0.090625,Puntarenas_OTROS_Hidrometereológico
-0.16447658061869194,0.9750411559557071,12449,GPD,tail,21.39793168391183,0.090625,Puntarenas_OTROS_Hidrometereológico
-0.15031110903720565,0.8956633131969823,12450,GPD,tail,21.39793168391183,0.090625,Puntarenas_OTROS_Hidrometereológico
-0.15031110903720565,0.8956633131969823,12451,GPD,tail,21.39793168391183,0.090625,Puntarenas_OTROS_Hidrometereológico
-0.15031110903720565,0.8956633131969823,12452,GPD,tail,21.39793168391183,0.090625,Puntarenas_OTROS_Hidrometereológico
-0.2049925415907784,1.123097303433968,12453,GPD,tail,21.39793168391183,0.090625,Puntarenas_OTROS_Hidrometereológico
-0.2049925415907784,1.123097303433968,12454,GPD,tail,21.39793168391183,0.090625,Puntarenas_OTROS_Hidrometereológico
-0.2049925415907784,1.123097303433968,12455,GPD,tail,21.39793168391183,0.090625,Puntarenas_OTROS_Hidrometereológico
-0.2049925415907784,1.123097303433968,12456,GPD,tail,21.39793168391183,0.090625,Puntarenas_OTROS_Hidrometereológico
-0.2049925415907784,1.123097303433968,12457,GPD,tail,21.39793168391183,0.090625,Puntarenas_OTROS_Hidrometereológico
-0.2049925415907784,1.123097303433968,12458,GPD,tail,21.39793168391183,0.090625,Puntarenas_OTROS_Hidrometereológico
-0.2049925415907784,1.123097303433968,12459,GPD,tail,21.39793168391183,0.090625,Puntarenas_OTROS_Hidrometereológico
-0.207255201747747,1.0815809902334925,12460,GPD,tail,21.39793168391183,0.090625,Puntarenas_OTROS_Hidrometereológico
-0.207255201747747,1.0815809902334925,12461,GPD,tail,21.39793168391183,0.090625,Puntarenas_OTROS_Hidrometereológico
-0.207255201747747,1.0815809902334925,12462,GPD,tail,21.39793168391183,0.090625,Puntarenas_OTROS_Hidrometereológico
-0.207255201747747,1.0815809902334925,12463,GPD,tail,21.39793168391183,0.090625,Puntarenas_OTROS_Hidrometereológico
-0.207255201747747,1.0815809902334925,12464,GPD,tail,21.39793168391183,0.090625,Puntarenas_OTROS_Hidrometereológico
-0.207255201747747,1.0815809902334925,12465,GPD,tail,21.39793168391183,0.090625,Puntarenas_OTROS_Hidrometereológico
-0.207255201747747,1.0815809902334925,12466,GPD,tail,21.39793168391183,0.090625,Puntarenas_OTROS_Hidrometereológico
-0.207255201747747,1.0815809902334925,12467,GPD,tail,21.39793168391183,0.090625,Puntarenas_OTROS_Hidrometereológico
-0.207255201747747,1.0815809902334925,12468,GPD,tail,21.39793168391183,0.090625,Puntarenas_OTROS_Hidrometereológico
-0.207255201747747,1.0815809902334925,12469,GPD,tail,21.39793168391183,0.090625,Puntarenas_OTROS_Hidrometereológico
-0.207255201747747,1.0815809902334925,12470,GPD,tail,21.39793168391183,0.090625,Puntarenas_OTROS_Hidrometereológico
0.010768260994209522,0.8134627627162331,12471,GPD,tail,21.39793168391183,0.090625,Puntarenas_OTROS_Hidrometereológico
0.010768260994209522,0.8134627627162331,12472,GPD,tail,21.39793168391183,0.090625,Puntarenas_OTROS_Hidrometereológico
0.010768260994209522,0.8134627627162331,12473,GPD,tail,21.39793168391183,0.090625,Puntarenas_OTROS_Hidrometereológico
0.010768260994209522,0.8134627627162331,12474,GPD,tail,21.39793168391183,0.090625,Puntarenas_OTROS_Hidrometereológico
0.010768260994209522,0.8134627627162331,12475,GPD,tail,21.39793168391183,0.090625,Puntarenas_OTROS_Hidrometereológico
0.010768260994209522,0.8134627627162331,12476,GPD,tail,21.39793168391183,0.090625,Puntarenas_OTROS_Hidrometereológico
0.010768260994209522,0.8134627627162331,12477,GPD,tail,21.39793168391183,0.090625,Puntarenas_OTROS_Hidrometereológico
0.010768260994209522,0.8134627627162331,12478,GPD,tail,21.39793168391183,0.090625,Puntarenas_OTROS_Hidrometereológico
0.010768260994209522,0.8134627627162331,12479,GPD,tail,21.39793168391183,0.090625,Puntarenas_OTROS_Hidrometereológico
0.010768260994209522,0.8134627627162331,12480,GPD,tail,21.39793168391183,0.090625,Puntarenas_OTROS_Hidrometereológico
0.010768260994209522,0.8134627627162331,12481,GPD,tail,21.39793168391183,0.090625,Puntarenas_OTROS_Hidrometereológico
0.010768260994209522,0.8134627627162331,12482,GPD,tail,21.39793168391183,0.090625,Puntarenas_OTROS_Hidrometereológico
0.010768260994209522,0.8134627627162331,12483,GPD,tail,21.39793168391183,0.090625,Puntarenas_OTROS_Hidrometereológico
0.010768260994209522,0.8134627627162331,12484,GPD,tail,21.39793168391183,0.090625,Puntarenas_OTROS_Hidrometereológico
0.010768260994209522,0.8134627627162331,12485,GPD,tail,21.39793168391183,0.090625,Puntarenas_OTROS_Hidrometereológico
0.010768260994209522,0.8134627627162331,12486,GPD,tail,21.39793168391183,0.090625,Puntarenas_OTROS_Hidrometereológico
0.010768260994209522,0.8134627627162331,12487,GPD,tail,21.39793168391183,0.090625,Puntarenas_OTROS_Hidrometereológico
0.010768260994209522,0.8134627627162331,12488,GPD,tail,21.39793168391183,0.090625,Puntarenas_OTROS_Hidrometereológico
0.010768260994209522,0.8134627627162331,12489,GPD,tail,21.39793168391183,0.090625,Puntarenas_OTROS_Hidrometereológico
0.010768260994209522,0.8134627627162331,12490,GPD,tail,21.39793168391183,0.090625,Puntarenas_OTROS_Hidrometereológico
-0.09284861246419818,0.7422888687754888,12491,GPD,tail,21.39793168391183,0.090625,Puntarenas_OTROS_Hidrometereológico
-0.09284861246419818,0.7422888687754888,12492,GPD,tail,21.39793168391183,0.090625,Puntarenas_OTROS_Hidrometereológico
-0.09284861246419818,0.7422888687754888,12493,GPD,tail,21.39793168391183,0.090625,Puntarenas_OTROS_Hidrometereológico
-0.09284861246419818,0.7422888687754888,12494,GPD,tail,21.39793168391183,0.090625,Puntarenas_OTROS_Hidrometereológico
-0.09284861246419818,0.7422888687754888,12495,GPD,tail,21.39793168391183,0.090625,Puntarenas_OTROS_Hidrometereológico
0.021210365303507034,0.8750879783166794,12496,GPD,tail,21.39793168391183,0.090625,Puntarenas_OTROS_Hidrometereológico
0.021210365303507034,0.8750879783166794,12497,GPD,tail,21.39793168391183,0.090625,Puntarenas_OTROS_Hidrometereológico
0.021210365303507034,0.8750879783166794,12498,GPD,tail,21.39793168391183,0.090625,Puntarenas_OTROS_Hidrometereológico
0.021210365303507034,0.8750879783166794,12499,GPD,tail,21.39793168391183,0.090625,Puntarenas_OTROS_Hidrometereológico
0.021210365303507034,0.8750879783166794,12500,GPD,tail,21.39793168391183,0.090625,Puntarenas_OTROS_Hidrometereológico
0.021210365303507034,0.8750879783166794,12501,GPD,tail,21.39793168391183,0.090625,Puntarenas_OTROS_Hidrometereológico
0.021210365303507034,0.8750879783166794,12502,GPD,tail,21.39793168391183,0.090625,Puntarenas_OTROS_Hidrometereológico
0.021210365303507034,0.8750879783166794,12503,GPD,tail,21.39793168391183,0.090625,Puntarenas_OTROS_Hidrometereológico
0.021210365303507034,0.8750879783166794,12504,GPD,tail,21.39793168391183,0.090625,Puntarenas_OTROS_Hidrometereológico
0.021210365303507034,0.8750879783166794,12505,GPD,tail,21.39793168391183,0.090625,Puntarenas_OTROS_Hidrometereológico
0.1127579376226472,0.7492653261013793,12506,GPD,tail,21.39793168391183,0.090625,Puntarenas_OTROS_Hidrometereológico
0.1127579376226472,0.7492653261013793,12507,GPD,tail,21.39793168391183,0.090625,Puntarenas_OTROS_Hidrometereológico
0.1127579376226472,0.7492653261013793,12508,GPD,tail,21.39793168391183,0.090625,Puntarenas_OTROS_Hidrometereológico
0.1127579376226472,0.7492653261013793,12509,GPD,tail,21.39793168391183,0.090625,Puntarenas_OTROS_Hidrometereológico
0.17756761448086256,0.7576186561260148,12510,GPD,tail,21.39793168391183,0.090625,Puntarenas_OTROS_Hidrometereológico
0.17756761448086256,0.7576186561260148,12511,GPD,tail,21.39793168391183,0.090625,Puntarenas_OTROS_Hidrometereológico
0.17756761448086256,0.7576186561260148,12512,GPD,tail,21.39793168391183,0.090625,Puntarenas_OTROS_Hidrometereológico
0.17756761448086256,0.7576186561260148,12513,GPD,tail,21.39793168391183,0.090625,Puntarenas_OTROS_Hidrometereológico
0.17756761448086256,0.7576186561260148,12514,GPD,tail,21.39793168391183,0.090625,Puntarenas_OTROS_Hidrometereológico
0.17756761448086256,0.7576186561260148,12515,GPD,tail,21.39793168391183,0.090625,Puntarenas_OTROS_Hidrometereológico
0.17756761448086256,0.7576186561260148,12516,GPD,tail,21.39793168391183,0.090625,Puntarenas_OTROS_Hidrometereológico
0.17756761448086256,0.7576186561260148,12517,GPD,tail,21.39793168391183,0.090625,Puntarenas_OTROS_Hidrometereológico
0.17756761448086256,0.7576186561260148,12518,GPD,tail,21.39793168391183,0.090625,Puntarenas_OTROS_Hidrometereológico
0.17756761448086256,0.7576186561260148,12519,GPD,tail,21.39793168391183,0.090625,Puntarenas_OTROS_Hidrometereológico
0.17756761448086256,0.7576186561260148,12520,GPD,tail,21.39793168391183,0.090625,Puntarenas_OTROS_Hidrometereológico
0.17756761448086256,0.7576186561260148,12521,GPD,tail,21.39793168391183,0.090625,Puntarenas_OTROS_Hidrometereológico
0.17756761448086256,0.7576186561260148,12522,GPD,tail,21.39793168391183,0.090625,Puntarenas_OTROS_Hidrometereológico
0.17296529849840503,0.8414031122606729,12523,GPD,tail,21.39793168391183,0.090625,Puntarenas_OTROS_Hidrometereológico
0.17296529849840503,0.8414031122606729,12524,GPD,tail,21.39793168391183,0.090625,Puntarenas_OTROS_Hidrometereológico
0.17296529849840503,0.8414031122606729,12525,GPD,tail,21.39793168391183,0.090625,Puntarenas_OTROS_Hidrometereológico
0.17296529849840503,0.8414031122606729,12526,GPD,tail,21.39793168391183,0.090625,Puntarenas_OTROS_Hidrometereológico
0.025402108484442826,0.6231980754519468,12527,GPD,tail,21.39793168391183,0.090625,Puntarenas_OTROS_Hidrometereológico
0.025402108484442826,0.6231980754519468,12528,GPD,tail,21.39793168391183,0.090625,Puntarenas_OTROS_Hidrometereológico
0.025402108484442826,0.6231980754519468,12529,GPD,tail,21.39793168391183,0.090625,Puntarenas_OTROS_Hidrometereológico
0.025402108484442826,0.6231980754519468,12530,GPD,tail,21.39793168391183,0.090625,Puntarenas_OTROS_Hidrometereológico
0.025402108484442826,0.6231980754519468,12531,GPD,tail,21.39793168391183,0.090625,Puntarenas_OTROS_Hidrometereológico
0.025402108484442826,0.6231980754519468,12532,GPD,tail,21.39793168391183,0.090625,Puntarenas_OTROS_Hidrometereológico
0.025402108484442826,0.6231980754519468,12533,GPD,tail,21.39793168391183,0.090625,Puntarenas_OTROS_Hidrometereológico
0.025402108484442826,0.6231980754519468,12534,GPD,tail,21.39793168391183,0.090625,Puntarenas_OTROS_Hidrometereológico
0.025402108484442826,0.6231980754519468,12535,GPD,tail,21.39793168391183,0.090625,Puntarenas_OTROS_Hidrometereológico
0.025402108484442826,0.6231980754519468,12536,GPD,tail,21.39793168391183,0.090625,Puntarenas_OTROS_Hidrometereológico
0.025402108484442826,0.6231980754519468,12537,GPD,tail,21.39793168391183,0.090625,Puntarenas_OTROS_Hidrometereológico
0.0075412567101876445,0.7624201354327172,12538,GPD,tail,21.39793168391183,0.090625,Puntarenas_OTROS_Hidrometereológico
-0.041816337055249925,0.8298667876475928,12539,GPD,tail,21.39793168391183,0.090625,Puntarenas_OTROS_Hidrometereológico
-0.041816337055249925,0.8298667876475928,12540,GPD,tail,21.39793168391183,0.090625,Puntarenas_OTROS_Hidrometereológico
-0.041816337055249925,0.8298667876475928,12541,GPD,tail,21.39793168391183,0.090625,Puntarenas_OTROS_Hidrometereológico
-0.041816337055249925,0.8298667876475928,12542,GPD,tail,21.39793168391183,0.090625,Puntarenas_OTROS_Hidrometereológico
-0.041816337055249925,0.8298667876475928,12543,GPD,tail,21.39793168391183,0.090625,Puntarenas_OTROS_Hidrometereológico
-0.041816337055249925,0.8298667876475928,12544,GPD,tail,21.39793168391183,0.090625,Puntarenas_OTROS_Hidrometereológico
-0.041816337055249925,0.8298667876475928,12545,GPD,tail,21.39793168391183,0.090625,Puntarenas_OTROS_Hidrometereológico
-0.15810176698643522,0.8690516109819677,12546,GPD,tail,21.39793168391183,0.090625,Puntarenas_OTROS_Hidrometereológico
-0.15810176698643522,0.8690516109819677,12547,GPD,tail,21.39793168391183,0.090625,Puntarenas_OTROS_Hidrometereológico
-0.15810176698643522,0.8690516109819677,12548,GPD,tail,21.39793168391183,0.090625,Puntarenas_OTROS_Hidrometereológico
-0.15810176698643522,0.8690516109819677,12549,GPD,tail,21.39793168391183,0.090625,Puntarenas_OTROS_Hidrometereológico
-0.08871828560839017,0.8964828016711432,12550,GPD,tail,21.39793168391183,0.090625,Puntarenas_OTROS_Hidrometereológico
-0.08871828560839017,0.8964828016711432,12551,GPD,tail,21.39793168391183,0.090625,Puntarenas_OTROS_Hidrometereológico
-0.08871828560839017,0.8964828016711432,12552,GPD,tail,21.39793168391183,0.090625,Puntarenas_OTROS_Hidrometereológico
-0.08871828560839017,0.8964828016711432,12553,GPD,tail,21.39793168391183,0.090625,Puntarenas_OTROS_Hidrometereológico
-0.08871828560839017,0.8964828016711432,12554,GPD,tail,21.39793168391183,0.090625,Puntarenas_OTROS_Hidrometereológico
-0.08871828560839017,0.8964828016711432,12555,GPD,tail,21.39793168391183,0.090625,Puntarenas_OTROS_Hidrometereológico
-0.08871828560839017,0.8964828016711432,12556,GPD,tail,21.39793168391183,0.090625,Puntarenas_OTROS_Hidrometereológico
-0.08871828560839017,0.8964828016711432,12557,GPD,tail,21.39793168391183,0.090625,Puntarenas_OTROS_Hidrometereológico
-0.08871828560839017,0.8964828016711432,12558,GPD,tail,21.39793168391183,0.090625,Puntarenas_OTROS_Hidrometereológico
-0.08871828560839017,0.8964828016711432,12559,GPD,tail,21.39793168391183,0.090625,Puntarenas_OTROS_Hidrometereológico
-0.08871828560839017,0.8964828016711432,12560,GPD,tail,21.39793168391183,0.090625,Puntarenas_OTROS_Hidrometereológico
-0.08871828560839017,0.8964828016711432,12561,GPD,tail,21.39793168391183,0.090625,Puntarenas_OTROS_Hidrometereológico
-0.08871828560839017,0.8964828016711432,12562,GPD,tail,21.39793168391183,0.090625,Puntarenas_OTROS_Hidrometereológico
-0.08871828560839017,0.8964828016711432,12563,GPD,tail,21.39793168391183,0.090625,Puntarenas_OTROS_Hidrometereológico
-0.08871828560839017,0.8964828016711432,12564,GPD,tail,21.39793168391183,0.090625,Puntarenas_OTROS_Hidrometereológico
-0.08871828560839017,0.8964828016711432,12565,GPD,tail,21.39793168391183,0.090625,Puntarenas_OTROS_Hidrometereológico
-0.08871828560839017,0.8964828016711432,12566,GPD,tail,21.39793168391183,0.090625,Puntarenas_OTROS_Hidrometereológico
-0.08871828560839017,0.8964828016711432,12567,GPD,tail,21.39793168391183,0.090625,Puntarenas_OTROS_Hidrometereológico
-0.08871828560839017,0.8964828016711432,12568,GPD,tail,21.39793168391183,0.090625,Puntarenas_OTROS_Hidrometereológico
-0.08871828560839017,0.8964828016711432,12569,GPD,tail,21.39793168391183,0.090625,Puntarenas_OTROS_Hidrometereológico
-0.08871828560839017,0.8964828016711432,12570,GPD,tail,21.39793168391183,0.090625,Puntarenas_OTROS_Hidrometereológico
-0.11650128591120448,0.9649067877444584,12571,GPD,tail,21.39793168391183,0.090625,Puntarenas_OTROS_Hidrometereológico
-0.11650128591120448,0.9649067877444584,12572,GPD,tail,21.39793168391183,0.090625,Puntarenas_OTROS_Hidrometereológico
-0.11650128591120448,0.9649067877444584,12573,GPD,tail,21.39793168391183,0.090625,Puntarenas_OTROS_Hidrometereológico
-0.11650128591120448,0.9649067877444584,12574,GPD,tail,21.39793168391183,0.090625,Puntarenas_OTROS_Hidrometereológico
-0.11650128591120448,0.9649067877444584,12575,GPD,tail,21.39793168391183,0.090625,Puntarenas_OTROS_Hidrometereológico
-0.11650128591120448,0.9649067877444584,12576,GPD,tail,21.39793168391183,0.090625,Puntarenas_OTROS_Hidrometereológico
-0.11650128591120448,0.9649067877444584,12577,GPD,tail,21.39793168391183,0.090625,Puntarenas_OTROS_Hidrometereológico
-0.11650128591120448,0.9649067877444584,12578,GPD,tail,21.39793168391183,0.090625,Puntarenas_OTROS_Hidrometereológico
-0.11650128591120448,0.9649067877444584,12579,GPD,tail,21.39793168391183,0.090625,Puntarenas_OTROS_Hidrometereológico
-0.11650128591120448,0.9649067877444584,12580,GPD,tail,21.39793168391183,0.090625,Puntarenas_OTROS_Hidrometereológico
-0.11650128591120448,0.9649067877444584,12581,GPD,tail,21.39793168391183,0.090625,Puntarenas_OTROS_Hidrometereológico
-0.11650128591120448,0.9649067877444584,12582,GPD,tail,21.39793168391183,0.090625,Puntarenas_OTROS_Hidrometereológico
-0.11650128591120448,0.9649067877444584,12583,GPD,tail,21.39793168391183,0.090625,Puntarenas_OTROS_Hidrometereológico
-0.11650128591120448,0.9649067877444584,12584,GPD,tail,21.39793168391183,0.090625,Puntarenas_OTROS_Hidrometereológico
-0.11650128591120448,0.9649067877444584,12585,GPD,tail,21.39793168391183,0.090625,Puntarenas_OTROS_Hidrometereológico
-0.11650128591120448,0.9649067877444584,12586,GPD,tail,21.39793168391183,0.090625,Puntarenas_OTROS_Hidrometereológico
-0.11650128591120448,0.9649067877444584,12587,GPD,tail,21.39793168391183,0.090625,Puntarenas_OTROS_Hidrometereológico
-0.11650128591120448,0.9649067877444584,12588,GPD,tail,21.39793168391183,0.090625,Puntarenas_OTROS_Hidrometereológico
-0.11650128591120448,0.9649067877444584,12589,GPD,tail,21.39793168391183,0.090625,Puntarenas_OTROS_Hidrometereológico
-0.11650128591120448,0.9649067877444584,12590,GPD,tail,21.39793168391183,0.090625,Puntarenas_OTROS_Hidrometereológico
-0.11650128591120448,0.9649067877444584,12591,GPD,tail,21.39793168391183,0.090625,Puntarenas_OTROS_Hidrometereológico
-0.11650128591120448,0.9649067877444584,12592,GPD,tail,21.39793168391183,0.090625,Puntarenas_OTROS_Hidrometereológico
-0.11650128591120448,0.9649067877444584,12593,GPD,tail,21.39793168391183,0.090625,Puntarenas_OTROS_Hidrometereológico
-0.11650128591120448,0.9649067877444584,12594,GPD,tail,21.39793168391183,0.090625,Puntarenas_OTROS_Hidrometereológico
-0.11650128591120448,0.9649067877444584,12595,GPD,tail,21.39793168391183,0.090625,Puntarenas_OTROS_Hidrometereológico
-0.11650128591120448,0.9649067877444584,12596,GPD,tail,21.39793168391183,0.090625,Puntarenas_OTROS_Hidrometereológico
-0.11650128591120448,0.9649067877444584,12597,GPD,tail,21.39793168391183,0.090625,Puntarenas_OTROS_Hidrometereológico
-0.11650128591120448,0.9649067877444584,12598,GPD,tail,21.39793168391183,0.090625,Puntarenas_OTROS_Hidrometereológico
-0.11650128591120448,0.9649067877444584,12599,GPD,tail,21.39793168391183,0.090625,Puntarenas_OTROS_Hidrometereológico
-0.11650128591120448,0.9649067877444584,12600,GPD,tail,21.39793168391183,0.090625,Puntarenas_OTROS_Hidrometereológico
-0.11650128591120448,0.9649067877444584,12601,GPD,tail,21.39793168391183,0.090625,Puntarenas_OTROS_Hidrometereológico
-0.11650128591120448,0.9649067877444584,12602,GPD,tail,21.39793168391183,0.090625,Puntarenas_OTROS_Hidrometereológico
-0.11650128591120448,0.9649067877444584,12603,GPD,tail,21.39793168391183,0.090625,Puntarenas_OTROS_Hidrometereológico
-0.11650128591120448,0.9649067877444584,12604,GPD,tail,21.39793168391183,0.090625,Puntarenas_OTROS_Hidrometereológico
-0.11650128591120448,0.9649067877444584,12605,GPD,tail,21.39793168391183,0.090625,Puntarenas_OTROS_Hidrometereológico
-0.11650128591120448,0.9649067877444584,12606,GPD,tail,21.39793168391183,0.090625,Puntarenas_OTROS_Hidrometereológico
-0.11650128591120448,0.9649067877444584,12607,GPD,tail,21.39793168391183,0.090625,Puntarenas_OTROS_Hidrometereológico
-0.11650128591120448,0.9649067877444584,12608,GPD,tail,21.39793168391183,0.090625,Puntarenas_OTROS_Hidrometereológico
-0.11650128591120448,0.9649067877444584,12609,GPD,tail,21.39793168391183,0.090625,Puntarenas_OTROS_Hidrometereológico
-0.11650128591120448,0.9649067877444584,12610,GPD,tail,21.39793168391183,0.090625,Puntarenas_OTROS_Hidrometereológico
-0.11650128591120448,0.9649067877444584,12611,GPD,tail,21.39793168391183,0.090625,Puntarenas_OTROS_Hidrometereológico
-0.11650128591120448,0.9649067877444584,12612,GPD,tail,21.39793168391183,0.090625,Puntarenas_OTROS_Hidrometereológico
-0.11650128591120448,0.9649067877444584,12613,GPD,tail,21.39793168391183,0.090625,Puntarenas_OTROS_Hidrometereológico
-0.11650128591120448,0.9649067877444584,12614,GPD,tail,21.39793168391183,0.090625,Puntarenas_OTROS_Hidrometereológico
-0.11650128591120448,0.9649067877444584,12615,GPD,tail,21.39793168391183,0.090625,Puntarenas_OTROS_Hidrometereológico
-0.06651528760748027,0.9075386518926938,12616,GPD,tail,21.39793168391183,0.090625,Puntarenas_OTROS_Hidrometereológico
-0.06651528760748027,0.9075386518926938,12617,GPD,tail,21.39793168391183,0.090625,Puntarenas_OTROS_Hidrometereológico
-0.06651528760748027,0.9075386518926938,12618,GPD,tail,21.39793168391183,0.090625,Puntarenas_OTROS_Hidrometereológico
-0.06651528760748027,0.9075386518926938,12619,GPD,tail,21.39793168391183,0.090625,Puntarenas_OTROS_Hidrometereológico
-0.06651528760748027,0.9075386518926938,12620,GPD,tail,21.39793168391183,0.090625,Puntarenas_OTROS_Hidrometereológico
-0.06651528760748027,0.9075386518926938,12621,GPD,tail,21.39793168391183,0.090625,Puntarenas_OTROS_Hidrometereológico
-0.06651528760748027,0.9075386518926938,12622,GPD,tail,21.39793168391183,0.090625,Puntarenas_OTROS_Hidrometereológico
-0.06651528760748027,0.9075386518926938,12623,GPD,tail,21.39793168391183,0.090625,Puntarenas_OTROS_Hidrometereológico
-0.06651528760748027,0.9075386518926938,12624,GPD,tail,21.39793168391183,0.090625,Puntarenas_OTROS_Hidrometereológico
-0.06651528760748027,0.9075386518926938,12625,GPD,tail,21.39793168391183,0.090625,Puntarenas_OTROS_Hidrometereológico
-0.06651528760748027,0.9075386518926938,12626,GPD,tail,21.39793168391183,0.090625,Puntarenas_OTROS_Hidrometereológico
-0.06651528760748027,0.9075386518926938,12627,GPD,tail,21.39793168391183,0.090625,Puntarenas_OTROS_Hidrometereológico
-0.06651528760748027,0.9075386518926938,12628,GPD,tail,21.39793168391183,0.090625,Puntarenas_OTROS_Hidrometereológico
-0.06651528760748027,0.9075386518926938,12629,GPD,tail,21.39793168391183,0.090625,Puntarenas_OTROS_Hidrometereológico
-0.019058037600682927,0.8070179034100269,12630,GPD,tail,21.39793168391183,0.090625,Puntarenas_OTROS_Hidrometereológico
-0.019058037600682927,0.8070179034100269,12631,GPD,tail,21.39793168391183,0.090625,Puntarenas_OTROS_Hidrometereológico
-0.019058037600682927,0.8070179034100269,12632,GPD,tail,21.39793168391183,0.090625,Puntarenas_OTROS_Hidrometereológico
-0.019058037600682927,0.8070179034100269,12633,GPD,tail,21.39793168391183,0.090625,Puntarenas_OTROS_Hidrometereológico
-0.019058037600682927,0.8070179034100269,12634,GPD,tail,21.39793168391183,0.090625,Puntarenas_OTROS_Hidrometereológico
-0.019058037600682927,0.8070179034100269,12635,GPD,tail,21.39793168391183,0.090625,Puntarenas_OTROS_Hidrometereológico
-0.019058037600682927,0.8070179034100269,12636,GPD,tail,21.39793168391183,0.090625,Puntarenas_OTROS_Hidrometereológico
-0.019058037600682927,0.8070179034100269,12637,GPD,tail,21.39793168391183,0.090625,Puntarenas_OTROS_Hidrometereológico
-0.019058037600682927,0.8070179034100269,12638,GPD,tail,21.39793168391183,0.090625,Puntarenas_OTROS_Hidrometereológico
-0.019058037600682927,0.8070179034100269,12639,GPD,tail,21.39793168391183,0.090625,Puntarenas_OTROS_Hidrometereológico
-0.019058037600682927,0.8070179034100269,12640,GPD,tail,21.39793168391183,0.090625,Puntarenas_OTROS_Hidrometereológico
-0.019058037600682927,0.8070179034100269,12641,GPD,tail,21.39793168391183,0.090625,Puntarenas_OTROS_Hidrometereológico
-0.019058037600682927,0.8070179034100269,12642,GPD,tail,21.39793168391183,0.090625,Puntarenas_OTROS_Hidrometereológico
-0.019058037600682927,0.8070179034100269,12643,GPD,tail,21.39793168391183,0.090625,Puntarenas_OTROS_Hidrometereológico
-0.019058037600682927,0.8070179034100269,12644,GPD,tail,21.39793168391183,0.090625,Puntarenas_OTROS_Hidrometereológico
-0.019058037600682927,0.8070179034100269,12645,GPD,tail,21.39793168391183,0.090625,Puntarenas_OTROS_Hidrometereológico
-0.019058037600682927,0.8070179034100269,12646,GPD,tail,21.39793168391183,0.090625,Puntarenas_OTROS_Hidrometereológico
-0.019058037600682927,0.8070179034100269,12647,GPD,tail,21.39793168391183,0.090625,Puntarenas_OTROS_Hidrometereológico
-0.019058037600682927,0.8070179034100269,12648,GPD,tail,21.39793168391183,0.090625,Puntarenas_OTROS_Hidrometereológico
-0.019058037600682927,0.8070179034100269,12649,GPD,tail,21.39793168391183,0.090625,Puntarenas_OTROS_Hidrometereológico
-0.019058037600682927,0.8070179034100269,12650,GPD,tail,21.39793168391183,0.090625,Puntarenas_OTROS_Hidrometereológico
-0.08163408984960305,0.8757557376730875,12651,GPD,tail,21.39793168391183,0.090625,Puntarenas_OTROS_Hidrometereológico
-0.08163408984960305,0.8757557376730875,12652,GPD,tail,21.39793168391183,0.090625,Puntarenas_OTROS_Hidrometereológico
-0.08163408984960305,0.8757557376730875,12653,GPD,tail,21.39793168391183,0.090625,Puntarenas_OTROS_Hidrometereológico
-0.08163408984960305,0.8757557376730875,12654,GPD,tail,21.39793168391183,0.090625,Puntarenas_OTROS_Hidrometereológico
-0.08163408984960305,0.8757557376730875,12655,GPD,tail,21.39793168391183,0.090625,Puntarenas_OTROS_Hidrometereológico
-0.08163408984960305,0.8757557376730875,12656,GPD,tail,21.39793168391183,0.090625,Puntarenas_OTROS_Hidrometereológico
-0.08163408984960305,0.8757557376730875,12657,GPD,tail,21.39793168391183,0.090625,Puntarenas_OTROS_Hidrometereológico
-0.08163408984960305,0.8757557376730875,12658,GPD,tail,21.39793168391183,0.090625,Puntarenas_OTROS_Hidrometereológico
-0.08163408984960305,0.8757557376730875,12659,GPD,tail,21.39793168391183,0.090625,Puntarenas_OTROS_Hidrometereológico
-0.08163408984960305,0.8757557376730875,12660,GPD,tail,21.39793168391183,0.090625,Puntarenas_OTROS_Hidrometereológico
-0.08163408984960305,0.8757557376730875,12661,GPD,tail,21.39793168391183,0.090625,Puntarenas_OTROS_Hidrometereológico
-0.08163408984960305,0.8757557376730875,12662,GPD,tail,21.39793168391183,0.090625,Puntarenas_OTROS_Hidrometereológico
-0.08163408984960305,0.8757557376730875,12663,GPD,tail,21.39793168391183,0.090625,Puntarenas_OTROS_Hidrometereológico
-0.08163408984960305,0.8757557376730875,12664,GPD,tail,21.39793168391183,0.090625,Puntarenas_OTROS_Hidrometereológico
-0.08163408984960305,0.8757557376730875,12665,GPD,tail,21.39793168391183,0.090625,Puntarenas_OTROS_Hidrometereológico
-0.08163408984960305,0.8757557376730875,12666,GPD,tail,21.39793168391183,0.090625,Puntarenas_OTROS_Hidrometereológico
-0.08163408984960305,0.8757557376730875,12667,GPD,tail,21.39793168391183,0.090625,Puntarenas_OTROS_Hidrometereológico
-0.08163408984960305,0.8757557376730875,12668,GPD,tail,21.39793168391183,0.090625,Puntarenas_OTROS_Hidrometereológico
-0.08163408984960305,0.8757557376730875,12669,GPD,tail,21.39793168391183,0.090625,Puntarenas_OTROS_Hidrometereológico
-0.08163408984960305,0.8757557376730875,12670,GPD,tail,21.39793168391183,0.090625,Puntarenas_OTROS_Hidrometereológico
-0.08163408984960305,0.8757557376730875,12671,GPD,tail,21.39793168391183,0.090625,Puntarenas_OTROS_Hidrometereológico
-0.08163408984960305,0.8757557376730875,12672,GPD,tail,21.39793168391183,0.090625,Puntarenas_OTROS_Hidrometereológico
-0.08163408984960305,0.8757557376730875,12673,GPD,tail,21.39793168391183,0.090625,Puntarenas_OTROS_Hidrometereológico
-0.08163408984960305,0.8757557376730875,12674,GPD,tail,21.39793168391183,0.090625,Puntarenas_OTROS_Hidrometereológico
-0.08163408984960305,0.8757557376730875,12675,GPD,tail,21.39793168391183,0.090625,Puntarenas_OTROS_Hidrometereológico
-0.08163408984960305,0.8757557376730875,12676,GPD,tail,21.39793168391183,0.090625,Puntarenas_OTROS_Hidrometereológico
-0.08163408984960305,0.8757557376730875,12677,GPD,tail,21.39793168391183,0.090625,Puntarenas_OTROS_Hidrometereológico
-0.08163408984960305,0.8757557376730875,12678,GPD,tail,21.39793168391183,0.090625,Puntarenas_OTROS_Hidrometereológico
-0.08163408984960305,0.8757557376730875,12679,GPD,tail,21.39793168391183,0.090625,Puntarenas_OTROS_Hidrometereológico
-0.08163408984960305,0.8757557376730875,12680,GPD,tail,21.39793168391183,0.090625,Puntarenas_OTROS_Hidrometereológico
-0.08163408984960305,0.8757557376730875,12681,GPD,tail,21.39793168391183,0.090625,Puntarenas_OTROS_Hidrometereológico
-0.08163408984960305,0.8757557376730875,12682,GPD,tail,21.39793168391183,0.090625,Puntarenas_OTROS_Hidrometereológico
-0.08163408984960305,0.8757557376730875,12683,GPD,tail,21.39793168391183,0.090625,Puntarenas_OTROS_Hidrometereológico
-0.08163408984960305,0.8757557376730875,12684,GPD,tail,21.39793168391183,0.090625,Puntarenas_OTROS_Hidrometereológico
-0.08163408984960305,0.8757557376730875,12685,GPD,tail,21.39793168391183,0.090625,Puntarenas_OTROS_Hidrometereológico
-0.08163408984960305,0.8757557376730875,12686,GPD,tail,21.39793168391183,0.090625,Puntarenas_OTROS_Hidrometereológico
-0.08163408984960305,0.8757557376730875,12687,GPD,tail,21.39793168391183,0.090625,Puntarenas_OTROS_Hidrometereológico
-0.08163408984960305,0.8757557376730875,12688,GPD,tail,21.39793168391183,0.090625,Puntarenas_OTROS_Hidrometereológico
-0.08163408984960305,0.8757557376730875,12689,GPD,tail,21.39793168391183,0.090625,Puntarenas_OTROS_Hidrometereológico
-0.08163408984960305,0.8757557376730875,12690,GPD,tail,21.39793168391183,0.090625,Puntarenas_OTROS_Hidrometereológico
-0.08163408984960305,0.8757557376730875,12691,GPD,tail,21.39793168391183,0.090625,Puntarenas_OTROS_Hidrometereológico
-0.08163408984960305,0.8757557376730875,12692,GPD,tail,21.39793168391183,0.090625,Puntarenas_OTROS_Hidrometereológico
-0.08163408984960305,0.8757557376730875,12693,GPD,tail,21.39793168391183,0.090625,Puntarenas_OTROS_Hidrometereológico
-0.08163408984960305,0.8757557376730875,12694,GPD,tail,21.39793168391183,0.090625,Puntarenas_OTROS_Hidrometereológico
-0.08163408984960305,0.8757557376730875,12695,GPD,tail,21.39793168391183,0.090625,Puntarenas_OTROS_Hidrometereológico
-0.08163408984960305,0.8757557376730875,12696,GPD,tail,21.39793168391183,0.090625,Puntarenas_OTROS_Hidrometereológico
-0.08163408984960305,0.8757557376730875,12697,GPD,tail,21.39793168391183,0.090625,Puntarenas_OTROS_Hidrometereológico
-0.08163408984960305,0.8757557376730875,12698,GPD,tail,21.39793168391183,0.090625,Puntarenas_OTROS_Hidrometereológico
-0.08163408984960305,0.8757557376730875,12699,GPD,tail,21.39793168391183,0.090625,Puntarenas_OTROS_Hidrometereológico
-0.08163408984960305,0.8757557376730875,12700,GPD,tail,21.39793168391183,0.090625,Puntarenas_OTROS_Hidrometereológico
-0.08163408984960305,0.8757557376730875,12701,GPD,tail,21.39793168391183,0.090625,Puntarenas_OTROS_Hidrometereológico
-0.08163408984960305,0.8757557376730875,12702,GPD,tail,21.39793168391183,0.090625,Puntarenas_OTROS_Hidrometereológico
-0.08163408984960305,0.8757557376730875,12703,GPD,tail,21.39793168391183,0.090625,Puntarenas_OTROS_Hidrometereológico
-0.08163408984960305,0.8757557376730875,12704,GPD,tail,21.39793168391183,0.090625,Puntarenas_OTROS_Hidrometereológico
-0.08163408984960305,0.8757557376730875,12705,GPD,tail,21.39793168391183,0.090625,Puntarenas_OTROS_Hidrometereológico
-0.14791206977832594,0.9869097410038264,12706,GPD,tail,21.39793168391183,0.090625,Puntarenas_OTROS_Hidrometereológico
-0.14791206977832594,0.9869097410038264,12707,GPD,tail,21.39793168391183,0.090625,Puntarenas_OTROS_Hidrometereológico
-0.14791206977832594,0.9869097410038264,12708,GPD,tail,21.39793168391183,0.090625,Puntarenas_OTROS_Hidrometereológico
-0.14791206977832594,0.9869097410038264,12709,GPD,tail,21.39793168391183,0.090625,Puntarenas_OTROS_Hidrometereológico
-0.14791206977832594,0.9869097410038264,12710,GPD,tail,21.39793168391183,0.090625,Puntarenas_OTROS_Hidrometereológico
-0.14791206977832594,0.9869097410038264,12711,GPD,tail,21.39793168391183,0.090625,Puntarenas_OTROS_Hidrometereológico
-0.14791206977832594,0.9869097410038264,12712,GPD,tail,21.39793168391183,0.090625,Puntarenas_OTROS_Hidrometereológico
-0.14791206977832594,0.9869097410038264,12713,GPD,tail,21.39793168391183,0.090625,Puntarenas_OTROS_Hidrometereológico
-0.14791206977832594,0.9869097410038264,12714,GPD,tail,21.39793168391183,0.090625,Puntarenas_OTROS_Hidrometereológico
-0.14791206977832594,0.9869097410038264,12715,GPD,tail,21.39793168391183,0.090625,Puntarenas_OTROS_Hidrometereológico
-0.14791206977832594,0.9869097410038264,12716,GPD,tail,21.39793168391183,0.090625,Puntarenas_OTROS_Hidrometereológico
-0.14791206977832594,0.9869097410038264,12717,GPD,tail,21.39793168391183,0.090625,Puntarenas_OTROS_Hidrometereológico
-0.14791206977832594,0.9869097410038264,12718,GPD,tail,21.39793168391183,0.090625,Puntarenas_OTROS_Hidrometereológico
-0.14791206977832594,0.9869097410038264,12719,GPD,tail,21.39793168391183,0.090625,Puntarenas_OTROS_Hidrometereológico
-0.14791206977832594,0.9869097410038264,12720,GPD,tail,21.39793168391183,0.090625,Puntarenas_OTROS_Hidrometereológico
-0.14791206977832594,0.9869097410038264,12721,GPD,tail,21.39793168391183,0.090625,Puntarenas_OTROS_Hidrometereológico
-0.14791206977832594,0.9869097410038264,12722,GPD,tail,21.39793168391183,0.090625,Puntarenas_OTROS_Hidrometereológico
-0.14791206977832594,0.9869097410038264,12723,GPD,tail,21.39793168391183,0.090625,Puntarenas_OTROS_Hidrometereológico
-0.14791206977832594,0.9869097410038264,12724,GPD,tail,21.39793168391183,0.090625,Puntarenas_OTROS_Hidrometereológico
-0.14791206977832594,0.9869097410038264,12725,GPD,tail,21.39793168391183,0.090625,Puntarenas_OTROS_Hidrometereológico
-0.14791206977832594,0.9869097410038264,12726,GPD,tail,21.39793168391183,0.090625,Puntarenas_OTROS_Hidrometereológico
-0.14791206977832594,0.9869097410038264,12727,GPD,tail,21.39793168391183,0.090625,Puntarenas_OTROS_Hidrometereológico
-0.14791206977832594,0.9869097410038264,12728,GPD,tail,21.39793168391183,0.090625,Puntarenas_OTROS_Hidrometereológico
-0.14791206977832594,0.9869097410038264,12729,GPD,tail,21.39793168391183,0.090625,Puntarenas_OTROS_Hidrometereológico
-0.14791206977832594,0.9869097410038264,12730,GPD,tail,21.39793168391183,0.090625,Puntarenas_OTROS_Hidrometereológico
-0.14791206977832594,0.9869097410038264,12731,GPD,tail,21.39793168391183,0.090625,Puntarenas_OTROS_Hidrometereológico
-0.14791206977832594,0.9869097410038264,12732,GPD,tail,21.39793168391183,0.090625,Puntarenas_OTROS_Hidrometereológico
-0.14791206977832594,0.9869097410038264,12733,GPD,tail,21.39793168391183,0.090625,Puntarenas_OTROS_Hidrometereológico
-0.14791206977832594,0.9869097410038264,12734,GPD,tail,21.39793168391183,0.090625,Puntarenas_OTROS_Hidrometereológico
-0.14791206977832594,0.9869097410038264,12735,GPD,tail,21.39793168391183,0.090625,Puntarenas_OTROS_Hidrometereológico
-0.14791206977832594,0.9869097410038264,12736,GPD,tail,21.39793168391183,0.090625,Puntarenas_OTROS_Hidrometereológico
-0.1435786080734423,1.0545803705390049,12737,GPD,tail,21.39793168391183,0.090625,Puntarenas_OTROS_Hidrometereológico
-0.1089830883463633,1.0247014996764952,12738,GPD,tail,21.39793168391183,0.090625,Puntarenas_OTROS_Hidrometereológico
-0.1089830883463633,1.0247014996764952,12739,GPD,tail,21.39793168391183,0.090625,Puntarenas_OTROS_Hidrometereológico
-0.1089830883463633,1.0247014996764952,12740,GPD,tail,21.39793168391183,0.090625,Puntarenas_OTROS_Hidrometereológico
-0.1089830883463633,1.0247014996764952,12741,GPD,tail,21.39793168391183,0.090625,Puntarenas_OTROS_Hidrometereológico
-0.1089830883463633,1.0247014996764952,12742,GPD,tail,21.39793168391183,0.090625,Puntarenas_OTROS_Hidrometereológico
-0.1089830883463633,1.0247014996764952,12743,GPD,tail,21.39793168391183,0.090625,Puntarenas_OTROS_Hidrometereológico
-0.1089830883463633,1.0247014996764952,12744,GPD,tail,21.39793168391183,0.090625,Puntarenas_OTROS_Hidrometereológico
-0.1089830883463633,1.0247014996764952,12745,GPD,tail,21.39793168391183,0.090625,Puntarenas_OTROS_Hidrometereológico
-0.1089830883463633,1.0247014996764952,12746,GPD,tail,21.39793168391183,0.090625,Puntarenas_OTROS_Hidrometereológico
-0.1089830883463633,1.0247014996764952,12747,GPD,tail,21.39793168391183,0.090625,Puntarenas_OTROS_Hidrometereológico
0.047154954556968554,0.8846046493042945,12748,GPD,tail,21.39793168391183,0.090625,Puntarenas_OTROS_Hidrometereológico
0.047154954556968554,0.8846046493042945,12749,GPD,tail,21.39793168391183,0.090625,Puntarenas_OTROS_Hidrometereológico
0.047154954556968554,0.8846046493042945,12750,GPD,tail,21.39793168391183,0.090625,Puntarenas_OTROS_Hidrometereológico
0.047154954556968554,0.8846046493042945,12751,GPD,tail,21.39793168391183,0.090625,Puntarenas_OTROS_Hidrometereológico
0.047154954556968554,0.8846046493042945,12752,GPD,tail,21.39793168391183,0.090625,Puntarenas_OTROS_Hidrometereológico
0.047154954556968554,0.8846046493042945,12753,GPD,tail,21.39793168391183,0.090625,Puntarenas_OTROS_Hidrometereológico
0.047154954556968554,0.8846046493042945,12754,GPD,tail,21.39793168391183,0.090625,Puntarenas_OTROS_Hidrometereológico
0.047154954556968554,0.8846046493042945,12755,GPD,tail,21.39793168391183,0.090625,Puntarenas_OTROS_Hidrometereológico
0.047154954556968554,0.8846046493042945,12756,GPD,tail,21.39793168391183,0.090625,Puntarenas_OTROS_Hidrometereológico
0.047154954556968554,0.8846046493042945,12757,GPD,tail,21.39793168391183,0.090625,Puntarenas_OTROS_Hidrometereológico
0.047154954556968554,0.8846046493042945,12758,GPD,tail,21.39793168391183,0.090625,Puntarenas_OTROS_Hidrometereológico
0.047154954556968554,0.8846046493042945,12759,GPD,tail,21.39793168391183,0.090625,Puntarenas_OTROS_Hidrometereológico
0.047154954556968554,0.8846046493042945,12760,GPD,tail,21.39793168391183,0.090625,Puntarenas_OTROS_Hidrometereológico
0.047154954556968554,0.8846046493042945,12761,GPD,tail,21.39793168391183,0.090625,Puntarenas_OTROS_Hidrometereológico
0.047154954556968554,0.8846046493042945,12762,GPD,tail,21.39793168391183,0.090625,Puntarenas_OTROS_Hidrometereológico
0.047154954556968554,0.8846046493042945,12763,GPD,tail,21.39793168391183,0.090625,Puntarenas_OTROS_Hidrometereológico
0.047154954556968554,0.8846046493042945,12764,GPD,tail,21.39793168391183,0.090625,Puntarenas_OTROS_Hidrometereológico
0.047154954556968554,0.8846046493042945,12765,GPD,tail,21.39793168391183,0.090625,Puntarenas_OTROS_Hidrometereológico
0.047154954556968554,0.8846046493042945,12766,GPD,tail,21.39793168391183,0.090625,Puntarenas_OTROS_Hidrometereológico
0.047154954556968554,0.8846046493042945,12767,GPD,tail,21.39793168391183,0.090625,Puntarenas_OTROS_Hidrometereológico
0.04416710669303262,0.756892557308049,12768,GPD,tail,21.39793168391183,0.090625,Puntarenas_OTROS_Hidrometereológico
0.04416710669303262,0.756892557308049,12769,GPD,tail,21.39793168391183,0.090625,Puntarenas_OTROS_Hidrometereológico
0.04416710669303262,0.756892557308049,12770,GPD,tail,21.39793168391183,0.090625,Puntarenas_OTROS_Hidrometereológico
0.04416710669303262,0.756892557308049,12771,GPD,tail,21.39793168391183,0.090625,Puntarenas_OTROS_Hidrometereológico
0.04416710669303262,0.756892557308049,12772,GPD,tail,21.39793168391183,0.090625,Puntarenas_OTROS_Hidrometereológico
0.04416710669303262,0.756892557308049,12773,GPD,tail,21.39793168391183,0.090625,Puntarenas_OTROS_Hidrometereológico
0.04416710669303262,0.756892557308049,12774,GPD,tail,21.39793168391183,0.090625,Puntarenas_OTROS_Hidrometereológico
0.04416710669303262,0.756892557308049,12775,GPD,tail,21.39793168391183,0.090625,Puntarenas_OTROS_Hidrometereológico
0.04416710669303262,0.756892557308049,12776,GPD,tail,21.39793168391183,0.090625,Puntarenas_OTROS_Hidrometereológico
0.04416710669303262,0.756892557308049,12777,GPD,tail,21.39793168391183,0.090625,Puntarenas_OTROS_Hidrometereológico
0.04416710669303262,0.756892557308049,12778,GPD,tail,21.39793168391183,0.090625,Puntarenas_OTROS_Hidrometereológico
0.04416710669303262,0.756892557308049,12779,GPD,tail,21.39793168391183,0.090625,Puntarenas_OTROS_Hidrometereológico
0.04416710669303262,0.756892557308049,12780,GPD,tail,21.39793168391183,0.090625,Puntarenas_OTROS_Hidrometereológico
0.04416710669303262,0.756892557308049,12781,GPD,tail,21.39793168391183,0.090625,Puntarenas_OTROS_Hidrometereológico
0.014677651391637864,0.8560166138067957,12782,GPD,tail,21.39793168391183,0.090625,Puntarenas_OTROS_Hidrometereológico
0.014677651391637864,0.8560166138067957,12783,GPD,tail,21.39793168391183,0.090625,Puntarenas_OTROS_Hidrometereológico
0.014677651391637864,0.8560166138067957,12784,GPD,tail,21.39793168391183,0.090625,Puntarenas_OTROS_Hidrometereológico
0.014677651391637864,0.8560166138067957,12785,GPD,tail,21.39793168391183,0.090625,Puntarenas_OTROS_Hidrometereológico
0.014677651391637864,0.8560166138067957,12786,GPD,tail,21.39793168391183,0.090625,Puntarenas_OTROS_Hidrometereológico
0.014677651391637864,0.8560166138067957,12787,GPD,tail,21.39793168391183,0.090625,Puntarenas_OTROS_Hidrometereológico
0.014677651391637864,0.8560166138067957,12788,GPD,tail,21.39793168391183,0.090625,Puntarenas_OTROS_Hidrometereológico
0.014677651391637864,0.8560166138067957,12789,GPD,tail,21.39793168391183,0.090625,Puntarenas_OTROS_Hidrometereológico
0.014677651391637864,0.8560166138067957,12790,GPD,tail,21.39793168391183,0.090625,Puntarenas_OTROS_Hidrometereológico
0.014677651391637864,0.8560166138067957,12791,GPD,tail,21.39793168391183,0.090625,Puntarenas_OTROS_Hidrometereológico
0.014677651391637864,0.8560166138067957,12792,GPD,tail,21.39793168391183,0.090625,Puntarenas_OTROS_Hidrometereológico
0.014677651391637864,0.8560166138067957,12793,GPD,tail,21.39793168391183,0.090625,Puntarenas_OTROS_Hidrometereológico
0.014677651391637864,0.8560166138067957,12794,GPD,tail,21.39793168391183,0.090625,Puntarenas_OTROS_Hidrometereológico
0.014677651391637864,0.8560166138067957,12795,GPD,tail,21.39793168391183,0.090625,Puntarenas_OTROS_Hidrometereológico
0.014677651391637864,0.8560166138067957,12796,GPD,tail,21.39793168391183,0.090625,Puntarenas_OTROS_Hidrometereológico
0.014677651391637864,0.8560166138067957,12797,GPD,tail,21.39793168391183,0.090625,Puntarenas_OTROS_Hidrometereológico
0.014677651391637864,0.8560166138067957,12798,GPD,tail,21.39793168391183,0.090625,Puntarenas_OTROS_Hidrometereológico
0.014677651391637864,0.8560166138067957,12799,GPD,tail,21.39793168391183,0.090625,Puntarenas_OTROS_Hidrometereológico
0.014677651391637864,0.8560166138067957,12800,GPD,tail,21.39793168391183,0.090625,Puntarenas_OTROS_Hidrometereológico
0.014677651391637864,0.8560166138067957,12801,GPD,tail,21.39793168391183,0.090625,Puntarenas_OTROS_Hidrometereológico
-0.18584641909157715,0.9531892772904568,12802,GPD,tail,21.39793168391183,0.090625,Puntarenas_OTROS_Hidrometereológico
-0.18584641909157715,0.9531892772904568,12803,GPD,tail,21.39793168391183,0.090625,Puntarenas_OTROS_Hidrometereológico
-0.18584641909157715,0.9531892772904568,12804,GPD,tail,21.39793168391183,0.090625,Puntarenas_OTROS_Hidrometereológico
-0.18584641909157715,0.9531892772904568,12805,GPD,tail,21.39793168391183,0.090625,Puntarenas_OTROS_Hidrometereológico
-0.18584641909157715,0.9531892772904568,12806,GPD,tail,21.39793168391183,0.090625,Puntarenas_OTROS_Hidrometereológico
-0.18584641909157715,0.9531892772904568,12807,GPD,tail,21.39793168391183,0.090625,Puntarenas_OTROS_Hidrometereológico
-0.18584641909157715,0.9531892772904568,12808,GPD,tail,21.39793168391183,0.090625,Puntarenas_OTROS_Hidrometereológico
-0.18584641909157715,0.9531892772904568,12809,GPD,tail,21.39793168391183,0.090625,Puntarenas_OTROS_Hidrometereológico
-0.18584641909157715,0.9531892772904568,12810,GPD,tail,21.39793168391183,0.090625,Puntarenas_OTROS_Hidrometereológico
-0.18584641909157715,0.9531892772904568,12811,GPD,tail,21.39793168391183,0.090625,Puntarenas_OTROS_Hidrometereológico
-0.18584641909157715,0.9531892772904568,12812,GPD,tail,21.39793168391183,0.090625,Puntarenas_OTROS_Hidrometereológico
-0.18584641909157715,0.9531892772904568,12813,GPD,tail,21.39793168391183,0.090625,Puntarenas_OTROS_Hidrometereológico
-0.18584641909157715,0.9531892772904568,12814,GPD,tail,21.39793168391183,0.090625,Puntarenas_OTROS_Hidrometereológico
-0.18584641909157715,0.9531892772904568,12815,GPD,tail,21.39793168391183,0.090625,Puntarenas_OTROS_Hidrometereológico
-0.18584641909157715,0.9531892772904568,12816,GPD,tail,21.39793168391183,0.090625,Puntarenas_OTROS_Hidrometereológico
-0.18584641909157715,0.9531892772904568,12817,GPD,tail,21.39793168391183,0.090625,Puntarenas_OTROS_Hidrometereológico
-0.18584641909157715,0.9531892772904568,12818,GPD,tail,21.39793168391183,0.090625,Puntarenas_OTROS_Hidrometereológico
-0.18584641909157715,0.9531892772904568,12819,GPD,tail,21.39793168391183,0.090625,Puntarenas_OTROS_Hidrometereológico
-0.18584641909157715,0.9531892772904568,12820,GPD,tail,21.39793168391183,0.090625,Puntarenas_OTROS_Hidrometereológico
-0.09043431667530219,0.8629180716612828,12821,GPD,tail,21.39793168391183,0.090625,Puntarenas_OTROS_Hidrometereológico
-0.09043431667530219,0.8629180716612828,12822,GPD,tail,21.39793168391183,0.090625,Puntarenas_OTROS_Hidrometereológico
-0.09043431667530219,0.8629180716612828,12823,GPD,tail,21.39793168391183,0.090625,Puntarenas_OTROS_Hidrometereológico
-0.09043431667530219,0.8629180716612828,12824,GPD,tail,21.39793168391183,0.090625,Puntarenas_OTROS_Hidrometereológico
-0.09043431667530219,0.8629180716612828,12825,GPD,tail,21.39793168391183,0.090625,Puntarenas_OTROS_Hidrometereológico
-0.09043431667530219,0.8629180716612828,12826,GPD,tail,21.39793168391183,0.090625,Puntarenas_OTROS_Hidrometereológico
-0.09043431667530219,0.8629180716612828,12827,GPD,tail,21.39793168391183,0.090625,Puntarenas_OTROS_Hidrometereológico
-0.09043431667530219,0.8629180716612828,12828,GPD,tail,21.39793168391183,0.090625,Puntarenas_OTROS_Hidrometereológico
-0.09043431667530219,0.8629180716612828,12829,GPD,tail,21.39793168391183,0.090625,Puntarenas_OTROS_Hidrometereológico
-0.09043431667530219,0.8629180716612828,12830,GPD,tail,21.39793168391183,0.090625,Puntarenas_OTROS_Hidrometereológico
-0.09043431667530219,0.8629180716612828,12831,GPD,tail,21.39793168391183,0.090625,Puntarenas_OTROS_Hidrometereológico
-0.09043431667530219,0.8629180716612828,12832,GPD,tail,21.39793168391183,0.090625,Puntarenas_OTROS_Hidrometereológico
-0.09043431667530219,0.8629180716612828,12833,GPD,tail,21.39793168391183,0.090625,Puntarenas_OTROS_Hidrometereológico
-0.09043431667530219,0.8629180716612828,12834,GPD,tail,21.39793168391183,0.090625,Puntarenas_OTROS_Hidrometereológico
-0.09043431667530219,0.8629180716612828,12835,GPD,tail,21.39793168391183,0.090625,Puntarenas_OTROS_Hidrometereológico
-0.09043431667530219,0.8629180716612828,12836,GPD,tail,21.39793168391183,0.090625,Puntarenas_OTROS_Hidrometereológico
-0.09043431667530219,0.8629180716612828,12837,GPD,tail,21.39793168391183,0.090625,Puntarenas_OTROS_Hidrometereológico
-0.09043431667530219,0.8629180716612828,12838,GPD,tail,21.39793168391183,0.090625,Puntarenas_OTROS_Hidrometereológico
-0.09043431667530219,0.8629180716612828,12839,GPD,tail,21.39793168391183,0.090625,Puntarenas_OTROS_Hidrometereológico
-0.09043431667530219,0.8629180716612828,12840,GPD,tail,21.39793168391183,0.090625,Puntarenas_OTROS_Hidrometereológico
-0.09043431667530219,0.8629180716612828,12841,GPD,tail,21.39793168391183,0.090625,Puntarenas_OTROS_Hidrometereológico
-0.09043431667530219,0.8629180716612828,12842,GPD,tail,21.39793168391183,0.090625,Puntarenas_OTROS_Hidrometereológico
-0.09043431667530219,0.8629180716612828,12843,GPD,tail,21.39793168391183,0.090625,Puntarenas_OTROS_Hidrometereológico
-0.09043431667530219,0.8629180716612828,12844,GPD,tail,21.39793168391183,0.090625,Puntarenas_OTROS_Hidrometereológico
-0.09043431667530219,0.8629180716612828,12845,GPD,tail,21.39793168391183,0.090625,Puntarenas_OTROS_Hidrometereológico
-0.09043431667530219,0.8629180716612828,12846,GPD,tail,21.39793168391183,0.090625,Puntarenas_OTROS_Hidrometereológico
-0.09043431667530219,0.8629180716612828,12847,GPD,tail,21.39793168391183,0.090625,Puntarenas_OTROS_Hidrometereológico
-0.09043431667530219,0.8629180716612828,12848,GPD,tail,21.39793168391183,0.090625,Puntarenas_OTROS_Hidrometereológico
-0.09043431667530219,0.8629180716612828,12849,GPD,tail,21.39793168391183,0.090625,Puntarenas_OTROS_Hidrometereológico
-0.09043431667530219,0.8629180716612828,12850,GPD,tail,21.39793168391183,0.090625,Puntarenas_OTROS_Hidrometereológico
-0.09043431667530219,0.8629180716612828,12851,GPD,tail,21.39793168391183,0.090625,Puntarenas_OTROS_Hidrometereológico
-0.09043431667530219,0.8629180716612828,12852,GPD,tail,21.39793168391183,0.090625,Puntarenas_OTROS_Hidrometereológico
-0.09043431667530219,0.8629180716612828,12853,GPD,tail,21.39793168391183,0.090625,Puntarenas_OTROS_Hidrometereológico
-0.09043431667530219,0.8629180716612828,12854,GPD,tail,21.39793168391183,0.090625,Puntarenas_OTROS_Hidrometereológico
-0.09043431667530219,0.8629180716612828,12855,GPD,tail,21.39793168391183,0.090625,Puntarenas_OTROS_Hidrometereológico
-0.09043431667530219,0.8629180716612828,12856,GPD,tail,21.39793168391183,0.090625,Puntarenas_OTROS_Hidrometereológico
-0.09043431667530219,0.8629180716612828,12857,GPD,tail,21.39793168391183,0.090625,Puntarenas_OTROS_Hidrometereológico
-0.09043431667530219,0.8629180716612828,12858,GPD,tail,21.39793168391183,0.090625,Puntarenas_OTROS_Hidrometereológico
-0.09043431667530219,0.8629180716612828,12859,GPD,tail,21.39793168391183,0.090625,Puntarenas_OTROS_Hidrometereológico
-0.09043431667530219,0.8629180716612828,12860,GPD,tail,21.39793168391183,0.090625,Puntarenas_OTROS_Hidrometereológico
-0.0702516702306984,0.8527049618095367,12861,GPD,tail,21.39793168391183,0.090625,Puntarenas_OTROS_Hidrometereológico
-0.0702516702306984,0.8527049618095367,12862,GPD,tail,21.39793168391183,0.090625,Puntarenas_OTROS_Hidrometereológico
-0.0702516702306984,0.8527049618095367,12863,GPD,tail,21.39793168391183,0.090625,Puntarenas_OTROS_Hidrometereológico
-0.0702516702306984,0.8527049618095367,12864,GPD,tail,21.39793168391183,0.090625,Puntarenas_OTROS_Hidrometereológico
-0.0702516702306984,0.8527049618095367,12865,GPD,tail,21.39793168391183,0.090625,Puntarenas_OTROS_Hidrometereológico
-0.0702516702306984,0.8527049618095367,12866,GPD,tail,21.39793168391183,0.090625,Puntarenas_OTROS_Hidrometereológico
-0.0702516702306984,0.8527049618095367,12867,GPD,tail,21.39793168391183,0.090625,Puntarenas_OTROS_Hidrometereológico
-0.0702516702306984,0.8527049618095367,12868,GPD,tail,21.39793168391183,0.090625,Puntarenas_OTROS_Hidrometereológico
-0.0702516702306984,0.8527049618095367,12869,GPD,tail,21.39793168391183,0.090625,Puntarenas_OTROS_Hidrometereológico
-0.0702516702306984,0.8527049618095367,12870,GPD,tail,21.39793168391183,0.090625,Puntarenas_OTROS_Hidrometereológico
-0.0702516702306984,0.8527049618095367,12871,GPD,tail,21.39793168391183,0.090625,Puntarenas_OTROS_Hidrometereológico
-0.0702516702306984,0.8527049618095367,12872,GPD,tail,21.39793168391183,0.090625,Puntarenas_OTROS_Hidrometereológico
-0.0702516702306984,0.8527049618095367,12873,GPD,tail,21.39793168391183,0.090625,Puntarenas_OTROS_Hidrometereológico
-0.0702516702306984,0.8527049618095367,12874,GPD,tail,21.39793168391183,0.090625,Puntarenas_OTROS_Hidrometereológico
-0.0702516702306984,0.8527049618095367,12875,GPD,tail,21.39793168391183,0.090625,Puntarenas_OTROS_Hidrometereológico
-0.11865099208199115,0.9056533603944341,12876,GPD,tail,21.39793168391183,0.090625,Puntarenas_OTROS_Hidrometereológico
-0.11865099208199115,0.9056533603944341,12877,GPD,tail,21.39793168391183,0.090625,Puntarenas_OTROS_Hidrometereológico
-0.11865099208199115,0.9056533603944341,12878,GPD,tail,21.39793168391183,0.090625,Puntarenas_OTROS_Hidrometereológico
-0.11865099208199115,0.9056533603944341,12879,GPD,tail,21.39793168391183,0.090625,Puntarenas_OTROS_Hidrometereológico
-0.11865099208199115,0.9056533603944341,12880,GPD,tail,21.39793168391183,0.090625,Puntarenas_OTROS_Hidrometereológico
-0.11865099208199115,0.9056533603944341,12881,GPD,tail,21.39793168391183,0.090625,Puntarenas_OTROS_Hidrometereológico
-0.11865099208199115,0.9056533603944341,12882,GPD,tail,21.39793168391183,0.090625,Puntarenas_OTROS_Hidrometereológico
-0.11865099208199115,0.9056533603944341,12883,GPD,tail,21.39793168391183,0.090625,Puntarenas_OTROS_Hidrometereológico
-0.11865099208199115,0.9056533603944341,12884,GPD,tail,21.39793168391183,0.090625,Puntarenas_OTROS_Hidrometereológico
-0.11865099208199115,0.9056533603944341,12885,GPD,tail,21.39793168391183,0.090625,Puntarenas_OTROS_Hidrometereológico
-0.11865099208199115,0.9056533603944341,12886,GPD,tail,21.39793168391183,0.090625,Puntarenas_OTROS_Hidrometereológico
-0.11865099208199115,0.9056533603944341,12887,GPD,tail,21.39793168391183,0.090625,Puntarenas_OTROS_Hidrometereológico
-0.11865099208199115,0.9056533603944341,12888,GPD,tail,21.39793168391183,0.090625,Puntarenas_OTROS_Hidrometereológico
-0.14205735561901076,0.9063036450784079,12889,GPD,tail,21.39793168391183,0.090625,Puntarenas_OTROS_Hidrometereológico
-0.14205735561901076,0.9063036450784079,12890,GPD,tail,21.39793168391183,0.090625,Puntarenas_OTROS_Hidrometereológico
-0.14205735561901076,0.9063036450784079,12891,GPD,tail,21.39793168391183,0.090625,Puntarenas_OTROS_Hidrometereológico
-0.14205735561901076,0.9063036450784079,12892,GPD,tail,21.39793168391183,0.090625,Puntarenas_OTROS_Hidrometereológico
-0.14205735561901076,0.9063036450784079,12893,GPD,tail,21.39793168391183,0.090625,Puntarenas_OTROS_Hidrometereológico
-0.14205735561901076,0.9063036450784079,12894,GPD,tail,21.39793168391183,0.090625,Puntarenas_OTROS_Hidrometereológico
-0.14205735561901076,0.9063036450784079,12895,GPD,tail,21.39793168391183,0.090625,Puntarenas_OTROS_Hidrometereológico
-0.14205735561901076,0.9063036450784079,12896,GPD,tail,21.39793168391183,0.090625,Puntarenas_OTROS_Hidrometereológico
-0.14205735561901076,0.9063036450784079,12897,GPD,tail,21.39793168391183,0.090625,Puntarenas_OTROS_Hidrometereológico
-0.14205735561901076,0.9063036450784079,12898,GPD,tail,21.39793168391183,0.090625,Puntarenas_OTROS_Hidrometereológico
-0.14205735561901076,0.9063036450784079,12899,GPD,tail,21.39793168391183,0.090625,Puntarenas_OTROS_Hidrometereológico
-0.14205735561901076,0.9063036450784079,12900,GPD,tail,21.39793168391183,0.090625,Puntarenas_OTROS_Hidrometereológico
-0.14205735561901076,0.9063036450784079,12901,GPD,tail,21.39793168391183,0.090625,Puntarenas_OTROS_Hidrometereológico
-0.06340769196919213,0.9398338609907588,12902,GPD,tail,21.39793168391183,0.090625,Puntarenas_OTROS_Hidrometereológico
-0.06340769196919213,0.9398338609907588,12903,GPD,tail,21.39793168391183,0.090625,Puntarenas_OTROS_Hidrometereológico
-0.06340769196919213,0.9398338609907588,12904,GPD,tail,21.39793168391183,0.090625,Puntarenas_OTROS_Hidrometereológico
-0.06340769196919213,0.9398338609907588,12905,GPD,tail,21.39793168391183,0.090625,Puntarenas_OTROS_Hidrometereológico
-0.06340769196919213,0.9398338609907588,12906,GPD,tail,21.39793168391183,0.090625,Puntarenas_OTROS_Hidrometereológico
-0.06340769196919213,0.9398338609907588,12907,GPD,tail,21.39793168391183,0.090625,Puntarenas_OTROS_Hidrometereológico
-0.06340769196919213,0.9398338609907588,12908,GPD,tail,21.39793168391183,0.090625,Puntarenas_OTROS_Hidrometereológico
-0.06340769196919213,0.9398338609907588,12909,GPD,tail,21.39793168391183,0.090625,Puntarenas_OTROS_Hidrometereológico
-0.06340769196919213,0.9398338609907588,12910,GPD,tail,21.39793168391183,0.090625,Puntarenas_OTROS_Hidrometereológico
-0.06340769196919213,0.9398338609907588,12911,GPD,tail,21.39793168391183,0.090625,Puntarenas_OTROS_Hidrometereológico
-0.06340769196919213,0.9398338609907588,12912,GPD,tail,21.39793168391183,0.090625,Puntarenas_OTROS_Hidrometereológico
-0.06340769196919213,0.9398338609907588,12913,GPD,tail,21.39793168391183,0.090625,Puntarenas_OTROS_Hidrometereológico
-0.06340769196919213,0.9398338609907588,12914,GPD,tail,21.39793168391183,0.090625,Puntarenas_OTROS_Hidrometereológico
-0.06340769196919213,0.9398338609907588,12915,GPD,tail,21.39793168391183,0.090625,Puntarenas_OTROS_Hidrometereológico
-0.06340769196919213,0.9398338609907588,12916,GPD,tail,21.39793168391183,0.090625,Puntarenas_OTROS_Hidrometereológico
-0.06340769196919213,0.9398338609907588,12917,GPD,tail,21.39793168391183,0.090625,Puntarenas_OTROS_Hidrometereológico
-0.06340769196919213,0.9398338609907588,12918,GPD,tail,21.39793168391183,0.090625,Puntarenas_OTROS_Hidrometereológico
-0.06340769196919213,0.9398338609907588,12919,GPD,tail,21.39793168391183,0.090625,Puntarenas_OTROS_Hidrometereológico
-0.06340769196919213,0.9398338609907588,12920,GPD,tail,21.39793168391183,0.090625,Puntarenas_OTROS_Hidrometereológico
-0.06340769196919213,0.9398338609907588,12921,GPD,tail,21.39793168391183,0.090625,Puntarenas_OTROS_Hidrometereológico
-0.06340769196919213,0.9398338609907588,12922,GPD,tail,21.39793168391183,0.090625,Puntarenas_OTROS_Hidrometereológico
-0.06340769196919213,0.9398338609907588,12923,GPD,tail,21.39793168391183,0.090625,Puntarenas_OTROS_Hidrometereológico
-0.12622683575948962,0.9297835792364155,12924,GPD,tail,21.39793168391183,0.090625,Puntarenas_OTROS_Hidrometereológico
-0.12622683575948962,0.9297835792364155,12925,GPD,tail,21.39793168391183,0.090625,Puntarenas_OTROS_Hidrometereológico
-0.12622683575948962,0.9297835792364155,12926,GPD,tail,21.39793168391183,0.090625,Puntarenas_OTROS_Hidrometereológico
-0.12622683575948962,0.9297835792364155,12927,GPD,tail,21.39793168391183,0.090625,Puntarenas_OTROS_Hidrometereológico
-0.12622683575948962,0.9297835792364155,12928,GPD,tail,21.39793168391183,0.090625,Puntarenas_OTROS_Hidrometereológico
-0.12622683575948962,0.9297835792364155,12929,GPD,tail,21.39793168391183,0.090625,Puntarenas_OTROS_Hidrometereológico
-0.12622683575948962,0.9297835792364155,12930,GPD,tail,21.39793168391183,0.090625,Puntarenas_OTROS_Hidrometereológico
-0.12622683575948962,0.9297835792364155,12931,GPD,tail,21.39793168391183,0.090625,Puntarenas_OTROS_Hidrometereológico
-0.12622683575948962,0.9297835792364155,12932,GPD,tail,21.39793168391183,0.090625,Puntarenas_OTROS_Hidrometereológico
-0.12622683575948962,0.9297835792364155,12933,GPD,tail,21.39793168391183,0.090625,Puntarenas_OTROS_Hidrometereológico
-0.12622683575948962,0.9297835792364155,12934,GPD,tail,21.39793168391183,0.090625,Puntarenas_OTROS_Hidrometereológico
-0.12622683575948962,0.9297835792364155,12935,GPD,tail,21.39793168391183,0.090625,Puntarenas_OTROS_Hidrometereológico
-0.13574595117228133,0.9323781568380074,12936,GPD,tail,21.39793168391183,0.090625,Puntarenas_OTROS_Hidrometereológico
-0.13574595117228133,0.9323781568380074,12937,GPD,tail,21.39793168391183,0.090625,Puntarenas_OTROS_Hidrometereológico
-0.13574595117228133,0.9323781568380074,12938,GPD,tail,21.39793168391183,0.090625,Puntarenas_OTROS_Hidrometereológico
-0.13574595117228133,0.9323781568380074,12939,GPD,tail,21.39793168391183,0.090625,Puntarenas_OTROS_Hidrometereológico
-0.13574595117228133,0.9323781568380074,12940,GPD,tail,21.39793168391183,0.090625,Puntarenas_OTROS_Hidrometereológico
-0.13574595117228133,0.9323781568380074,12941,GPD,tail,21.39793168391183,0.090625,Puntarenas_OTROS_Hidrometereológico
-0.09146069744409926,0.8663156955491647,12942,GPD,tail,21.39793168391183,0.090625,Puntarenas_OTROS_Hidrometereológico
-0.09146069744409926,0.8663156955491647,12943,GPD,tail,21.39793168391183,0.090625,Puntarenas_OTROS_Hidrometereológico
-0.09146069744409926,0.8663156955491647,12944,GPD,tail,21.39793168391183,0.090625,Puntarenas_OTROS_Hidrometereológico
-0.09146069744409926,0.8663156955491647,12945,GPD,tail,21.39793168391183,0.090625,Puntarenas_OTROS_Hidrometereológico
-0.09146069744409926,0.8663156955491647,12946,GPD,tail,21.39793168391183,0.090625,Puntarenas_OTROS_Hidrometereológico
-0.09146069744409926,0.8663156955491647,12947,GPD,tail,21.39793168391183,0.090625,Puntarenas_OTROS_Hidrometereológico
-0.09146069744409926,0.8663156955491647,12948,GPD,tail,21.39793168391183,0.090625,Puntarenas_OTROS_Hidrometereológico
-0.09146069744409926,0.8663156955491647,12949,GPD,tail,21.39793168391183,0.090625,Puntarenas_OTROS_Hidrometereológico
-0.09146069744409926,0.8663156955491647,12950,GPD,tail,21.39793168391183,0.090625,Puntarenas_OTROS_Hidrometereológico
-0.09146069744409926,0.8663156955491647,12951,GPD,tail,21.39793168391183,0.090625,Puntarenas_OTROS_Hidrometereológico
-0.09146069744409926,0.8663156955491647,12952,GPD,tail,21.39793168391183,0.090625,Puntarenas_OTROS_Hidrometereológico
-0.09146069744409926,0.8663156955491647,12953,GPD,tail,21.39793168391183,0.090625,Puntarenas_OTROS_Hidrometereológico
-0.09146069744409926,0.8663156955491647,12954,GPD,tail,21.39793168391183,0.090625,Puntarenas_OTROS_Hidrometereológico
-0.09146069744409926,0.8663156955491647,12955,GPD,tail,21.39793168391183,0.090625,Puntarenas_OTROS_Hidrometereológico
-0.09146069744409926,0.8663156955491647,12956,GPD,tail,21.39793168391183,0.090625,Puntarenas_OTROS_Hidrometereológico
-0.09146069744409926,0.8663156955491647,12957,GPD,tail,21.39793168391183,0.090625,Puntarenas_OTROS_Hidrometereológico
-0.09146069744409926,0.8663156955491647,12958,GPD,tail,21.39793168391183,0.090625,Puntarenas_OTROS_Hidrometereológico
-0.09146069744409926,0.8663156955491647,12959,GPD,tail,21.39793168391183,0.090625,Puntarenas_OTROS_Hidrometereológico
-0.09146069744409926,0.8663156955491647,12960,GPD,tail,21.39793168391183,0.090625,Puntarenas_OTROS_Hidrometereológico
-0.09146069744409926,0.8663156955491647,12961,GPD,tail,21.39793168391183,0.090625,Puntarenas_OTROS_Hidrometereológico
-0.09146069744409926,0.8663156955491647,12962,GPD,tail,21.39793168391183,0.090625,Puntarenas_OTROS_Hidrometereológico
-0.09146069744409926,0.8663156955491647,12963,GPD,tail,21.39793168391183,0.090625,Puntarenas_OTROS_Hidrometereológico
-0.09146069744409926,0.8663156955491647,12964,GPD,tail,21.39793168391183,0.090625,Puntarenas_OTROS_Hidrometereológico
-0.09146069744409926,0.8663156955491647,12965,GPD,tail,21.39793168391183,0.090625,Puntarenas_OTROS_Hidrometereológico
-0.09146069744409926,0.8663156955491647,12966,GPD,tail,21.39793168391183,0.090625,Puntarenas_OTROS_Hidrometereológico
-0.09146069744409926,0.8663156955491647,12967,GPD,tail,21.39793168391183,0.090625,Puntarenas_OTROS_Hidrometereológico
-0.09146069744409926,0.8663156955491647,12968,GPD,tail,21.39793168391183,0.090625,Puntarenas_OTROS_Hidrometereológico
-0.09146069744409926,0.8663156955491647,12969,GPD,tail,21.39793168391183,0.090625,Puntarenas_OTROS_Hidrometereológico
-0.09146069744409926,0.8663156955491647,12970,GPD,tail,21.39793168391183,0.090625,Puntarenas_OTROS_Hidrometereológico
-0.09146069744409926,0.8663156955491647,12971,GPD,tail,21.39793168391183,0.090625,Puntarenas_OTROS_Hidrometereológico
-0.09146069744409926,0.8663156955491647,12972,GPD,tail,21.39793168391183,0.090625,Puntarenas_OTROS_Hidrometereológico
-0.09146069744409926,0.8663156955491647,12973,GPD,tail,21.39793168391183,0.090625,Puntarenas_OTROS_Hidrometereológico
-0.09146069744409926,0.8663156955491647,12974,GPD,tail,21.39793168391183,0.090625,Puntarenas_OTROS_Hidrometereológico
-0.09146069744409926,0.8663156955491647,12975,GPD,tail,21.39793168391183,0.090625,Puntarenas_OTROS_Hidrometereológico
-0.09146069744409926,0.8663156955491647,12976,GPD,tail,21.39793168391183,0.090625,Puntarenas_OTROS_Hidrometereológico
-0.09146069744409926,0.8663156955491647,12977,GPD,tail,21.39793168391183,0.090625,Puntarenas_OTROS_Hidrometereológico
-0.09146069744409926,0.8663156955491647,12978,GPD,tail,21.39793168391183,0.090625,Puntarenas_OTROS_Hidrometereológico
-0.09146069744409926,0.8663156955491647,12979,GPD,tail,21.39793168391183,0.090625,Puntarenas_OTROS_Hidrometereológico
-0.06086377015792651,0.747085972235559,12980,GPD,tail,21.39793168391183,0.090625,Puntarenas_OTROS_Hidrometereológico
-0.06086377015792651,0.747085972235559,12981,GPD,tail,21.39793168391183,0.090625,Puntarenas_OTROS_Hidrometereológico
-0.1448771591937714,1.0306995111482655,12982,GPD,tail,21.39793168391183,0.090625,Puntarenas_OTROS_Hidrometereológico
-0.1448771591937714,1.0306995111482655,12983,GPD,tail,21.39793168391183,0.090625,Puntarenas_OTROS_Hidrometereológico
-0.09035997164071184,0.7845868501070223,12984,GPD,tail,21.39793168391183,0.090625,Puntarenas_OTROS_Hidrometereológico
-0.09035997164071184,0.7845868501070223,12985,GPD,tail,21.39793168391183,0.090625,Puntarenas_OTROS_Hidrometereológico
-0.09035997164071184,0.7845868501070223,12986,GPD,tail,21.39793168391183,0.090625,Puntarenas_OTROS_Hidrometereológico
-0.09035997164071184,0.7845868501070223,12987,GPD,tail,21.39793168391183,0.090625,Puntarenas_OTROS_Hidrometereológico
-0.09035997164071184,0.7845868501070223,12988,GPD,tail,21.39793168391183,0.090625,Puntarenas_OTROS_Hidrometereológico
-0.09035997164071184,0.7845868501070223,12989,GPD,tail,21.39793168391183,0.090625,Puntarenas_OTROS_Hidrometereológico
-0.09035997164071184,0.7845868501070223,12990,GPD,tail,21.39793168391183,0.090625,Puntarenas_OTROS_Hidrometereológico
-0.13639668303580738,0.8335245592090986,12991,GPD,tail,21.39793168391183,0.090625,Puntarenas_OTROS_Hidrometereológico
-0.13639668303580738,0.8335245592090986,12992,GPD,tail,21.39793168391183,0.090625,Puntarenas_OTROS_Hidrometereológico
-0.13639668303580738,0.8335245592090986,12993,GPD,tail,21.39793168391183,0.090625,Puntarenas_OTROS_Hidrometereológico
-0.13639668303580738,0.8335245592090986,12994,GPD,tail,21.39793168391183,0.090625,Puntarenas_OTROS_Hidrometereológico
-0.13639668303580738,0.8335245592090986,12995,GPD,tail,21.39793168391183,0.090625,Puntarenas_OTROS_Hidrometereológico
-0.13639668303580738,0.8335245592090986,12996,GPD,tail,21.39793168391183,0.090625,Puntarenas_OTROS_Hidrometereológico
-0.13639668303580738,0.8335245592090986,12997,GPD,tail,21.39793168391183,0.090625,Puntarenas_OTROS_Hidrometereológico
-0.13639668303580738,0.8335245592090986,12998,GPD,tail,21.39793168391183,0.090625,Puntarenas_OTROS_Hidrometereológico
-0.0862350762451423,0.9172283215631022,12999,GPD,tail,21.39793168391183,0.090625,Puntarenas_OTROS_Hidrometereológico
-0.0862350762451423,0.9172283215631022,13000,GPD,tail,21.39793168391183,0.090625,Puntarenas_OTROS_Hidrometereológico
-0.0862350762451423,0.9172283215631022,13001,GPD,tail,21.39793168391183,0.090625,Puntarenas_OTROS_Hidrometereológico
-0.0862350762451423,0.9172283215631022,13002,GPD,tail,21.39793168391183,0.090625,Puntarenas_OTROS_Hidrometereológico
-0.0862350762451423,0.9172283215631022,13003,GPD,tail,21.39793168391183,0.090625,Puntarenas_OTROS_Hidrometereológico
-0.0862350762451423,0.9172283215631022,13004,GPD,tail,21.39793168391183,0.090625,Puntarenas_OTROS_Hidrometereológico
-0.0862350762451423,0.9172283215631022,13005,GPD,tail,21.39793168391183,0.090625,Puntarenas_OTROS_Hidrometereológico
-0.0862350762451423,0.9172283215631022,13006,GPD,tail,21.39793168391183,0.090625,Puntarenas_OTROS_Hidrometereológico
-0.0862350762451423,0.9172283215631022,13007,GPD,tail,21.39793168391183,0.090625,Puntarenas_OTROS_Hidrometereológico
-0.0862350762451423,0.9172283215631022,13008,GPD,tail,21.39793168391183,0.090625,Puntarenas_OTROS_Hidrometereológico
-0.0862350762451423,0.9172283215631022,13009,GPD,tail,21.39793168391183,0.090625,Puntarenas_OTROS_Hidrometereológico
-0.0862350762451423,0.9172283215631022,13010,GPD,tail,21.39793168391183,0.090625,Puntarenas_OTROS_Hidrometereológico
-0.0862350762451423,0.9172283215631022,13011,GPD,tail,21.39793168391183,0.090625,Puntarenas_OTROS_Hidrometereológico
-0.0862350762451423,0.9172283215631022,13012,GPD,tail,21.39793168391183,0.090625,Puntarenas_OTROS_Hidrometereológico
-0.0862350762451423,0.9172283215631022,13013,GPD,tail,21.39793168391183,0.090625,Puntarenas_OTROS_Hidrometereológico
-0.0862350762451423,0.9172283215631022,13014,GPD,tail,21.39793168391183,0.090625,Puntarenas_OTROS_Hidrometereológico
-0.0862350762451423,0.9172283215631022,13015,GPD,tail,21.39793168391183,0.090625,Puntarenas_OTROS_Hidrometereológico
-0.0862350762451423,0.9172283215631022,13016,GPD,tail,21.39793168391183,0.090625,Puntarenas_OTROS_Hidrometereológico
-0.0862350762451423,0.9172283215631022,13017,GPD,tail,21.39793168391183,0.090625,Puntarenas_OTROS_Hidrometereológico
-0.0862350762451423,0.9172283215631022,13018,GPD,tail,21.39793168391183,0.090625,Puntarenas_OTROS_Hidrometereológico
-0.0862350762451423,0.9172283215631022,13019,GPD,tail,21.39793168391183,0.090625,Puntarenas_OTROS_Hidrometereológico
-0.0862350762451423,0.9172283215631022,13020,GPD,tail,21.39793168391183,0.090625,Puntarenas_OTROS_Hidrometereológico
-0.0862350762451423,0.9172283215631022,13021,GPD,tail,21.39793168391183,0.090625,Puntarenas_OTROS_Hidrometereológico
-0.0862350762451423,0.9172283215631022,13022,GPD,tail,21.39793168391183,0.090625,Puntarenas_OTROS_Hidrometereológico
-0.0862350762451423,0.9172283215631022,13023,GPD,tail,21.39793168391183,0.090625,Puntarenas_OTROS_Hidrometereológico
-0.0862350762451423,0.9172283215631022,13024,GPD,tail,21.39793168391183,0.090625,Puntarenas_OTROS_Hidrometereológico
-0.0862350762451423,0.9172283215631022,13025,GPD,tail,21.39793168391183,0.090625,Puntarenas_OTROS_Hidrometereológico
-0.0862350762451423,0.9172283215631022,13026,GPD,tail,21.39793168391183,0.090625,Puntarenas_OTROS_Hidrometereológico
-0.0862350762451423,0.9172283215631022,13027,GPD,tail,21.39793168391183,0.090625,Puntarenas_OTROS_Hidrometereológico
-0.0862350762451423,0.9172283215631022,13028,GPD,tail,21.39793168391183,0.090625,Puntarenas_OTROS_Hidrometereológico
-0.0862350762451423,0.9172283215631022,13029,GPD,tail,21.39793168391183,0.090625,Puntarenas_OTROS_Hidrometereológico
-0.0862350762451423,0.9172283215631022,13030,GPD,tail,21.39793168391183,0.090625,Puntarenas_OTROS_Hidrometereológico
-0.0862350762451423,0.9172283215631022,13031,GPD,tail,21.39793168391183,0.090625,Puntarenas_OTROS_Hidrometereológico
-0.0862350762451423,0.9172283215631022,13032,GPD,tail,21.39793168391183,0.090625,Puntarenas_OTROS_Hidrometereológico
-0.0862350762451423,0.9172283215631022,13033,GPD,tail,21.39793168391183,0.090625,Puntarenas_OTROS_Hidrometereológico
-0.0862350762451423,0.9172283215631022,13034,GPD,tail,21.39793168391183,0.090625,Puntarenas_OTROS_Hidrometereológico
-0.0862350762451423,0.9172283215631022,13035,GPD,tail,21.39793168391183,0.090625,Puntarenas_OTROS_Hidrometereológico
-0.0862350762451423,0.9172283215631022,13036,GPD,tail,21.39793168391183,0.090625,Puntarenas_OTROS_Hidrometereológico
-0.0862350762451423,0.9172283215631022,13037,GPD,tail,21.39793168391183,0.090625,Puntarenas_OTROS_Hidrometereológico
-0.0862350762451423,0.9172283215631022,13038,GPD,tail,21.39793168391183,0.090625,Puntarenas_OTROS_Hidrometereológico
-0.13565420755580487,1.097924529001295,13039,GPD,tail,21.39793168391183,0.090625,Puntarenas_OTROS_Hidrometereológico
-0.13565420755580487,1.097924529001295,13040,GPD,tail,21.39793168391183,0.090625,Puntarenas_OTROS_Hidrometereológico
-0.13565420755580487,1.097924529001295,13041,GPD,tail,21.39793168391183,0.090625,Puntarenas_OTROS_Hidrometereológico
-0.13565420755580487,1.097924529001295,13042,GPD,tail,21.39793168391183,0.090625,Puntarenas_OTROS_Hidrometereológico
-0.13565420755580487,1.097924529001295,13043,GPD,tail,21.39793168391183,0.090625,Puntarenas_OTROS_Hidrometereológico
-0.13565420755580487,1.097924529001295,13044,GPD,tail,21.39793168391183,0.090625,Puntarenas_OTROS_Hidrometereológico
-0.13565420755580487,1.097924529001295,13045,GPD,tail,21.39793168391183,0.090625,Puntarenas_OTROS_Hidrometereológico
-0.13565420755580487,1.097924529001295,13046,GPD,tail,21.39793168391183,0.090625,Puntarenas_OTROS_Hidrometereológico
-0.17060950351202553,0.9556094785211352,13047,GPD,tail,21.39793168391183,0.090625,Puntarenas_OTROS_Hidrometereológico
-0.17060950351202553,0.9556094785211352,13048,GPD,tail,21.39793168391183,0.090625,Puntarenas_OTROS_Hidrometereológico
-0.17060950351202553,0.9556094785211352,13049,GPD,tail,21.39793168391183,0.090625,Puntarenas_OTROS_Hidrometereológico
-0.17060950351202553,0.9556094785211352,13050,GPD,tail,21.39793168391183,0.090625,Puntarenas_OTROS_Hidrometereológico
-0.17060950351202553,0.9556094785211352,13051,GPD,tail,21.39793168391183,0.090625,Puntarenas_OTROS_Hidrometereológico
-0.17060950351202553,0.9556094785211352,13052,GPD,tail,21.39793168391183,0.090625,Puntarenas_OTROS_Hidrometereológico
-0.17060950351202553,0.9556094785211352,13053,GPD,tail,21.39793168391183,0.090625,Puntarenas_OTROS_Hidrometereológico
-0.17060950351202553,0.9556094785211352,13054,GPD,tail,21.39793168391183,0.090625,Puntarenas_OTROS_Hidrometereológico
-0.17060950351202553,0.9556094785211352,13055,GPD,tail,21.39793168391183,0.090625,Puntarenas_OTROS_Hidrometereológico
-0.17060950351202553,0.9556094785211352,13056,GPD,tail,21.39793168391183,0.090625,Puntarenas_OTROS_Hidrometereológico
-0.17060950351202553,0.9556094785211352,13057,GPD,tail,21.39793168391183,0.090625,Puntarenas_OTROS_Hidrometereológico
-0.17060950351202553,0.9556094785211352,13058,GPD,tail,21.39793168391183,0.090625,Puntarenas_OTROS_Hidrometereológico
-0.17060950351202553,0.9556094785211352,13059,GPD,tail,21.39793168391183,0.090625,Puntarenas_OTROS_Hidrometereológico
-0.17060950351202553,0.9556094785211352,13060,GPD,tail,21.39793168391183,0.090625,Puntarenas_OTROS_Hidrometereológico
-0.17060950351202553,0.9556094785211352,13061,GPD,tail,21.39793168391183,0.090625,Puntarenas_OTROS_Hidrometereológico
-0.08525406863764848,0.9724238427000728,13062,GPD,tail,21.39793168391183,0.090625,Puntarenas_OTROS_Hidrometereológico
-0.08525406863764848,0.9724238427000728,13063,GPD,tail,21.39793168391183,0.090625,Puntarenas_OTROS_Hidrometereológico
-0.08525406863764848,0.9724238427000728,13064,GPD,tail,21.39793168391183,0.090625,Puntarenas_OTROS_Hidrometereológico
-0.08525406863764848,0.9724238427000728,13065,GPD,tail,21.39793168391183,0.090625,Puntarenas_OTROS_Hidrometereológico
-0.08525406863764848,0.9724238427000728,13066,GPD,tail,21.39793168391183,0.090625,Puntarenas_OTROS_Hidrometereológico
-0.08525406863764848,0.9724238427000728,13067,GPD,tail,21.39793168391183,0.090625,Puntarenas_OTROS_Hidrometereológico
-0.08525406863764848,0.9724238427000728,13068,GPD,tail,21.39793168391183,0.090625,Puntarenas_OTROS_Hidrometereológico
-0.08525406863764848,0.9724238427000728,13069,GPD,tail,21.39793168391183,0.090625,Puntarenas_OTROS_Hidrometereológico
-0.08525406863764848,0.9724238427000728,13070,GPD,tail,21.39793168391183,0.090625,Puntarenas_OTROS_Hidrometereológico
-0.08525406863764848,0.9724238427000728,13071,GPD,tail,21.39793168391183,0.090625,Puntarenas_OTROS_Hidrometereológico
-0.08525406863764848,0.9724238427000728,13072,GPD,tail,21.39793168391183,0.090625,Puntarenas_OTROS_Hidrometereológico
-0.08525406863764848,0.9724238427000728,13073,GPD,tail,21.39793168391183,0.090625,Puntarenas_OTROS_Hidrometereológico
-0.1875314986596468,1.0609215247782482,13074,GPD,tail,21.39793168391183,0.090625,Puntarenas_OTROS_Hidrometereológico
-0.1875314986596468,1.0609215247782482,13075,GPD,tail,21.39793168391183,0.090625,Puntarenas_OTROS_Hidrometereológico
-0.10288747769020104,0.859545855400544,13076,GPD,tail,21.39793168391183,0.090625,Puntarenas_OTROS_Hidrometereológico
-0.10288747769020104,0.859545855400544,13077,GPD,tail,21.39793168391183,0.090625,Puntarenas_OTROS_Hidrometereológico
-0.10288747769020104,0.859545855400544,13078,GPD,tail,21.39793168391183,0.090625,Puntarenas_OTROS_Hidrometereológico
-0.10288747769020104,0.859545855400544,13079,GPD,tail,21.39793168391183,0.090625,Puntarenas_OTROS_Hidrometereológico
-0.10288747769020104,0.859545855400544,13080,GPD,tail,21.39793168391183,0.090625,Puntarenas_OTROS_Hidrometereológico
-0.07931672011391115,0.935530787142731,13081,GPD,tail,21.39793168391183,0.090625,Puntarenas_OTROS_Hidrometereológico
-0.07931672011391115,0.935530787142731,13082,GPD,tail,21.39793168391183,0.090625,Puntarenas_OTROS_Hidrometereológico
-0.07931672011391115,0.935530787142731,13083,GPD,tail,21.39793168391183,0.090625,Puntarenas_OTROS_Hidrometereológico
-0.14548164983465345,0.9216689150683185,13084,GPD,tail,21.39793168391183,0.090625,Puntarenas_OTROS_Hidrometereológico
-0.14548164983465345,0.9216689150683185,13085,GPD,tail,21.39793168391183,0.090625,Puntarenas_OTROS_Hidrometereológico
-0.14548164983465345,0.9216689150683185,13086,GPD,tail,21.39793168391183,0.090625,Puntarenas_OTROS_Hidrometereológico
-0.14548164983465345,0.9216689150683185,13087,GPD,tail,21.39793168391183,0.090625,Puntarenas_OTROS_Hidrometereológico
-0.14548164983465345,0.9216689150683185,13088,GPD,tail,21.39793168391183,0.090625,Puntarenas_OTROS_Hidrometereológico
-0.14548164983465345,0.9216689150683185,13089,GPD,tail,21.39793168391183,0.090625,Puntarenas_OTROS_Hidrometereológico
-0.14548164983465345,0.9216689150683185,13090,GPD,tail,21.39793168391183,0.090625,Puntarenas_OTROS_Hidrometereológico
-0.14548164983465345,0.9216689150683185,13091,GPD,tail,21.39793168391183,0.090625,Puntarenas_OTROS_Hidrometereológico
-0.14548164983465345,0.9216689150683185,13092,GPD,tail,21.39793168391183,0.090625,Puntarenas_OTROS_Hidrometereológico
-0.14548164983465345,0.9216689150683185,13093,GPD,tail,21.39793168391183,0.090625,Puntarenas_OTROS_Hidrometereológico
-0.14548164983465345,0.9216689150683185,13094,GPD,tail,21.39793168391183,0.090625,Puntarenas_OTROS_Hidrometereológico
-0.14548164983465345,0.9216689150683185,13095,GPD,tail,21.39793168391183,0.090625,Puntarenas_OTROS_Hidrometereológico
-0.15021976753685878,0.935426412078525,13096,GPD,tail,21.39793168391183,0.090625,Puntarenas_OTROS_Hidrometereológico
-0.15021976753685878,0.935426412078525,13097,GPD,tail,21.39793168391183,0.090625,Puntarenas_OTROS_Hidrometereológico
-0.15021976753685878,0.935426412078525,13098,GPD,tail,21.39793168391183,0.090625,Puntarenas_OTROS_Hidrometereológico
-0.15021976753685878,0.935426412078525,13099,GPD,tail,21.39793168391183,0.090625,Puntarenas_OTROS_Hidrometereológico
-0.15021976753685878,0.935426412078525,13100,GPD,tail,21.39793168391183,0.090625,Puntarenas_OTROS_Hidrometereológico
-0.15021976753685878,0.935426412078525,13101,GPD,tail,21.39793168391183,0.090625,Puntarenas_OTROS_Hidrometereológico
-0.15021976753685878,0.935426412078525,13102,GPD,tail,21.39793168391183,0.090625,Puntarenas_OTROS_Hidrometereológico
-0.15021976753685878,0.935426412078525,13103,GPD,tail,21.39793168391183,0.090625,Puntarenas_OTROS_Hidrometereológico
-0.15021976753685878,0.935426412078525,13104,GPD,tail,21.39793168391183,0.090625,Puntarenas_OTROS_Hidrometereológico
-0.15021976753685878,0.935426412078525,13105,GPD,tail,21.39793168391183,0.090625,Puntarenas_OTROS_Hidrometereológico
-0.15021976753685878,0.935426412078525,13106,GPD,tail,21.39793168391183,0.090625,Puntarenas_OTROS_Hidrometereológico
-0.15021976753685878,0.935426412078525,13107,GPD,tail,21.39793168391183,0.090625,Puntarenas_OTROS_Hidrometereológico
-0.15021976753685878,0.935426412078525,13108,GPD,tail,21.39793168391183,0.090625,Puntarenas_OTROS_Hidrometereológico
-0.15021976753685878,0.935426412078525,13109,GPD,tail,21.39793168391183,0.090625,Puntarenas_OTROS_Hidrometereológico
-0.15021976753685878,0.935426412078525,13110,GPD,tail,21.39793168391183,0.090625,Puntarenas_OTROS_Hidrometereológico
-0.15021976753685878,0.935426412078525,13111,GPD,tail,21.39793168391183,0.090625,Puntarenas_OTROS_Hidrometereológico
-0.15021976753685878,0.935426412078525,13112,GPD,tail,21.39793168391183,0.090625,Puntarenas_OTROS_Hidrometereológico
-0.15021976753685878,0.935426412078525,13113,GPD,tail,21.39793168391183,0.090625,Puntarenas_OTROS_Hidrometereológico
-0.15021976753685878,0.935426412078525,13114,GPD,tail,21.39793168391183,0.090625,Puntarenas_OTROS_Hidrometereológico
-0.15021976753685878,0.935426412078525,13115,GPD,tail,21.39793168391183,0.090625,Puntarenas_OTROS_Hidrometereológico
-0.15021976753685878,0.935426412078525,13116,GPD,tail,21.39793168391183,0.090625,Puntarenas_OTROS_Hidrometereológico
-0.15021976753685878,0.935426412078525,13117,GPD,tail,21.39793168391183,0.090625,Puntarenas_OTROS_Hidrometereológico
-0.15021976753685878,0.935426412078525,13118,GPD,tail,21.39793168391183,0.090625,Puntarenas_OTROS_Hidrometereológico
-0.15021976753685878,0.935426412078525,13119,GPD,tail,21.39793168391183,0.090625,Puntarenas_OTROS_Hidrometereológico
-0.15021976753685878,0.935426412078525,13120,GPD,tail,21.39793168391183,0.090625,Puntarenas_OTROS_Hidrometereológico
-0.15021976753685878,0.935426412078525,13121,GPD,tail,21.39793168391183,0.090625,Puntarenas_OTROS_Hidrometereológico
-0.15021976753685878,0.935426412078525,13122,GPD,tail,21.39793168391183,0.090625,Puntarenas_OTROS_Hidrometereológico
-0.15021976753685878,0.935426412078525,13123,GPD,tail,21.39793168391183,0.090625,Puntarenas_OTROS_Hidrometereológico
-0.15021976753685878,0.935426412078525,13124,GPD,tail,21.39793168391183,0.090625,Puntarenas_OTROS_Hidrometereológico
-0.15021976753685878,0.935426412078525,13125,GPD,tail,21.39793168391183,0.090625,Puntarenas_OTROS_Hidrometereológico
-0.15021976753685878,0.935426412078525,13126,GPD,tail,21.39793168391183,0.090625,Puntarenas_OTROS_Hidrometereológico
-0.15021976753685878,0.935426412078525,13127,GPD,tail,21.39793168391183,0.090625,Puntarenas_OTROS_Hidrometereológico
-0.15021976753685878,0.935426412078525,13128,GPD,tail,21.39793168391183,0.090625,Puntarenas_OTROS_Hidrometereológico
-0.15021976753685878,0.935426412078525,13129,GPD,tail,21.39793168391183,0.090625,Puntarenas_OTROS_Hidrometereológico
-0.15021976753685878,0.935426412078525,13130,GPD,tail,21.39793168391183,0.090625,Puntarenas_OTROS_Hidrometereológico
-0.15021976753685878,0.935426412078525,13131,GPD,tail,21.39793168391183,0.090625,Puntarenas_OTROS_Hidrometereológico
-0.15021976753685878,0.935426412078525,13132,GPD,tail,21.39793168391183,0.090625,Puntarenas_OTROS_Hidrometereológico
-0.15021976753685878,0.935426412078525,13133,GPD,tail,21.39793168391183,0.090625,Puntarenas_OTROS_Hidrometereológico
-0.15021976753685878,0.935426412078525,13134,GPD,tail,21.39793168391183,0.090625,Puntarenas_OTROS_Hidrometereológico
-0.15021976753685878,0.935426412078525,13135,GPD,tail,21.39793168391183,0.090625,Puntarenas_OTROS_Hidrometereológico
-0.02390387756982948,0.9430903300375995,13136,GPD,tail,21.39793168391183,0.090625,Puntarenas_OTROS_Hidrometereológico
-0.02390387756982948,0.9430903300375995,13137,GPD,tail,21.39793168391183,0.090625,Puntarenas_OTROS_Hidrometereológico
0.038180863790007374,0.7805049579725716,13138,GPD,tail,21.39793168391183,0.090625,Puntarenas_OTROS_Hidrometereológico
0.038180863790007374,0.7805049579725716,13139,GPD,tail,21.39793168391183,0.090625,Puntarenas_OTROS_Hidrometereológico
0.038180863790007374,0.7805049579725716,13140,GPD,tail,21.39793168391183,0.090625,Puntarenas_OTROS_Hidrometereológico
0.038180863790007374,0.7805049579725716,13141,GPD,tail,21.39793168391183,0.090625,Puntarenas_OTROS_Hidrometereológico
0.038180863790007374,0.7805049579725716,13142,GPD,tail,21.39793168391183,0.090625,Puntarenas_OTROS_Hidrometereológico
0.038180863790007374,0.7805049579725716,13143,GPD,tail,21.39793168391183,0.090625,Puntarenas_OTROS_Hidrometereológico
0.038180863790007374,0.7805049579725716,13144,GPD,tail,21.39793168391183,0.090625,Puntarenas_OTROS_Hidrometereológico
0.038180863790007374,0.7805049579725716,13145,GPD,tail,21.39793168391183,0.090625,Puntarenas_OTROS_Hidrometereológico
0.038180863790007374,0.7805049579725716,13146,GPD,tail,21.39793168391183,0.090625,Puntarenas_OTROS_Hidrometereológico
0.038180863790007374,0.7805049579725716,13147,GPD,tail,21.39793168391183,0.090625,Puntarenas_OTROS_Hidrometereológico
0.038180863790007374,0.7805049579725716,13148,GPD,tail,21.39793168391183,0.090625,Puntarenas_OTROS_Hidrometereológico
0.038180863790007374,0.7805049579725716,13149,GPD,tail,21.39793168391183,0.090625,Puntarenas_OTROS_Hidrometereológico
0.038180863790007374,0.7805049579725716,13150,GPD,tail,21.39793168391183,0.090625,Puntarenas_OTROS_Hidrometereológico
0.007796773264073353,0.8328707960114262,13151,GPD,tail,21.39793168391183,0.090625,Puntarenas_OTROS_Hidrometereológico
0.007796773264073353,0.8328707960114262,13152,GPD,tail,21.39793168391183,0.090625,Puntarenas_OTROS_Hidrometereológico
0.007796773264073353,0.8328707960114262,13153,GPD,tail,21.39793168391183,0.090625,Puntarenas_OTROS_Hidrometereológico
0.007796773264073353,0.8328707960114262,13154,GPD,tail,21.39793168391183,0.090625,Puntarenas_OTROS_Hidrometereológico
0.007796773264073353,0.8328707960114262,13155,GPD,tail,21.39793168391183,0.090625,Puntarenas_OTROS_Hidrometereológico
0.007796773264073353,0.8328707960114262,13156,GPD,tail,21.39793168391183,0.090625,Puntarenas_OTROS_Hidrometereológico
0.007796773264073353,0.8328707960114262,13157,GPD,tail,21.39793168391183,0.090625,Puntarenas_OTROS_Hidrometereológico
0.007796773264073353,0.8328707960114262,13158,GPD,tail,21.39793168391183,0.090625,Puntarenas_OTROS_Hidrometereológico
0.007796773264073353,0.8328707960114262,13159,GPD,tail,21.39793168391183,0.090625,Puntarenas_OTROS_Hidrometereológico
0.007796773264073353,0.8328707960114262,13160,GPD,tail,21.39793168391183,0.090625,Puntarenas_OTROS_Hidrometereológico
0.007796773264073353,0.8328707960114262,13161,GPD,tail,21.39793168391183,0.090625,Puntarenas_OTROS_Hidrometereológico
0.007796773264073353,0.8328707960114262,13162,GPD,tail,21.39793168391183,0.090625,Puntarenas_OTROS_Hidrometereológico
0.007796773264073353,0.8328707960114262,13163,GPD,tail,21.39793168391183,0.090625,Puntarenas_OTROS_Hidrometereológico
0.007796773264073353,0.8328707960114262,13164,GPD,tail,21.39793168391183,0.090625,Puntarenas_OTROS_Hidrometereológico
0.007796773264073353,0.8328707960114262,13165,GPD,tail,21.39793168391183,0.090625,Puntarenas_OTROS_Hidrometereológico
0.007796773264073353,0.8328707960114262,13166,GPD,tail,21.39793168391183,0.090625,Puntarenas_OTROS_Hidrometereológico
0.007796773264073353,0.8328707960114262,13167,GPD,tail,21.39793168391183,0.090625,Puntarenas_OTROS_Hidrometereológico
0.007796773264073353,0.8328707960114262,13168,GPD,tail,21.39793168391183,0.090625,Puntarenas_OTROS_Hidrometereológico
0.007796773264073353,0.8328707960114262,13169,GPD,tail,21.39793168391183,0.090625,Puntarenas_OTROS_Hidrometereológico
0.007796773264073353,0.8328707960114262,13170,GPD,tail,21.39793168391183,0.090625,Puntarenas_OTROS_Hidrometereológico
0.007796773264073353,0.8328707960114262,13171,GPD,tail,21.39793168391183,0.090625,Puntarenas_OTROS_Hidrometereológico
0.007796773264073353,0.8328707960114262,13172,GPD,tail,21.39793168391183,0.090625,Puntarenas_OTROS_Hidrometereológico
0.007796773264073353,0.8328707960114262,13173,GPD,tail,21.39793168391183,0.090625,Puntarenas_OTROS_Hidrometereológico
0.007796773264073353,0.8328707960114262,13174,GPD,tail,21.39793168391183,0.090625,Puntarenas_OTROS_Hidrometereológico
0.007796773264073353,0.8328707960114262,13175,GPD,tail,21.39793168391183,0.090625,Puntarenas_OTROS_Hidrometereológico
0.007796773264073353,0.8328707960114262,13176,GPD,tail,21.39793168391183,0.090625,Puntarenas_OTROS_Hidrometereológico
0.007796773264073353,0.8328707960114262,13177,GPD,tail,21.39793168391183,0.090625,Puntarenas_OTROS_Hidrometereológico
0.007796773264073353,0.8328707960114262,13178,GPD,tail,21.39793168391183,0.090625,Puntarenas_OTROS_Hidrometereológico
0.007796773264073353,0.8328707960114262,13179,GPD,tail,21.39793168391183,0.090625,Puntarenas_OTROS_Hidrometereológico
0.007796773264073353,0.8328707960114262,13180,GPD,tail,21.39793168391183,0.090625,Puntarenas_OTROS_Hidrometereológico
0.007796773264073353,0.8328707960114262,13181,GPD,tail,21.39793168391183,0.090625,Puntarenas_OTROS_Hidrometereológico
0.007796773264073353,0.8328707960114262,13182,GPD,tail,21.39793168391183,0.090625,Puntarenas_OTROS_Hidrometereológico
0.007796773264073353,0.8328707960114262,13183,GPD,tail,21.39793168391183,0.090625,Puntarenas_OTROS_Hidrometereológico
0.007796773264073353,0.8328707960114262,13184,GPD,tail,21.39793168391183,0.090625,Puntarenas_OTROS_Hidrometereológico
0.007796773264073353,0.8328707960114262,13185,GPD,tail,21.39793168391183,0.090625,Puntarenas_OTROS_Hidrometereológico
0.007796773264073353,0.8328707960114262,13186,GPD,tail,21.39793168391183,0.090625,Puntarenas_OTROS_Hidrometereológico
0.007796773264073353,0.8328707960114262,13187,GPD,tail,21.39793168391183,0.090625,Puntarenas_OTROS_Hidrometereológico
0.007796773264073353,0.8328707960114262,13188,GPD,tail,21.39793168391183,0.090625,Puntarenas_OTROS_Hidrometereológico
0.007796773264073353,0.8328707960114262,13189,GPD,tail,21.39793168391183,0.090625,Puntarenas_OTROS_Hidrometereológico
-0.14048475121705625,0.9947807363416933,13190,GPD,tail,21.39793168391183,0.090625,Puntarenas_OTROS_Hidrometereológico
-0.14048475121705625,0.9947807363416933,13191,GPD,tail,21.39793168391183,0.090625,Puntarenas_OTROS_Hidrometereológico
-0.14048475121705625,0.9947807363416933,13192,GPD,tail,21.39793168391183,0.090625,Puntarenas_OTROS_Hidrometereológico
-0.14048475121705625,0.9947807363416933,13193,GPD,tail,21.39793168391183,0.090625,Puntarenas_OTROS_Hidrometereológico
-0.08110418442282841,0.9234409104937538,13194,GPD,tail,21.39793168391183,0.090625,Puntarenas_OTROS_Hidrometereológico
-0.08110418442282841,0.9234409104937538,13195,GPD,tail,21.39793168391183,0.090625,Puntarenas_OTROS_Hidrometereológico
-0.08110418442282841,0.9234409104937538,13196,GPD,tail,21.39793168391183,0.090625,Puntarenas_OTROS_Hidrometereológico
-0.04286661128227249,0.899814289983591,13197,GPD,tail,21.39793168391183,0.090625,Puntarenas_OTROS_Hidrometereológico
-0.04286661128227249,0.899814289983591,13198,GPD,tail,21.39793168391183,0.090625,Puntarenas_OTROS_Hidrometereológico
-0.04286661128227249,0.899814289983591,13199,GPD,tail,21.39793168391183,0.090625,Puntarenas_OTROS_Hidrometereológico
-0.04286661128227249,0.899814289983591,13200,GPD,tail,21.39793168391183,0.090625,Puntarenas_OTROS_Hidrometereológico
-0.04785495069100143,0.8383101820335515,13201,GPD,tail,21.39793168391183,0.090625,Puntarenas_OTROS_Hidrometereológico
-0.04785495069100143,0.8383101820335515,13202,GPD,tail,21.39793168391183,0.090625,Puntarenas_OTROS_Hidrometereológico
-0.04785495069100143,0.8383101820335515,13203,GPD,tail,21.39793168391183,0.090625,Puntarenas_OTROS_Hidrometereológico
-0.04785495069100143,0.8383101820335515,13204,GPD,tail,21.39793168391183,0.090625,Puntarenas_OTROS_Hidrometereológico
-0.04785495069100143,0.8383101820335515,13205,GPD,tail,21.39793168391183,0.090625,Puntarenas_OTROS_Hidrometereológico
-0.04785495069100143,0.8383101820335515,13206,GPD,tail,21.39793168391183,0.090625,Puntarenas_OTROS_Hidrometereológico
-0.04785495069100143,0.8383101820335515,13207,GPD,tail,21.39793168391183,0.090625,Puntarenas_OTROS_Hidrometereológico
-0.04785495069100143,0.8383101820335515,13208,GPD,tail,21.39793168391183,0.090625,Puntarenas_OTROS_Hidrometereológico
-0.04785495069100143,0.8383101820335515,13209,GPD,tail,21.39793168391183,0.090625,Puntarenas_OTROS_Hidrometereológico
-0.04785495069100143,0.8383101820335515,13210,GPD,tail,21.39793168391183,0.090625,Puntarenas_OTROS_Hidrometereológico
-0.04785495069100143,0.8383101820335515,13211,GPD,tail,21.39793168391183,0.090625,Puntarenas_OTROS_Hidrometereológico
-0.04785495069100143,0.8383101820335515,13212,GPD,tail,21.39793168391183,0.090625,Puntarenas_OTROS_Hidrometereológico
-0.04785495069100143,0.8383101820335515,13213,GPD,tail,21.39793168391183,0.090625,Puntarenas_OTROS_Hidrometereológico
-0.04785495069100143,0.8383101820335515,13214,GPD,tail,21.39793168391183,0.090625,Puntarenas_OTROS_Hidrometereológico
-0.04785495069100143,0.8383101820335515,13215,GPD,tail,21.39793168391183,0.090625,Puntarenas_OTROS_Hidrometereológico
-0.04785495069100143,0.8383101820335515,13216,GPD,tail,21.39793168391183,0.090625,Puntarenas_OTROS_Hidrometereológico
-0.04785495069100143,0.8383101820335515,13217,GPD,tail,21.39793168391183,0.090625,Puntarenas_OTROS_Hidrometereológico
-0.04785495069100143,0.8383101820335515,13218,GPD,tail,21.39793168391183,0.090625,Puntarenas_OTROS_Hidrometereológico
-0.04785495069100143,0.8383101820335515,13219,GPD,tail,21.39793168391183,0.090625,Puntarenas_OTROS_Hidrometereológico
-0.04785495069100143,0.8383101820335515,13220,GPD,tail,21.39793168391183,0.090625,Puntarenas_OTROS_Hidrometereológico
-0.04785495069100143,0.8383101820335515,13221,GPD,tail,21.39793168391183,0.090625,Puntarenas_OTROS_Hidrometereológico
-0.04785495069100143,0.8383101820335515,13222,GPD,tail,21.39793168391183,0.090625,Puntarenas_OTROS_Hidrometereológico
-0.04785495069100143,0.8383101820335515,13223,GPD,tail,21.39793168391183,0.090625,Puntarenas_OTROS_Hidrometereológico
-0.04785495069100143,0.8383101820335515,13224,GPD,tail,21.39793168391183,0.090625,Puntarenas_OTROS_Hidrometereológico
-0.04785495069100143,0.8383101820335515,13225,GPD,tail,21.39793168391183,0.090625,Puntarenas_OTROS_Hidrometereológico
-0.04785495069100143,0.8383101820335515,13226,GPD,tail,21.39793168391183,0.090625,Puntarenas_OTROS_Hidrometereológico
-0.1390367364807607,0.938994423183529,13227,GPD,tail,21.39793168391183,0.090625,Puntarenas_OTROS_Hidrometereológico
-0.1390367364807607,0.938994423183529,13228,GPD,tail,21.39793168391183,0.090625,Puntarenas_OTROS_Hidrometereológico
-0.1390367364807607,0.938994423183529,13229,GPD,tail,21.39793168391183,0.090625,Puntarenas_OTROS_Hidrometereológico
-0.1390367364807607,0.938994423183529,13230,GPD,tail,21.39793168391183,0.090625,Puntarenas_OTROS_Hidrometereológico
-0.1390367364807607,0.938994423183529,13231,GPD,tail,21.39793168391183,0.090625,Puntarenas_OTROS_Hidrometereológico
-0.1390367364807607,0.938994423183529,13232,GPD,tail,21.39793168391183,0.090625,Puntarenas_OTROS_Hidrometereológico
-0.08496264367360964,0.9042277291582029,13233,GPD,tail,21.39793168391183,0.090625,Puntarenas_OTROS_Hidrometereológico
-0.08496264367360964,0.9042277291582029,13234,GPD,tail,21.39793168391183,0.090625,Puntarenas_OTROS_Hidrometereológico
-0.08496264367360964,0.9042277291582029,13235,GPD,tail,21.39793168391183,0.090625,Puntarenas_OTROS_Hidrometereológico
-0.1286390975390252,0.9123740373997024,13236,GPD,tail,21.39793168391183,0.090625,Puntarenas_OTROS_Hidrometereológico
-0.1286390975390252,0.9123740373997024,13237,GPD,tail,21.39793168391183,0.090625,Puntarenas_OTROS_Hidrometereológico
-0.1286390975390252,0.9123740373997024,13238,GPD,tail,21.39793168391183,0.090625,Puntarenas_OTROS_Hidrometereológico
-0.1286390975390252,0.9123740373997024,13239,GPD,tail,21.39793168391183,0.090625,Puntarenas_OTROS_Hidrometereológico
-0.1286390975390252,0.9123740373997024,13240,GPD,tail,21.39793168391183,0.090625,Puntarenas_OTROS_Hidrometereológico
-0.1286390975390252,0.9123740373997024,13241,GPD,tail,21.39793168391183,0.090625,Puntarenas_OTROS_Hidrometereológico
-0.1286390975390252,0.9123740373997024,13242,GPD,tail,21.39793168391183,0.090625,Puntarenas_OTROS_Hidrometereológico
-0.1286390975390252,0.9123740373997024,13243,GPD,tail,21.39793168391183,0.090625,Puntarenas_OTROS_Hidrometereológico
-0.1218952891306731,0.8491764625970151,13244,GPD,tail,21.39793168391183,0.090625,Puntarenas_OTROS_Hidrometereológico
-0.1218952891306731,0.8491764625970151,13245,GPD,tail,21.39793168391183,0.090625,Puntarenas_OTROS_Hidrometereológico
-0.1218952891306731,0.8491764625970151,13246,GPD,tail,21.39793168391183,0.090625,Puntarenas_OTROS_Hidrometereológico
-0.1218952891306731,0.8491764625970151,13247,GPD,tail,21.39793168391183,0.090625,Puntarenas_OTROS_Hidrometereológico
-0.1218952891306731,0.8491764625970151,13248,GPD,tail,21.39793168391183,0.090625,Puntarenas_OTROS_Hidrometereológico
-0.1218952891306731,0.8491764625970151,13249,GPD,tail,21.39793168391183,0.090625,Puntarenas_OTROS_Hidrometereológico
-0.14780573727310525,0.9416300892712338,13250,GPD,tail,21.39793168391183,0.090625,Puntarenas_OTROS_Hidrometereológico
-0.14780573727310525,0.9416300892712338,13251,GPD,tail,21.39793168391183,0.090625,Puntarenas_OTROS_Hidrometereológico
-0.14780573727310525,0.9416300892712338,13252,GPD,tail,21.39793168391183,0.090625,Puntarenas_OTROS_Hidrometereológico
-0.14780573727310525,0.9416300892712338,13253,GPD,tail,21.39793168391183,0.090625,Puntarenas_OTROS_Hidrometereológico
-0.14780573727310525,0.9416300892712338,13254,GPD,tail,21.39793168391183,0.090625,Puntarenas_OTROS_Hidrometereológico
-0.14780573727310525,0.9416300892712338,13255,GPD,tail,21.39793168391183,0.090625,Puntarenas_OTROS_Hidrometereológico
-0.14780573727310525,0.9416300892712338,13256,GPD,tail,21.39793168391183,0.090625,Puntarenas_OTROS_Hidrometereológico
-0.14780573727310525,0.9416300892712338,13257,GPD,tail,21.39793168391183,0.090625,Puntarenas_OTROS_Hidrometereológico
-0.14780573727310525,0.9416300892712338,13258,GPD,tail,21.39793168391183,0.090625,Puntarenas_OTROS_Hidrometereológico
-0.14780573727310525,0.9416300892712338,13259,GPD,tail,21.39793168391183,0.090625,Puntarenas_OTROS_Hidrometereológico
-0.14780573727310525,0.9416300892712338,13260,GPD,tail,21.39793168391183,0.090625,Puntarenas_OTROS_Hidrometereológico
-0.14780573727310525,0.9416300892712338,13261,GPD,tail,21.39793168391183,0.090625,Puntarenas_OTROS_Hidrometereológico
-0.14780573727310525,0.9416300892712338,13262,GPD,tail,21.39793168391183,0.090625,Puntarenas_OTROS_Hidrometereológico
-0.14780573727310525,0.9416300892712338,13263,GPD,tail,21.39793168391183,0.090625,Puntarenas_OTROS_Hidrometereológico
-0.14780573727310525,0.9416300892712338,13264,GPD,tail,21.39793168391183,0.090625,Puntarenas_OTROS_Hidrometereológico
-0.14780573727310525,0.9416300892712338,13265,GPD,tail,21.39793168391183,0.090625,Puntarenas_OTROS_Hidrometereológico
-0.14780573727310525,0.9416300892712338,13266,GPD,tail,21.39793168391183,0.090625,Puntarenas_OTROS_Hidrometereológico
-0.14780573727310525,0.9416300892712338,13267,GPD,tail,21.39793168391183,0.090625,Puntarenas_OTROS_Hidrometereológico
-0.14780573727310525,0.9416300892712338,13268,GPD,tail,21.39793168391183,0.090625,Puntarenas_OTROS_Hidrometereológico
-0.14780573727310525,0.9416300892712338,13269,GPD,tail,21.39793168391183,0.090625,Puntarenas_OTROS_Hidrometereológico
-0.05861080278265554,0.8366184659005372,13270,GPD,tail,21.39793168391183,0.090625,Puntarenas_OTROS_Hidrometereológico
-0.05861080278265554,0.8366184659005372,13271,GPD,tail,21.39793168391183,0.090625,Puntarenas_OTROS_Hidrometereológico
-0.05861080278265554,0.8366184659005372,13272,GPD,tail,21.39793168391183,0.090625,Puntarenas_OTROS_Hidrometereológico
-0.05861080278265554,0.8366184659005372,13273,GPD,tail,21.39793168391183,0.090625,Puntarenas_OTROS_Hidrometereológico
-0.05861080278265554,0.8366184659005372,13274,GPD,tail,21.39793168391183,0.090625,Puntarenas_OTROS_Hidrometereológico
-0.05861080278265554,0.8366184659005372,13275,GPD,tail,21.39793168391183,0.090625,Puntarenas_OTROS_Hidrometereológico
-0.05861080278265554,0.8366184659005372,13276,GPD,tail,21.39793168391183,0.090625,Puntarenas_OTROS_Hidrometereológico
-0.05861080278265554,0.8366184659005372,13277,GPD,tail,21.39793168391183,0.090625,Puntarenas_OTROS_Hidrometereológico
-0.05861080278265554,0.8366184659005372,13278,GPD,tail,21.39793168391183,0.090625,Puntarenas_OTROS_Hidrometereológico
-0.05861080278265554,0.8366184659005372,13279,GPD,tail,21.39793168391183,0.090625,Puntarenas_OTROS_Hidrometereológico
-0.05861080278265554,0.8366184659005372,13280,GPD,tail,21.39793168391183,0.090625,Puntarenas_OTROS_Hidrometereológico
-0.05861080278265554,0.8366184659005372,13281,GPD,tail,21.39793168391183,0.090625,Puntarenas_OTROS_Hidrometereológico
-0.05861080278265554,0.8366184659005372,13282,GPD,tail,21.39793168391183,0.090625,Puntarenas_OTROS_Hidrometereológico
-0.05861080278265554,0.8366184659005372,13283,GPD,tail,21.39793168391183,0.090625,Puntarenas_OTROS_Hidrometereológico
-0.05861080278265554,0.8366184659005372,13284,GPD,tail,21.39793168391183,0.090625,Puntarenas_OTROS_Hidrometereológico
-0.05861080278265554,0.8366184659005372,13285,GPD,tail,21.39793168391183,0.090625,Puntarenas_OTROS_Hidrometereológico
-0.05861080278265554,0.8366184659005372,13286,GPD,tail,21.39793168391183,0.090625,Puntarenas_OTROS_Hidrometereológico
-0.05861080278265554,0.8366184659005372,13287,GPD,tail,21.39793168391183,0.090625,Puntarenas_OTROS_Hidrometereológico
-0.05861080278265554,0.8366184659005372,13288,GPD,tail,21.39793168391183,0.090625,Puntarenas_OTROS_Hidrometereológico
-0.05861080278265554,0.8366184659005372,13289,GPD,tail,21.39793168391183,0.090625,Puntarenas_OTROS_Hidrometereológico
-0.05861080278265554,0.8366184659005372,13290,GPD,tail,21.39793168391183,0.090625,Puntarenas_OTROS_Hidrometereológico
-0.05861080278265554,0.8366184659005372,13291,GPD,tail,21.39793168391183,0.090625,Puntarenas_OTROS_Hidrometereológico
-0.05861080278265554,0.8366184659005372,13292,GPD,tail,21.39793168391183,0.090625,Puntarenas_OTROS_Hidrometereológico
-0.05861080278265554,0.8366184659005372,13293,GPD,tail,21.39793168391183,0.090625,Puntarenas_OTROS_Hidrometereológico
-0.05861080278265554,0.8366184659005372,13294,GPD,tail,21.39793168391183,0.090625,Puntarenas_OTROS_Hidrometereológico
-0.05861080278265554,0.8366184659005372,13295,GPD,tail,21.39793168391183,0.090625,Puntarenas_OTROS_Hidrometereológico
-0.05861080278265554,0.8366184659005372,13296,GPD,tail,21.39793168391183,0.090625,Puntarenas_OTROS_Hidrometereológico
-0.05861080278265554,0.8366184659005372,13297,GPD,tail,21.39793168391183,0.090625,Puntarenas_OTROS_Hidrometereológico
-0.05861080278265554,0.8366184659005372,13298,GPD,tail,21.39793168391183,0.090625,Puntarenas_OTROS_Hidrometereológico
-0.05861080278265554,0.8366184659005372,13299,GPD,tail,21.39793168391183,0.090625,Puntarenas_OTROS_Hidrometereológico
-0.05861080278265554,0.8366184659005372,13300,GPD,tail,21.39793168391183,0.090625,Puntarenas_OTROS_Hidrometereológico
-0.05861080278265554,0.8366184659005372,13301,GPD,tail,21.39793168391183,0.090625,Puntarenas_OTROS_Hidrometereológico
-0.05861080278265554,0.8366184659005372,13302,GPD,tail,21.39793168391183,0.090625,Puntarenas_OTROS_Hidrometereológico
-0.05861080278265554,0.8366184659005372,13303,GPD,tail,21.39793168391183,0.090625,Puntarenas_OTROS_Hidrometereológico
-0.05861080278265554,0.8366184659005372,13304,GPD,tail,21.39793168391183,0.090625,Puntarenas_OTROS_Hidrometereológico
-0.05861080278265554,0.8366184659005372,13305,GPD,tail,21.39793168391183,0.090625,Puntarenas_OTROS_Hidrometereológico
-0.05861080278265554,0.8366184659005372,13306,GPD,tail,21.39793168391183,0.090625,Puntarenas_OTROS_Hidrometereológico
-0.05861080278265554,0.8366184659005372,13307,GPD,tail,21.39793168391183,0.090625,Puntarenas_OTROS_Hidrometereológico
-0.05861080278265554,0.8366184659005372,13308,GPD,tail,21.39793168391183,0.090625,Puntarenas_OTROS_Hidrometereológico
-0.05861080278265554,0.8366184659005372,13309,GPD,tail,21.39793168391183,0.090625,Puntarenas_OTROS_Hidrometereológico
-0.05861080278265554,0.8366184659005372,13310,GPD,tail,21.39793168391183,0.090625,Puntarenas_OTROS_Hidrometereológico
-0.05861080278265554,0.8366184659005372,13311,GPD,tail,21.39793168391183,0.090625,Puntarenas_OTROS_Hidrometereológico
-0.05861080278265554,0.8366184659005372,13312,GPD,tail,21.39793168391183,0.090625,Puntarenas_OTROS_Hidrometereológico
-0.05861080278265554,0.8366184659005372,13313,GPD,tail,21.39793168391183,0.090625,Puntarenas_OTROS_Hidrometereológico
-0.05861080278265554,0.8366184659005372,13314,GPD,tail,21.39793168391183,0.090625,Puntarenas_OTROS_Hidrometereológico
-0.05861080278265554,0.8366184659005372,13315,GPD,tail,21.39793168391183,0.090625,Puntarenas_OTROS_Hidrometereológico
-0.05861080278265554,0.8366184659005372,13316,GPD,tail,21.39793168391183,0.090625,Puntarenas_OTROS_Hidrometereológico
-0.05861080278265554,0.8366184659005372,13317,GPD,tail,21.39793168391183,0.090625,Puntarenas_OTROS_Hidrometereológico
-0.09307657687195861,0.8418593445997206,13318,GPD,tail,21.39793168391183,0.090625,Puntarenas_OTROS_Hidrometereológico
-0.09307657687195861,0.8418593445997206,13319,GPD,tail,21.39793168391183,0.090625,Puntarenas_OTROS_Hidrometereológico
-0.09307657687195861,0.8418593445997206,13320,GPD,tail,21.39793168391183,0.090625,Puntarenas_OTROS_Hidrometereológico
-0.09307657687195861,0.8418593445997206,13321,GPD,tail,21.39793168391183,0.090625,Puntarenas_OTROS_Hidrometereológico
-0.09307657687195861,0.8418593445997206,13322,GPD,tail,21.39793168391183,0.090625,Puntarenas_OTROS_Hidrometereológico
-0.09307657687195861,0.8418593445997206,13323,GPD,tail,21.39793168391183,0.090625,Puntarenas_OTROS_Hidrometereológico
-0.09307657687195861,0.8418593445997206,13324,GPD,tail,21.39793168391183,0.090625,Puntarenas_OTROS_Hidrometereológico
-0.09307657687195861,0.8418593445997206,13325,GPD,tail,21.39793168391183,0.090625,Puntarenas_OTROS_Hidrometereológico
-0.09307657687195861,0.8418593445997206,13326,GPD,tail,21.39793168391183,0.090625,Puntarenas_OTROS_Hidrometereológico
-0.09307657687195861,0.8418593445997206,13327,GPD,tail,21.39793168391183,0.090625,Puntarenas_OTROS_Hidrometereológico
-0.09307657687195861,0.8418593445997206,13328,GPD,tail,21.39793168391183,0.090625,Puntarenas_OTROS_Hidrometereológico
-0.09307657687195861,0.8418593445997206,13329,GPD,tail,21.39793168391183,0.090625,Puntarenas_OTROS_Hidrometereológico
-0.09307657687195861,0.8418593445997206,13330,GPD,tail,21.39793168391183,0.090625,Puntarenas_OTROS_Hidrometereológico
-0.09307657687195861,0.8418593445997206,13331,GPD,tail,21.39793168391183,0.090625,Puntarenas_OTROS_Hidrometereológico
-0.09307657687195861,0.8418593445997206,13332,GPD,tail,21.39793168391183,0.090625,Puntarenas_OTROS_Hidrometereológico
-0.09307657687195861,0.8418593445997206,13333,GPD,tail,21.39793168391183,0.090625,Puntarenas_OTROS_Hidrometereológico
-0.09307657687195861,0.8418593445997206,13334,GPD,tail,21.39793168391183,0.090625,Puntarenas_OTROS_Hidrometereológico
-0.09307657687195861,0.8418593445997206,13335,GPD,tail,21.39793168391183,0.090625,Puntarenas_OTROS_Hidrometereológico
-0.09792272917458668,0.9047824385294478,13336,GPD,tail,21.39793168391183,0.090625,Puntarenas_OTROS_Hidrometereológico
-0.09792272917458668,0.9047824385294478,13337,GPD,tail,21.39793168391183,0.090625,Puntarenas_OTROS_Hidrometereológico
-0.09792272917458668,0.9047824385294478,13338,GPD,tail,21.39793168391183,0.090625,Puntarenas_OTROS_Hidrometereológico
-0.09792272917458668,0.9047824385294478,13339,GPD,tail,21.39793168391183,0.090625,Puntarenas_OTROS_Hidrometereológico
-0.09792272917458668,0.9047824385294478,13340,GPD,tail,21.39793168391183,0.090625,Puntarenas_OTROS_Hidrometereológico
-0.09792272917458668,0.9047824385294478,13341,GPD,tail,21.39793168391183,0.090625,Puntarenas_OTROS_Hidrometereológico
-0.09792272917458668,0.9047824385294478,13342,GPD,tail,21.39793168391183,0.090625,Puntarenas_OTROS_Hidrometereológico
-0.09792272917458668,0.9047824385294478,13343,GPD,tail,21.39793168391183,0.090625,Puntarenas_OTROS_Hidrometereológico
-0.09792272917458668,0.9047824385294478,13344,GPD,tail,21.39793168391183,0.090625,Puntarenas_OTROS_Hidrometereológico
-0.09792272917458668,0.9047824385294478,13345,GPD,tail,21.39793168391183,0.090625,Puntarenas_OTROS_Hidrometereológico
-0.09792272917458668,0.9047824385294478,13346,GPD,tail,21.39793168391183,0.090625,Puntarenas_OTROS_Hidrometereológico
-0.09792272917458668,0.9047824385294478,13347,GPD,tail,21.39793168391183,0.090625,Puntarenas_OTROS_Hidrometereológico
-0.09792272917458668,0.9047824385294478,13348,GPD,tail,21.39793168391183,0.090625,Puntarenas_OTROS_Hidrometereológico
-0.09792272917458668,0.9047824385294478,13349,GPD,tail,21.39793168391183,0.090625,Puntarenas_OTROS_Hidrometereológico
-0.09792272917458668,0.9047824385294478,13350,GPD,tail,21.39793168391183,0.090625,Puntarenas_OTROS_Hidrometereológico
-0.09792272917458668,0.9047824385294478,13351,GPD,tail,21.39793168391183,0.090625,Puntarenas_OTROS_Hidrometereológico
-0.09792272917458668,0.9047824385294478,13352,GPD,tail,21.39793168391183,0.090625,Puntarenas_OTROS_Hidrometereológico
-0.09792272917458668,0.9047824385294478,13353,GPD,tail,21.39793168391183,0.090625,Puntarenas_OTROS_Hidrometereológico
-0.09792272917458668,0.9047824385294478,13354,GPD,tail,21.39793168391183,0.090625,Puntarenas_OTROS_Hidrometereológico
-0.09792272917458668,0.9047824385294478,13355,GPD,tail,21.39793168391183,0.090625,Puntarenas_OTROS_Hidrometereológico
-0.09792272917458668,0.9047824385294478,13356,GPD,tail,21.39793168391183,0.090625,Puntarenas_OTROS_Hidrometereológico
-0.09792272917458668,0.9047824385294478,13357,GPD,tail,21.39793168391183,0.090625,Puntarenas_OTROS_Hidrometereológico
-0.09792272917458668,0.9047824385294478,13358,GPD,tail,21.39793168391183,0.090625,Puntarenas_OTROS_Hidrometereológico
-0.09792272917458668,0.9047824385294478,13359,GPD,tail,21.39793168391183,0.090625,Puntarenas_OTROS_Hidrometereológico
-0.09792272917458668,0.9047824385294478,13360,GPD,tail,21.39793168391183,0.090625,Puntarenas_OTROS_Hidrometereológico
-0.09792272917458668,0.9047824385294478,13361,GPD,tail,21.39793168391183,0.090625,Puntarenas_OTROS_Hidrometereológico
-0.09792272917458668,0.9047824385294478,13362,GPD,tail,21.39793168391183,0.090625,Puntarenas_OTROS_Hidrometereológico
-0.09792272917458668,0.9047824385294478,13363,GPD,tail,21.39793168391183,0.090625,Puntarenas_OTROS_Hidrometereológico
-0.09792272917458668,0.9047824385294478,13364,GPD,tail,21.39793168391183,0.090625,Puntarenas_OTROS_Hidrometereológico
-0.09792272917458668,0.9047824385294478,13365,GPD,tail,21.39793168391183,0.090625,Puntarenas_OTROS_Hidrometereológico
-0.09792272917458668,0.9047824385294478,13366,GPD,tail,21.39793168391183,0.090625,Puntarenas_OTROS_Hidrometereológico
-0.09792272917458668,0.9047824385294478,13367,GPD,tail,21.39793168391183,0.090625,Puntarenas_OTROS_Hidrometereológico
-0.09792272917458668,0.9047824385294478,13368,GPD,tail,21.39793168391183,0.090625,Puntarenas_OTROS_Hidrometereológico
-0.09792272917458668,0.9047824385294478,13369,GPD,tail,21.39793168391183,0.090625,Puntarenas_OTROS_Hidrometereológico
-0.09792272917458668,0.9047824385294478,13370,GPD,tail,21.39793168391183,0.090625,Puntarenas_OTROS_Hidrometereológico
-0.09792272917458668,0.9047824385294478,13371,GPD,tail,21.39793168391183,0.090625,Puntarenas_OTROS_Hidrometereológico
-0.09792272917458668,0.9047824385294478,13372,GPD,tail,21.39793168391183,0.090625,Puntarenas_OTROS_Hidrometereológico
-0.09792272917458668,0.9047824385294478,13373,GPD,tail,21.39793168391183,0.090625,Puntarenas_OTROS_Hidrometereológico
-0.09792272917458668,0.9047824385294478,13374,GPD,tail,21.39793168391183,0.090625,Puntarenas_OTROS_Hidrometereológico
-0.09792272917458668,0.9047824385294478,13375,GPD,tail,21.39793168391183,0.090625,Puntarenas_OTROS_Hidrometereológico
-0.09792272917458668,0.9047824385294478,13376,GPD,tail,21.39793168391183,0.090625,Puntarenas_OTROS_Hidrometereológico
-0.09792272917458668,0.9047824385294478,13377,GPD,tail,21.39793168391183,0.090625,Puntarenas_OTROS_Hidrometereológico
-0.09792272917458668,0.9047824385294478,13378,GPD,tail,21.39793168391183,0.090625,Puntarenas_OTROS_Hidrometereológico
-0.09792272917458668,0.9047824385294478,13379,GPD,tail,21.39793168391183,0.090625,Puntarenas_OTROS_Hidrometereológico
-0.09792272917458668,0.9047824385294478,13380,GPD,tail,21.39793168391183,0.090625,Puntarenas_OTROS_Hidrometereológico
-0.09792272917458668,0.9047824385294478,13381,GPD,tail,21.39793168391183,0.090625,Puntarenas_OTROS_Hidrometereológico
-0.09792272917458668,0.9047824385294478,13382,GPD,tail,21.39793168391183,0.090625,Puntarenas_OTROS_Hidrometereológico
-0.09792272917458668,0.9047824385294478,13383,GPD,tail,21.39793168391183,0.090625,Puntarenas_OTROS_Hidrometereológico
-0.09792272917458668,0.9047824385294478,13384,GPD,tail,21.39793168391183,0.090625,Puntarenas_OTROS_Hidrometereológico
-0.09792272917458668,0.9047824385294478,13385,GPD,tail,21.39793168391183,0.090625,Puntarenas_OTROS_Hidrometereológico
-0.09792272917458668,0.9047824385294478,13386,GPD,tail,21.39793168391183,0.090625,Puntarenas_OTROS_Hidrometereológico
-0.09792272917458668,0.9047824385294478,13387,GPD,tail,21.39793168391183,0.090625,Puntarenas_OTROS_Hidrometereológico
-0.09792272917458668,0.9047824385294478,13388,GPD,tail,21.39793168391183,0.090625,Puntarenas_OTROS_Hidrometereológico
-0.09792272917458668,0.9047824385294478,13389,GPD,tail,21.39793168391183,0.090625,Puntarenas_OTROS_Hidrometereológico
-0.09792272917458668,0.9047824385294478,13390,GPD,tail,21.39793168391183,0.090625,Puntarenas_OTROS_Hidrometereológico
-0.09792272917458668,0.9047824385294478,13391,GPD,tail,21.39793168391183,0.090625,Puntarenas_OTROS_Hidrometereológico
-0.09792272917458668,0.9047824385294478,13392,GPD,tail,21.39793168391183,0.090625,Puntarenas_OTROS_Hidrometereológico
-0.09792272917458668,0.9047824385294478,13393,GPD,tail,21.39793168391183,0.090625,Puntarenas_OTROS_Hidrometereológico
-0.09792272917458668,0.9047824385294478,13394,GPD,tail,21.39793168391183,0.090625,Puntarenas_OTROS_Hidrometereológico
-0.09792272917458668,0.9047824385294478,13395,GPD,tail,21.39793168391183,0.090625,Puntarenas_OTROS_Hidrometereológico
-0.09792272917458668,0.9047824385294478,13396,GPD,tail,21.39793168391183,0.090625,Puntarenas_OTROS_Hidrometereológico
-0.09792272917458668,0.9047824385294478,13397,GPD,tail,21.39793168391183,0.090625,Puntarenas_OTROS_Hidrometereológico
-0.09792272917458668,0.9047824385294478,13398,GPD,tail,21.39793168391183,0.090625,Puntarenas_OTROS_Hidrometereológico
-0.09792272917458668,0.9047824385294478,13399,GPD,tail,21.39793168391183,0.090625,Puntarenas_OTROS_Hidrometereológico
-0.09792272917458668,0.9047824385294478,13400,GPD,tail,21.39793168391183,0.090625,Puntarenas_OTROS_Hidrometereológico
-0.09792272917458668,0.9047824385294478,13401,GPD,tail,21.39793168391183,0.090625,Puntarenas_OTROS_Hidrometereológico
-0.09792272917458668,0.9047824385294478,13402,GPD,tail,21.39793168391183,0.090625,Puntarenas_OTROS_Hidrometereológico
-0.09792272917458668,0.9047824385294478,13403,GPD,tail,21.39793168391183,0.090625,Puntarenas_OTROS_Hidrometereológico
-0.09792272917458668,0.9047824385294478,13404,GPD,tail,21.39793168391183,0.090625,Puntarenas_OTROS_Hidrometereológico
-0.09792272917458668,0.9047824385294478,13405,GPD,tail,21.39793168391183,0.090625,Puntarenas_OTROS_Hidrometereológico
-0.09792272917458668,0.9047824385294478,13406,GPD,tail,21.39793168391183,0.090625,Puntarenas_OTROS_Hidrometereológico
-0.09792272917458668,0.9047824385294478,13407,GPD,tail,21.39793168391183,0.090625,Puntarenas_OTROS_Hidrometereológico
-0.09792272917458668,0.9047824385294478,13408,GPD,tail,21.39793168391183,0.090625,Puntarenas_OTROS_Hidrometereológico
-0.09792272917458668,0.9047824385294478,13409,GPD,tail,21.39793168391183,0.090625,Puntarenas_OTROS_Hidrometereológico
-0.09792272917458668,0.9047824385294478,13410,GPD,tail,21.39793168391183,0.090625,Puntarenas_OTROS_Hidrometereológico
-0.09792272917458668,0.9047824385294478,13411,GPD,tail,21.39793168391183,0.090625,Puntarenas_OTROS_Hidrometereológico
-0.09792272917458668,0.9047824385294478,13412,GPD,tail,21.39793168391183,0.090625,Puntarenas_OTROS_Hidrometereológico
-0.09792272917458668,0.9047824385294478,13413,GPD,tail,21.39793168391183,0.090625,Puntarenas_OTROS_Hidrometereológico
-0.09792272917458668,0.9047824385294478,13414,GPD,tail,21.39793168391183,0.090625,Puntarenas_OTROS_Hidrometereológico
-0.09792272917458668,0.9047824385294478,13415,GPD,tail,21.39793168391183,0.090625,Puntarenas_OTROS_Hidrometereológico
-0.09792272917458668,0.9047824385294478,13416,GPD,tail,21.39793168391183,0.090625,Puntarenas_OTROS_Hidrometereológico
-0.09792272917458668,0.9047824385294478,13417,GPD,tail,21.39793168391183,0.090625,Puntarenas_OTROS_Hidrometereológico
-0.09792272917458668,0.9047824385294478,13418,GPD,tail,21.39793168391183,0.090625,Puntarenas_OTROS_Hidrometereológico
-0.08127657954016249,0.8497132381532955,13419,GPD,tail,21.39793168391183,0.090625,Puntarenas_OTROS_Hidrometereológico
-0.08127657954016249,0.8497132381532955,13420,GPD,tail,21.39793168391183,0.090625,Puntarenas_OTROS_Hidrometereológico
-0.05307293072580799,0.829160662634516,13421,GPD,tail,21.39793168391183,0.090625,Puntarenas_OTROS_Hidrometereológico
-0.05307293072580799,0.829160662634516,13422,GPD,tail,21.39793168391183,0.090625,Puntarenas_OTROS_Hidrometereológico
-0.05307293072580799,0.829160662634516,13423,GPD,tail,21.39793168391183,0.090625,Puntarenas_OTROS_Hidrometereológico
-0.042888068913936005,0.8655833960860512,13424,GPD,tail,21.39793168391183,0.090625,Puntarenas_OTROS_Hidrometereológico
-0.042888068913936005,0.8655833960860512,13425,GPD,tail,21.39793168391183,0.090625,Puntarenas_OTROS_Hidrometereológico
-0.042888068913936005,0.8655833960860512,13426,GPD,tail,21.39793168391183,0.090625,Puntarenas_OTROS_Hidrometereológico
-0.042888068913936005,0.8655833960860512,13427,GPD,tail,21.39793168391183,0.090625,Puntarenas_OTROS_Hidrometereológico
-0.042888068913936005,0.8655833960860512,13428,GPD,tail,21.39793168391183,0.090625,Puntarenas_OTROS_Hidrometereológico
-0.042888068913936005,0.8655833960860512,13429,GPD,tail,21.39793168391183,0.090625,Puntarenas_OTROS_Hidrometereológico
-0.042888068913936005,0.8655833960860512,13430,GPD,tail,21.39793168391183,0.090625,Puntarenas_OTROS_Hidrometereológico
-0.042888068913936005,0.8655833960860512,13431,GPD,tail,21.39793168391183,0.090625,Puntarenas_OTROS_Hidrometereológico
-0.042888068913936005,0.8655833960860512,13432,GPD,tail,21.39793168391183,0.090625,Puntarenas_OTROS_Hidrometereológico
-0.042888068913936005,0.8655833960860512,13433,GPD,tail,21.39793168391183,0.090625,Puntarenas_OTROS_Hidrometereológico
-0.042888068913936005,0.8655833960860512,13434,GPD,tail,21.39793168391183,0.090625,Puntarenas_OTROS_Hidrometereológico
-0.042888068913936005,0.8655833960860512,13435,GPD,tail,21.39793168391183,0.090625,Puntarenas_OTROS_Hidrometereológico
-0.042888068913936005,0.8655833960860512,13436,GPD,tail,21.39793168391183,0.090625,Puntarenas_OTROS_Hidrometereológico
-0.042888068913936005,0.8655833960860512,13437,GPD,tail,21.39793168391183,0.090625,Puntarenas_OTROS_Hidrometereológico
-0.042888068913936005,0.8655833960860512,13438,GPD,tail,21.39793168391183,0.090625,Puntarenas_OTROS_Hidrometereológico
-0.042888068913936005,0.8655833960860512,13439,GPD,tail,21.39793168391183,0.090625,Puntarenas_OTROS_Hidrometereológico
-0.042888068913936005,0.8655833960860512,13440,GPD,tail,21.39793168391183,0.090625,Puntarenas_OTROS_Hidrometereológico
-0.042888068913936005,0.8655833960860512,13441,GPD,tail,21.39793168391183,0.090625,Puntarenas_OTROS_Hidrometereológico
-0.042888068913936005,0.8655833960860512,13442,GPD,tail,21.39793168391183,0.090625,Puntarenas_OTROS_Hidrometereológico
-0.042888068913936005,0.8655833960860512,13443,GPD,tail,21.39793168391183,0.090625,Puntarenas_OTROS_Hidrometereológico
-0.042888068913936005,0.8655833960860512,13444,GPD,tail,21.39793168391183,0.090625,Puntarenas_OTROS_Hidrometereológico
-0.042888068913936005,0.8655833960860512,13445,GPD,tail,21.39793168391183,0.090625,Puntarenas_OTROS_Hidrometereológico
-0.042888068913936005,0.8655833960860512,13446,GPD,tail,21.39793168391183,0.090625,Puntarenas_OTROS_Hidrometereológico
-0.042888068913936005,0.8655833960860512,13447,GPD,tail,21.39793168391183,0.090625,Puntarenas_OTROS_Hidrometereológico
-0.042888068913936005,0.8655833960860512,13448,GPD,tail,21.39793168391183,0.090625,Puntarenas_OTROS_Hidrometereológico
-0.042888068913936005,0.8655833960860512,13449,GPD,tail,21.39793168391183,0.090625,Puntarenas_OTROS_Hidrometereológico
-0.042888068913936005,0.8655833960860512,13450,GPD,tail,21.39793168391183,0.090625,Puntarenas_OTROS_Hidrometereológico
-0.042888068913936005,0.8655833960860512,13451,GPD,tail,21.39793168391183,0.090625,Puntarenas_OTROS_Hidrometereológico
-0.042888068913936005,0.8655833960860512,13452,GPD,tail,21.39793168391183,0.090625,Puntarenas_OTROS_Hidrometereológico
-0.042888068913936005,0.8655833960860512,13453,GPD,tail,21.39793168391183,0.090625,Puntarenas_OTROS_Hidrometereológico
-0.042888068913936005,0.8655833960860512,13454,GPD,tail,21.39793168391183,0.090625,Puntarenas_OTROS_Hidrometereológico
-0.042888068913936005,0.8655833960860512,13455,GPD,tail,21.39793168391183,0.090625,Puntarenas_OTROS_Hidrometereológico
-0.042888068913936005,0.8655833960860512,13456,GPD,tail,21.39793168391183,0.090625,Puntarenas_OTROS_Hidrometereológico
-0.042888068913936005,0.8655833960860512,13457,GPD,tail,21.39793168391183,0.090625,Puntarenas_OTROS_Hidrometereológico
-0.042888068913936005,0.8655833960860512,13458,GPD,tail,21.39793168391183,0.090625,Puntarenas_OTROS_Hidrometereológico
-0.042888068913936005,0.8655833960860512,13459,GPD,tail,21.39793168391183,0.090625,Puntarenas_OTROS_Hidrometereológico
-0.042888068913936005,0.8655833960860512,13460,GPD,tail,21.39793168391183,0.090625,Puntarenas_OTROS_Hidrometereológico
-0.042888068913936005,0.8655833960860512,13461,GPD,tail,21.39793168391183,0.090625,Puntarenas_OTROS_Hidrometereológico
-0.042888068913936005,0.8655833960860512,13462,GPD,tail,21.39793168391183,0.090625,Puntarenas_OTROS_Hidrometereológico
-0.042888068913936005,0.8655833960860512,13463,GPD,tail,21.39793168391183,0.090625,Puntarenas_OTROS_Hidrometereológico
-0.042888068913936005,0.8655833960860512,13464,GPD,tail,21.39793168391183,0.090625,Puntarenas_OTROS_Hidrometereológico
-0.042888068913936005,0.8655833960860512,13465,GPD,tail,21.39793168391183,0.090625,Puntarenas_OTROS_Hidrometereológico
-0.042888068913936005,0.8655833960860512,13466,GPD,tail,21.39793168391183,0.090625,Puntarenas_OTROS_Hidrometereológico
-0.042888068913936005,0.8655833960860512,13467,GPD,tail,21.39793168391183,0.090625,Puntarenas_OTROS_Hidrometereológico
-0.042888068913936005,0.8655833960860512,13468,GPD,tail,21.39793168391183,0.090625,Puntarenas_OTROS_Hidrometereológico
-0.042888068913936005,0.8655833960860512,13469,GPD,tail,21.39793168391183,0.090625,Puntarenas_OTROS_Hidrometereológico
-0.042888068913936005,0.8655833960860512,13470,GPD,tail,21.39793168391183,0.090625,Puntarenas_OTROS_Hidrometereológico
-0.042888068913936005,0.8655833960860512,13471,GPD,tail,21.39793168391183,0.090625,Puntarenas_OTROS_Hidrometereológico
-0.042888068913936005,0.8655833960860512,13472,GPD,tail,21.39793168391183,0.090625,Puntarenas_OTROS_Hidrometereológico
-0.17739478564845587,0.9445968276029161,13473,GPD,tail,21.39793168391183,0.090625,Puntarenas_OTROS_Hidrometereológico
-0.04431652148666254,0.8744555750807663,13474,GPD,tail,21.39793168391183,0.090625,Puntarenas_OTROS_Hidrometereológico
-0.04431652148666254,0.8744555750807663,13475,GPD,tail,21.39793168391183,0.090625,Puntarenas_OTROS_Hidrometereológico
-0.04431652148666254,0.8744555750807663,13476,GPD,tail,21.39793168391183,0.090625,Puntarenas_OTROS_Hidrometereológico
-0.04431652148666254,0.8744555750807663,13477,GPD,tail,21.39793168391183,0.090625,Puntarenas_OTROS_Hidrometereológico
-0.04431652148666254,0.8744555750807663,13478,GPD,tail,21.39793168391183,0.090625,Puntarenas_OTROS_Hidrometereológico
-0.04431652148666254,0.8744555750807663,13479,GPD,tail,21.39793168391183,0.090625,Puntarenas_OTROS_Hidrometereológico
-0.04431652148666254,0.8744555750807663,13480,GPD,tail,21.39793168391183,0.090625,Puntarenas_OTROS_Hidrometereológico
-0.04431652148666254,0.8744555750807663,13481,GPD,tail,21.39793168391183,0.090625,Puntarenas_OTROS_Hidrometereológico
-0.04431652148666254,0.8744555750807663,13482,GPD,tail,21.39793168391183,0.090625,Puntarenas_OTROS_Hidrometereológico
-0.04431652148666254,0.8744555750807663,13483,GPD,tail,21.39793168391183,0.090625,Puntarenas_OTROS_Hidrometereológico
-0.04431652148666254,0.8744555750807663,13484,GPD,tail,21.39793168391183,0.090625,Puntarenas_OTROS_Hidrometereológico
-0.04431652148666254,0.8744555750807663,13485,GPD,tail,21.39793168391183,0.090625,Puntarenas_OTROS_Hidrometereológico
-0.04431652148666254,0.8744555750807663,13486,GPD,tail,21.39793168391183,0.090625,Puntarenas_OTROS_Hidrometereológico
-0.04431652148666254,0.8744555750807663,13487,GPD,tail,21.39793168391183,0.090625,Puntarenas_OTROS_Hidrometereológico
-0.04431652148666254,0.8744555750807663,13488,GPD,tail,21.39793168391183,0.090625,Puntarenas_OTROS_Hidrometereológico
-0.04431652148666254,0.8744555750807663,13489,GPD,tail,21.39793168391183,0.090625,Puntarenas_OTROS_Hidrometereológico
-0.04431652148666254,0.8744555750807663,13490,GPD,tail,21.39793168391183,0.090625,Puntarenas_OTROS_Hidrometereológico
-0.04431652148666254,0.8744555750807663,13491,GPD,tail,21.39793168391183,0.090625,Puntarenas_OTROS_Hidrometereológico
-0.04431652148666254,0.8744555750807663,13492,GPD,tail,21.39793168391183,0.090625,Puntarenas_OTROS_Hidrometereológico
-0.04431652148666254,0.8744555750807663,13493,GPD,tail,21.39793168391183,0.090625,Puntarenas_OTROS_Hidrometereológico
-0.04431652148666254,0.8744555750807663,13494,GPD,tail,21.39793168391183,0.090625,Puntarenas_OTROS_Hidrometereológico
-0.04431652148666254,0.8744555750807663,13495,GPD,tail,21.39793168391183,0.090625,Puntarenas_OTROS_Hidrometereológico
-0.04431652148666254,0.8744555750807663,13496,GPD,tail,21.39793168391183,0.090625,Puntarenas_OTROS_Hidrometereológico
-0.04431652148666254,0.8744555750807663,13497,GPD,tail,21.39793168391183,0.090625,Puntarenas_OTROS_Hidrometereológico
-0.04431652148666254,0.8744555750807663,13498,GPD,tail,21.39793168391183,0.090625,Puntarenas_OTROS_Hidrometereológico
-0.0478695444835769,0.7929085922611893,13499,GPD,tail,21.39793168391183,0.090625,Puntarenas_OTROS_Hidrometereológico
-0.0478695444835769,0.7929085922611893,13500,GPD,tail,21.39793168391183,0.090625,Puntarenas_OTROS_Hidrometereológico
-0.0478695444835769,0.7929085922611893,13501,GPD,tail,21.39793168391183,0.090625,Puntarenas_OTROS_Hidrometereológico
-0.0478695444835769,0.7929085922611893,13502,GPD,tail,21.39793168391183,0.090625,Puntarenas_OTROS_Hidrometereológico
-0.05298166604419754,0.8652579859206375,13503,GPD,tail,21.39793168391183,0.090625,Puntarenas_OTROS_Hidrometereológico
-0.05298166604419754,0.8652579859206375,13504,GPD,tail,21.39793168391183,0.090625,Puntarenas_OTROS_Hidrometereológico
-0.007117245412671218,0.8211293970716421,13505,GPD,tail,21.39793168391183,0.090625,Puntarenas_OTROS_Hidrometereológico
-0.007117245412671218,0.8211293970716421,13506,GPD,tail,21.39793168391183,0.090625,Puntarenas_OTROS_Hidrometereológico
-0.007117245412671218,0.8211293970716421,13507,GPD,tail,21.39793168391183,0.090625,Puntarenas_OTROS_Hidrometereológico
-0.007117245412671218,0.8211293970716421,13508,GPD,tail,21.39793168391183,0.090625,Puntarenas_OTROS_Hidrometereológico
-0.005891969600511234,0.9706931173575528,13509,GPD,tail,21.39793168391183,0.090625,Puntarenas_OTROS_Hidrometereológico
-0.005891969600511234,0.9706931173575528,13510,GPD,tail,21.39793168391183,0.090625,Puntarenas_OTROS_Hidrometereológico
-0.005891969600511234,0.9706931173575528,13511,GPD,tail,21.39793168391183,0.090625,Puntarenas_OTROS_Hidrometereológico
-0.005891969600511234,0.9706931173575528,13512,GPD,tail,21.39793168391183,0.090625,Puntarenas_OTROS_Hidrometereológico
-0.005891969600511234,0.9706931173575528,13513,GPD,tail,21.39793168391183,0.090625,Puntarenas_OTROS_Hidrometereológico
-0.005891969600511234,0.9706931173575528,13514,GPD,tail,21.39793168391183,0.090625,Puntarenas_OTROS_Hidrometereológico
-0.12627637484330162,1.0861685044835978,13515,GPD,tail,21.39793168391183,0.090625,Puntarenas_OTROS_Hidrometereológico
-0.12627637484330162,1.0861685044835978,13516,GPD,tail,21.39793168391183,0.090625,Puntarenas_OTROS_Hidrometereológico
-0.12627637484330162,1.0861685044835978,13517,GPD,tail,21.39793168391183,0.090625,Puntarenas_OTROS_Hidrometereológico
-0.12627637484330162,1.0861685044835978,13518,GPD,tail,21.39793168391183,0.090625,Puntarenas_OTROS_Hidrometereológico
-0.08098022194189951,1.039781300782429,13519,GPD,tail,21.39793168391183,0.090625,Puntarenas_OTROS_Hidrometereológico
-0.08098022194189951,1.039781300782429,13520,GPD,tail,21.39793168391183,0.090625,Puntarenas_OTROS_Hidrometereológico
-0.08098022194189951,1.039781300782429,13521,GPD,tail,21.39793168391183,0.090625,Puntarenas_OTROS_Hidrometereológico
-0.08098022194189951,1.039781300782429,13522,GPD,tail,21.39793168391183,0.090625,Puntarenas_OTROS_Hidrometereológico
-0.08098022194189951,1.039781300782429,13523,GPD,tail,21.39793168391183,0.090625,Puntarenas_OTROS_Hidrometereológico
-0.08098022194189951,1.039781300782429,13524,GPD,tail,21.39793168391183,0.090625,Puntarenas_OTROS_Hidrometereológico
0.059585404010941714,0.8259977372674174,13525,GPD,tail,21.39793168391183,0.090625,Puntarenas_OTROS_Hidrometereológico
0.059585404010941714,0.8259977372674174,13526,GPD,tail,21.39793168391183,0.090625,Puntarenas_OTROS_Hidrometereológico
0.059585404010941714,0.8259977372674174,13527,GPD,tail,21.39793168391183,0.090625,Puntarenas_OTROS_Hidrometereológico
0.059585404010941714,0.8259977372674174,13528,GPD,tail,21.39793168391183,0.090625,Puntarenas_OTROS_Hidrometereológico
0.059585404010941714,0.8259977372674174,13529,GPD,tail,21.39793168391183,0.090625,Puntarenas_OTROS_Hidrometereológico
0.059585404010941714,0.8259977372674174,13530,GPD,tail,21.39793168391183,0.090625,Puntarenas_OTROS_Hidrometereológico
0.059585404010941714,0.8259977372674174,13531,GPD,tail,21.39793168391183,0.090625,Puntarenas_OTROS_Hidrometereológico
0.059585404010941714,0.8259977372674174,13532,GPD,tail,21.39793168391183,0.090625,Puntarenas_OTROS_Hidrometereológico
0.059585404010941714,0.8259977372674174,13533,GPD,tail,21.39793168391183,0.090625,Puntarenas_OTROS_Hidrometereológico
0.059585404010941714,0.8259977372674174,13534,GPD,tail,21.39793168391183,0.090625,Puntarenas_OTROS_Hidrometereológico
0.059585404010941714,0.8259977372674174,13535,GPD,tail,21.39793168391183,0.090625,Puntarenas_OTROS_Hidrometereológico
0.059585404010941714,0.8259977372674174,13536,GPD,tail,21.39793168391183,0.090625,Puntarenas_OTROS_Hidrometereológico
0.059585404010941714,0.8259977372674174,13537,GPD,tail,21.39793168391183,0.090625,Puntarenas_OTROS_Hidrometereológico
0.059585404010941714,0.8259977372674174,13538,GPD,tail,21.39793168391183,0.090625,Puntarenas_OTROS_Hidrometereológico
0.059585404010941714,0.8259977372674174,13539,GPD,tail,21.39793168391183,0.090625,Puntarenas_OTROS_Hidrometereológico
0.059585404010941714,0.8259977372674174,13540,GPD,tail,21.39793168391183,0.090625,Puntarenas_OTROS_Hidrometereológico
0.059585404010941714,0.8259977372674174,13541,GPD,tail,21.39793168391183,0.090625,Puntarenas_OTROS_Hidrometereológico
0.059585404010941714,0.8259977372674174,13542,GPD,tail,21.39793168391183,0.090625,Puntarenas_OTROS_Hidrometereológico
0.05874718190144437,0.8380417402376669,13543,GPD,tail,21.39793168391183,0.090625,Puntarenas_OTROS_Hidrometereológico
0.05874718190144437,0.8380417402376669,13544,GPD,tail,21.39793168391183,0.090625,Puntarenas_OTROS_Hidrometereológico
0.11704310416080468,0.7737439482650091,13545,GPD,tail,21.39793168391183,0.090625,Puntarenas_OTROS_Hidrometereológico
0.11704310416080468,0.7737439482650091,13546,GPD,tail,21.39793168391183,0.090625,Puntarenas_OTROS_Hidrometereológico
0.11704310416080468,0.7737439482650091,13547,GPD,tail,21.39793168391183,0.090625,Puntarenas_OTROS_Hidrometereológico
0.11532881399523584,0.7524902508522715,13548,GPD,tail,21.39793168391183,0.090625,Puntarenas_OTROS_Hidrometereológico
0.11532881399523584,0.7524902508522715,13549,GPD,tail,21.39793168391183,0.090625,Puntarenas_OTROS_Hidrometereológico
0.11532881399523584,0.7524902508522715,13550,GPD,tail,21.39793168391183,0.090625,Puntarenas_OTROS_Hidrometereológico
0.11532881399523584,0.7524902508522715,13551,GPD,tail,21.39793168391183,0.090625,Puntarenas_OTROS_Hidrometereológico
0.11532881399523584,0.7524902508522715,13552,GPD,tail,21.39793168391183,0.090625,Puntarenas_OTROS_Hidrometereológico
0.11532881399523584,0.7524902508522715,13553,GPD,tail,21.39793168391183,0.090625,Puntarenas_OTROS_Hidrometereológico
0.11532881399523584,0.7524902508522715,13554,GPD,tail,21.39793168391183,0.090625,Puntarenas_OTROS_Hidrometereológico
0.11532881399523584,0.7524902508522715,13555,GPD,tail,21.39793168391183,0.090625,Puntarenas_OTROS_Hidrometereológico
0.11532881399523584,0.7524902508522715,13556,GPD,tail,21.39793168391183,0.090625,Puntarenas_OTROS_Hidrometereológico
0.11532881399523584,0.7524902508522715,13557,GPD,tail,21.39793168391183,0.090625,Puntarenas_OTROS_Hidrometereológico
0.11532881399523584,0.7524902508522715,13558,GPD,tail,21.39793168391183,0.090625,Puntarenas_OTROS_Hidrometereológico
0.11532881399523584,0.7524902508522715,13559,GPD,tail,21.39793168391183,0.090625,Puntarenas_OTROS_Hidrometereológico
0.11532881399523584,0.7524902508522715,13560,GPD,tail,21.39793168391183,0.090625,Puntarenas_OTROS_Hidrometereológico
-0.025451778701329142,0.7696553895066587,13561,GPD,tail,21.39793168391183,0.090625,Puntarenas_OTROS_Hidrometereológico
-0.025451778701329142,0.7696553895066587,13562,GPD,tail,21.39793168391183,0.090625,Puntarenas_OTROS_Hidrometereológico
-0.025451778701329142,0.7696553895066587,13563,GPD,tail,21.39793168391183,0.090625,Puntarenas_OTROS_Hidrometereológico
-0.08335781830242653,0.8069272440671994,13564,GPD,tail,21.39793168391183,0.090625,Puntarenas_OTROS_Hidrometereológico
-0.08335781830242653,0.8069272440671994,13565,GPD,tail,21.39793168391183,0.090625,Puntarenas_OTROS_Hidrometereológico
-0.08335781830242653,0.8069272440671994,13566,GPD,tail,21.39793168391183,0.090625,Puntarenas_OTROS_Hidrometereológico
-0.08335781830242653,0.8069272440671994,13567,GPD,tail,21.39793168391183,0.090625,Puntarenas_OTROS_Hidrometereológico
-0.05819651793756706,0.7642851422674495,13568,GPD,tail,21.39793168391183,0.090625,Puntarenas_OTROS_Hidrometereológico
-0.05819651793756706,0.7642851422674495,13569,GPD,tail,21.39793168391183,0.090625,Puntarenas_OTROS_Hidrometereológico
-0.05819651793756706,0.7642851422674495,13570,GPD,tail,21.39793168391183,0.090625,Puntarenas_OTROS_Hidrometereológico
-0.05819651793756706,0.7642851422674495,13571,GPD,tail,21.39793168391183,0.090625,Puntarenas_OTROS_Hidrometereológico
-0.05819651793756706,0.7642851422674495,13572,GPD,tail,21.39793168391183,0.090625,Puntarenas_OTROS_Hidrometereológico
-0.05819651793756706,0.7642851422674495,13573,GPD,tail,21.39793168391183,0.090625,Puntarenas_OTROS_Hidrometereológico
-0.05819651793756706,0.7642851422674495,13574,GPD,tail,21.39793168391183,0.090625,Puntarenas_OTROS_Hidrometereológico
-0.05819651793756706,0.7642851422674495,13575,GPD,tail,21.39793168391183,0.090625,Puntarenas_OTROS_Hidrometereológico
-0.05819651793756706,0.7642851422674495,13576,GPD,tail,21.39793168391183,0.090625,Puntarenas_OTROS_Hidrometereológico
-0.05819651793756706,0.7642851422674495,13577,GPD,tail,21.39793168391183,0.090625,Puntarenas_OTROS_Hidrometereológico
-0.05819651793756706,0.7642851422674495,13578,GPD,tail,21.39793168391183,0.090625,Puntarenas_OTROS_Hidrometereológico
-0.05819651793756706,0.7642851422674495,13579,GPD,tail,21.39793168391183,0.090625,Puntarenas_OTROS_Hidrometereológico
-0.05819651793756706,0.7642851422674495,13580,GPD,tail,21.39793168391183,0.090625,Puntarenas_OTROS_Hidrometereológico
-0.05819651793756706,0.7642851422674495,13581,GPD,tail,21.39793168391183,0.090625,Puntarenas_OTROS_Hidrometereológico
-0.05819651793756706,0.7642851422674495,13582,GPD,tail,21.39793168391183,0.090625,Puntarenas_OTROS_Hidrometereológico
-0.05819651793756706,0.7642851422674495,13583,GPD,tail,21.39793168391183,0.090625,Puntarenas_OTROS_Hidrometereológico
-0.05819651793756706,0.7642851422674495,13584,GPD,tail,21.39793168391183,0.090625,Puntarenas_OTROS_Hidrometereológico
-0.05819651793756706,0.7642851422674495,13585,GPD,tail,21.39793168391183,0.090625,Puntarenas_OTROS_Hidrometereológico
-0.1165822592426914,0.9860016030054689,13586,GPD,tail,21.39793168391183,0.090625,Puntarenas_OTROS_Hidrometereológico
-0.1165822592426914,0.9860016030054689,13587,GPD,tail,21.39793168391183,0.090625,Puntarenas_OTROS_Hidrometereológico
-0.1165822592426914,0.9860016030054689,13588,GPD,tail,21.39793168391183,0.090625,Puntarenas_OTROS_Hidrometereológico
-0.1165822592426914,0.9860016030054689,13589,GPD,tail,21.39793168391183,0.090625,Puntarenas_OTROS_Hidrometereológico
-0.1165822592426914,0.9860016030054689,13590,GPD,tail,21.39793168391183,0.090625,Puntarenas_OTROS_Hidrometereológico
-0.1165822592426914,0.9860016030054689,13591,GPD,tail,21.39793168391183,0.090625,Puntarenas_OTROS_Hidrometereológico
-0.1165822592426914,0.9860016030054689,13592,GPD,tail,21.39793168391183,0.090625,Puntarenas_OTROS_Hidrometereológico
-0.1165822592426914,0.9860016030054689,13593,GPD,tail,21.39793168391183,0.090625,Puntarenas_OTROS_Hidrometereológico
-0.1165822592426914,0.9860016030054689,13594,GPD,tail,21.39793168391183,0.090625,Puntarenas_OTROS_Hidrometereológico
-0.1165822592426914,0.9860016030054689,13595,GPD,tail,21.39793168391183,0.090625,Puntarenas_OTROS_Hidrometereológico
-0.1165822592426914,0.9860016030054689,13596,GPD,tail,21.39793168391183,0.090625,Puntarenas_OTROS_Hidrometereológico
-0.1165822592426914,0.9860016030054689,13597,GPD,tail,21.39793168391183,0.090625,Puntarenas_OTROS_Hidrometereológico
-0.1165822592426914,0.9860016030054689,13598,GPD,tail,21.39793168391183,0.090625,Puntarenas_OTROS_Hidrometereológico
-0.04984329572119178,0.8659264130964066,13599,GPD,tail,21.39793168391183,0.090625,Puntarenas_OTROS_Hidrometereológico
-0.04984329572119178,0.8659264130964066,13600,GPD,tail,21.39793168391183,0.090625,Puntarenas_OTROS_Hidrometereológico
-0.04984329572119178,0.8659264130964066,13601,GPD,tail,21.39793168391183,0.090625,Puntarenas_OTROS_Hidrometereológico
-0.04984329572119178,0.8659264130964066,13602,GPD,tail,21.39793168391183,0.090625,Puntarenas_OTROS_Hidrometereológico
-0.04984329572119178,0.8659264130964066,13603,GPD,tail,21.39793168391183,0.090625,Puntarenas_OTROS_Hidrometereológico
-0.04984329572119178,0.8659264130964066,13604,GPD,tail,21.39793168391183,0.090625,Puntarenas_OTROS_Hidrometereológico
-0.04984329572119178,0.8659264130964066,13605,GPD,tail,21.39793168391183,0.090625,Puntarenas_OTROS_Hidrometereológico
-0.04984329572119178,0.8659264130964066,13606,GPD,tail,21.39793168391183,0.090625,Puntarenas_OTROS_Hidrometereológico
-0.04984329572119178,0.8659264130964066,13607,GPD,tail,21.39793168391183,0.090625,Puntarenas_OTROS_Hidrometereológico
-0.04984329572119178,0.8659264130964066,13608,GPD,tail,21.39793168391183,0.090625,Puntarenas_OTROS_Hidrometereológico
-0.04984329572119178,0.8659264130964066,13609,GPD,tail,21.39793168391183,0.090625,Puntarenas_OTROS_Hidrometereológico
-0.04984329572119178,0.8659264130964066,13610,GPD,tail,21.39793168391183,0.090625,Puntarenas_OTROS_Hidrometereológico
-0.04984329572119178,0.8659264130964066,13611,GPD,tail,21.39793168391183,0.090625,Puntarenas_OTROS_Hidrometereológico
-0.04984329572119178,0.8659264130964066,13612,GPD,tail,21.39793168391183,0.090625,Puntarenas_OTROS_Hidrometereológico
-0.04984329572119178,0.8659264130964066,13613,GPD,tail,21.39793168391183,0.090625,Puntarenas_OTROS_Hidrometereológico
-0.04984329572119178,0.8659264130964066,13614,GPD,tail,21.39793168391183,0.090625,Puntarenas_OTROS_Hidrometereológico
-0.04984329572119178,0.8659264130964066,13615,GPD,tail,21.39793168391183,0.090625,Puntarenas_OTROS_Hidrometereológico
-0.04984329572119178,0.8659264130964066,13616,GPD,tail,21.39793168391183,0.090625,Puntarenas_OTROS_Hidrometereológico
-0.04984329572119178,0.8659264130964066,13617,GPD,tail,21.39793168391183,0.090625,Puntarenas_OTROS_Hidrometereológico
-0.04984329572119178,0.8659264130964066,13618,GPD,tail,21.39793168391183,0.090625,Puntarenas_OTROS_Hidrometereológico
-0.04984329572119178,0.8659264130964066,13619,GPD,tail,21.39793168391183,0.090625,Puntarenas_OTROS_Hidrometereológico
-0.04984329572119178,0.8659264130964066,13620,GPD,tail,21.39793168391183,0.090625,Puntarenas_OTROS_Hidrometereológico
-0.04984329572119178,0.8659264130964066,13621,GPD,tail,21.39793168391183,0.090625,Puntarenas_OTROS_Hidrometereológico
-0.04984329572119178,0.8659264130964066,13622,GPD,tail,21.39793168391183,0.090625,Puntarenas_OTROS_Hidrometereológico
-0.04984329572119178,0.8659264130964066,13623,GPD,tail,21.39793168391183,0.090625,Puntarenas_OTROS_Hidrometereológico
-0.04984329572119178,0.8659264130964066,13624,GPD,tail,21.39793168391183,0.090625,Puntarenas_OTROS_Hidrometereológico
-0.04984329572119178,0.8659264130964066,13625,GPD,tail,21.39793168391183,0.090625,Puntarenas_OTROS_Hidrometereológico
-0.04984329572119178,0.8659264130964066,13626,GPD,tail,21.39793168391183,0.090625,Puntarenas_OTROS_Hidrometereológico
-0.04984329572119178,0.8659264130964066,13627,GPD,tail,21.39793168391183,0.090625,Puntarenas_OTROS_Hidrometereológico
-0.04984329572119178,0.8659264130964066,13628,GPD,tail,21.39793168391183,0.090625,Puntarenas_OTROS_Hidrometereológico
-0.04984329572119178,0.8659264130964066,13629,GPD,tail,21.39793168391183,0.090625,Puntarenas_OTROS_Hidrometereológico
-0.04984329572119178,0.8659264130964066,13630,GPD,tail,21.39793168391183,0.090625,Puntarenas_OTROS_Hidrometereológico
-0.04984329572119178,0.8659264130964066,13631,GPD,tail,21.39793168391183,0.090625,Puntarenas_OTROS_Hidrometereológico
-0.04984329572119178,0.8659264130964066,13632,GPD,tail,21.39793168391183,0.090625,Puntarenas_OTROS_Hidrometereológico
-0.04984329572119178,0.8659264130964066,13633,GPD,tail,21.39793168391183,0.090625,Puntarenas_OTROS_Hidrometereológico
-0.04984329572119178,0.8659264130964066,13634,GPD,tail,21.39793168391183,0.090625,Puntarenas_OTROS_Hidrometereológico
-0.04984329572119178,0.8659264130964066,13635,GPD,tail,21.39793168391183,0.090625,Puntarenas_OTROS_Hidrometereológico
-0.04984329572119178,0.8659264130964066,13636,GPD,tail,21.39793168391183,0.090625,Puntarenas_OTROS_Hidrometereológico
-0.04984329572119178,0.8659264130964066,13637,GPD,tail,21.39793168391183,0.090625,Puntarenas_OTROS_Hidrometereológico
-0.04984329572119178,0.8659264130964066,13638,GPD,tail,21.39793168391183,0.090625,Puntarenas_OTROS_Hidrometereológico
-0.04984329572119178,0.8659264130964066,13639,GPD,tail,21.39793168391183,0.090625,Puntarenas_OTROS_Hidrometereológico
-0.04984329572119178,0.8659264130964066,13640,GPD,tail,21.39793168391183,0.090625,Puntarenas_OTROS_Hidrometereológico
-0.04984329572119178,0.8659264130964066,13641,GPD,tail,21.39793168391183,0.090625,Puntarenas_OTROS_Hidrometereológico
-0.04984329572119178,0.8659264130964066,13642,GPD,tail,21.39793168391183,0.090625,Puntarenas_OTROS_Hidrometereológico
-0.04984329572119178,0.8659264130964066,13643,GPD,tail,21.39793168391183,0.090625,Puntarenas_OTROS_Hidrometereológico
-0.04984329572119178,0.8659264130964066,13644,GPD,tail,21.39793168391183,0.090625,Puntarenas_OTROS_Hidrometereológico
-0.04984329572119178,0.8659264130964066,13645,GPD,tail,21.39793168391183,0.090625,Puntarenas_OTROS_Hidrometereológico
-0.04984329572119178,0.8659264130964066,13646,GPD,tail,21.39793168391183,0.090625,Puntarenas_OTROS_Hidrometereológico
-0.04984329572119178,0.8659264130964066,13647,GPD,tail,21.39793168391183,0.090625,Puntarenas_OTROS_Hidrometereológico
-0.04984329572119178,0.8659264130964066,13648,GPD,tail,21.39793168391183,0.090625,Puntarenas_OTROS_Hidrometereológico
-0.04984329572119178,0.8659264130964066,13649,GPD,tail,21.39793168391183,0.090625,Puntarenas_OTROS_Hidrometereológico
-0.04984329572119178,0.8659264130964066,13650,GPD,tail,21.39793168391183,0.090625,Puntarenas_OTROS_Hidrometereológico
-0.04984329572119178,0.8659264130964066,13651,GPD,tail,21.39793168391183,0.090625,Puntarenas_OTROS_Hidrometereológico
-0.04984329572119178,0.8659264130964066,13652,GPD,tail,21.39793168391183,0.090625,Puntarenas_OTROS_Hidrometereológico
-0.04984329572119178,0.8659264130964066,13653,GPD,tail,21.39793168391183,0.090625,Puntarenas_OTROS_Hidrometereológico
-0.04984329572119178,0.8659264130964066,13654,GPD,tail,21.39793168391183,0.090625,Puntarenas_OTROS_Hidrometereológico
-0.04984329572119178,0.8659264130964066,13655,GPD,tail,21.39793168391183,0.090625,Puntarenas_OTROS_Hidrometereológico
-0.04984329572119178,0.8659264130964066,13656,GPD,tail,21.39793168391183,0.090625,Puntarenas_OTROS_Hidrometereológico
-0.04984329572119178,0.8659264130964066,13657,GPD,tail,21.39793168391183,0.090625,Puntarenas_OTROS_Hidrometereológico
-0.04984329572119178,0.8659264130964066,13658,GPD,tail,21.39793168391183,0.090625,Puntarenas_OTROS_Hidrometereológico
-0.04984329572119178,0.8659264130964066,13659,GPD,tail,21.39793168391183,0.090625,Puntarenas_OTROS_Hidrometereológico
-0.04984329572119178,0.8659264130964066,13660,GPD,tail,21.39793168391183,0.090625,Puntarenas_OTROS_Hidrometereológico
-0.04984329572119178,0.8659264130964066,13661,GPD,tail,21.39793168391183,0.090625,Puntarenas_OTROS_Hidrometereológico
-0.12016834699924961,0.9863163997168937,13662,GPD,tail,21.39793168391183,0.090625,Puntarenas_OTROS_Hidrometereológico
-0.12016834699924961,0.9863163997168937,13663,GPD,tail,21.39793168391183,0.090625,Puntarenas_OTROS_Hidrometereológico
-0.12016834699924961,0.9863163997168937,13664,GPD,tail,21.39793168391183,0.090625,Puntarenas_OTROS_Hidrometereológico
-0.12016834699924961,0.9863163997168937,13665,GPD,tail,21.39793168391183,0.090625,Puntarenas_OTROS_Hidrometereológico
-0.12016834699924961,0.9863163997168937,13666,GPD,tail,21.39793168391183,0.090625,Puntarenas_OTROS_Hidrometereológico
-0.033421906231582046,0.8228491073813395,13667,GPD,tail,21.39793168391183,0.090625,Puntarenas_OTROS_Hidrometereológico
-0.033421906231582046,0.8228491073813395,13668,GPD,tail,21.39793168391183,0.090625,Puntarenas_OTROS_Hidrometereológico
-0.033421906231582046,0.8228491073813395,13669,GPD,tail,21.39793168391183,0.090625,Puntarenas_OTROS_Hidrometereológico
-0.033421906231582046,0.8228491073813395,13670,GPD,tail,21.39793168391183,0.090625,Puntarenas_OTROS_Hidrometereológico
-0.033421906231582046,0.8228491073813395,13671,GPD,tail,21.39793168391183,0.090625,Puntarenas_OTROS_Hidrometereológico
-0.033421906231582046,0.8228491073813395,13672,GPD,tail,21.39793168391183,0.090625,Puntarenas_OTROS_Hidrometereológico
-0.033421906231582046,0.8228491073813395,13673,GPD,tail,21.39793168391183,0.090625,Puntarenas_OTROS_Hidrometereológico
-0.033421906231582046,0.8228491073813395,13674,GPD,tail,21.39793168391183,0.090625,Puntarenas_OTROS_Hidrometereológico
-0.033421906231582046,0.8228491073813395,13675,GPD,tail,21.39793168391183,0.090625,Puntarenas_OTROS_Hidrometereológico
-0.033421906231582046,0.8228491073813395,13676,GPD,tail,21.39793168391183,0.090625,Puntarenas_OTROS_Hidrometereológico
-0.033421906231582046,0.8228491073813395,13677,GPD,tail,21.39793168391183,0.090625,Puntarenas_OTROS_Hidrometereológico
-0.033421906231582046,0.8228491073813395,13678,GPD,tail,21.39793168391183,0.090625,Puntarenas_OTROS_Hidrometereológico
-0.033421906231582046,0.8228491073813395,13679,GPD,tail,21.39793168391183,0.090625,Puntarenas_OTROS_Hidrometereológico
-0.033421906231582046,0.8228491073813395,13680,GPD,tail,21.39793168391183,0.090625,Puntarenas_OTROS_Hidrometereológico
-0.033421906231582046,0.8228491073813395,13681,GPD,tail,21.39793168391183,0.090625,Puntarenas_OTROS_Hidrometereológico
-0.033421906231582046,0.8228491073813395,13682,GPD,tail,21.39793168391183,0.090625,Puntarenas_OTROS_Hidrometereológico
-0.033421906231582046,0.8228491073813395,13683,GPD,tail,21.39793168391183,0.090625,Puntarenas_OTROS_Hidrometereológico
-0.033421906231582046,0.8228491073813395,13684,GPD,tail,21.39793168391183,0.090625,Puntarenas_OTROS_Hidrometereológico
-0.033421906231582046,0.8228491073813395,13685,GPD,tail,21.39793168391183,0.090625,Puntarenas_OTROS_Hidrometereológico
-0.033421906231582046,0.8228491073813395,13686,GPD,tail,21.39793168391183,0.090625,Puntarenas_OTROS_Hidrometereológico
-0.033421906231582046,0.8228491073813395,13687,GPD,tail,21.39793168391183,0.090625,Puntarenas_OTROS_Hidrometereológico
-0.033421906231582046,0.8228491073813395,13688,GPD,tail,21.39793168391183,0.090625,Puntarenas_OTROS_Hidrometereológico
-0.033421906231582046,0.8228491073813395,13689,GPD,tail,21.39793168391183,0.090625,Puntarenas_OTROS_Hidrometereológico
-0.033421906231582046,0.8228491073813395,13690,GPD,tail,21.39793168391183,0.090625,Puntarenas_OTROS_Hidrometereológico
-0.033421906231582046,0.8228491073813395,13691,GPD,tail,21.39793168391183,0.090625,Puntarenas_OTROS_Hidrometereológico
-0.033421906231582046,0.8228491073813395,13692,GPD,tail,21.39793168391183,0.090625,Puntarenas_OTROS_Hidrometereológico
-0.033421906231582046,0.8228491073813395,13693,GPD,tail,21.39793168391183,0.090625,Puntarenas_OTROS_Hidrometereológico
-0.033421906231582046,0.8228491073813395,13694,GPD,tail,21.39793168391183,0.090625,Puntarenas_OTROS_Hidrometereológico
-0.033421906231582046,0.8228491073813395,13695,GPD,tail,21.39793168391183,0.090625,Puntarenas_OTROS_Hidrometereológico
-0.033421906231582046,0.8228491073813395,13696,GPD,tail,21.39793168391183,0.090625,Puntarenas_OTROS_Hidrometereológico
-0.033421906231582046,0.8228491073813395,13697,GPD,tail,21.39793168391183,0.090625,Puntarenas_OTROS_Hidrometereológico
-0.033421906231582046,0.8228491073813395,13698,GPD,tail,21.39793168391183,0.090625,Puntarenas_OTROS_Hidrometereológico
-0.033421906231582046,0.8228491073813395,13699,GPD,tail,21.39793168391183,0.090625,Puntarenas_OTROS_Hidrometereológico
-0.033421906231582046,0.8228491073813395,13700,GPD,tail,21.39793168391183,0.090625,Puntarenas_OTROS_Hidrometereológico
-0.1325697483694815,0.9793550976237271,13701,GPD,tail,21.39793168391183,0.090625,Puntarenas_OTROS_Hidrometereológico
-0.1325697483694815,0.9793550976237271,13702,GPD,tail,21.39793168391183,0.090625,Puntarenas_OTROS_Hidrometereológico
-0.1325697483694815,0.9793550976237271,13703,GPD,tail,21.39793168391183,0.090625,Puntarenas_OTROS_Hidrometereológico
-0.1325697483694815,0.9793550976237271,13704,GPD,tail,21.39793168391183,0.090625,Puntarenas_OTROS_Hidrometereológico
-0.1325697483694815,0.9793550976237271,13705,GPD,tail,21.39793168391183,0.090625,Puntarenas_OTROS_Hidrometereológico
-0.07847020752719887,0.984365066072952,13706,GPD,tail,21.39793168391183,0.090625,Puntarenas_OTROS_Hidrometereológico
-0.07847020752719887,0.984365066072952,13707,GPD,tail,21.39793168391183,0.090625,Puntarenas_OTROS_Hidrometereológico
-0.07847020752719887,0.984365066072952,13708,GPD,tail,21.39793168391183,0.090625,Puntarenas_OTROS_Hidrometereológico
-0.07847020752719887,0.984365066072952,13709,GPD,tail,21.39793168391183,0.090625,Puntarenas_OTROS_Hidrometereológico
-0.07847020752719887,0.984365066072952,13710,GPD,tail,21.39793168391183,0.090625,Puntarenas_OTROS_Hidrometereológico
-0.07847020752719887,0.984365066072952,13711,GPD,tail,21.39793168391183,0.090625,Puntarenas_OTROS_Hidrometereológico
-0.07847020752719887,0.984365066072952,13712,GPD,tail,21.39793168391183,0.090625,Puntarenas_OTROS_Hidrometereológico
-0.07847020752719887,0.984365066072952,13713,GPD,tail,21.39793168391183,0.090625,Puntarenas_OTROS_Hidrometereológico
-0.07847020752719887,0.984365066072952,13714,GPD,tail,21.39793168391183,0.090625,Puntarenas_OTROS_Hidrometereológico
-0.07847020752719887,0.984365066072952,13715,GPD,tail,21.39793168391183,0.090625,Puntarenas_OTROS_Hidrometereológico
-0.07847020752719887,0.984365066072952,13716,GPD,tail,21.39793168391183,0.090625,Puntarenas_OTROS_Hidrometereológico
-0.07847020752719887,0.984365066072952,13717,GPD,tail,21.39793168391183,0.090625,Puntarenas_OTROS_Hidrometereológico
-0.11343723367497355,0.9395924736092505,13718,GPD,tail,21.39793168391183,0.090625,Puntarenas_OTROS_Hidrometereológico
-0.11343723367497355,0.9395924736092505,13719,GPD,tail,21.39793168391183,0.090625,Puntarenas_OTROS_Hidrometereológico
-0.11343723367497355,0.9395924736092505,13720,GPD,tail,21.39793168391183,0.090625,Puntarenas_OTROS_Hidrometereológico
-0.11343723367497355,0.9395924736092505,13721,GPD,tail,21.39793168391183,0.090625,Puntarenas_OTROS_Hidrometereológico
-0.11343723367497355,0.9395924736092505,13722,GPD,tail,21.39793168391183,0.090625,Puntarenas_OTROS_Hidrometereológico
-0.11343723367497355,0.9395924736092505,13723,GPD,tail,21.39793168391183,0.090625,Puntarenas_OTROS_Hidrometereológico
-0.11343723367497355,0.9395924736092505,13724,GPD,tail,21.39793168391183,0.090625,Puntarenas_OTROS_Hidrometereológico
-0.11343723367497355,0.9395924736092505,13725,GPD,tail,21.39793168391183,0.090625,Puntarenas_OTROS_Hidrometereológico
-0.12049379526306939,0.8964724060322703,13726,GPD,tail,21.39793168391183,0.090625,Puntarenas_OTROS_Hidrometereológico
-0.12049379526306939,0.8964724060322703,13727,GPD,tail,21.39793168391183,0.090625,Puntarenas_OTROS_Hidrometereológico
-0.12049379526306939,0.8964724060322703,13728,GPD,tail,21.39793168391183,0.090625,Puntarenas_OTROS_Hidrometereológico
-0.12049379526306939,0.8964724060322703,13729,GPD,tail,21.39793168391183,0.090625,Puntarenas_OTROS_Hidrometereológico
-0.12049379526306939,0.8964724060322703,13730,GPD,tail,21.39793168391183,0.090625,Puntarenas_OTROS_Hidrometereológico
-0.12049379526306939,0.8964724060322703,13731,GPD,tail,21.39793168391183,0.090625,Puntarenas_OTROS_Hidrometereológico
-0.12049379526306939,0.8964724060322703,13732,GPD,tail,21.39793168391183,0.090625,Puntarenas_OTROS_Hidrometereológico
-0.12049379526306939,0.8964724060322703,13733,GPD,tail,21.39793168391183,0.090625,Puntarenas_OTROS_Hidrometereológico
-0.12049379526306939,0.8964724060322703,13734,GPD,tail,21.39793168391183,0.090625,Puntarenas_OTROS_Hidrometereológico
-0.12049379526306939,0.8964724060322703,13735,GPD,tail,21.39793168391183,0.090625,Puntarenas_OTROS_Hidrometereológico
0.010562950568892393,0.710700295363563,13736,GPD,tail,21.39793168391183,0.090625,Puntarenas_OTROS_Hidrometereológico
0.010562950568892393,0.710700295363563,13737,GPD,tail,21.39793168391183,0.090625,Puntarenas_OTROS_Hidrometereológico
0.010562950568892393,0.710700295363563,13738,GPD,tail,21.39793168391183,0.090625,Puntarenas_OTROS_Hidrometereológico
0.010562950568892393,0.710700295363563,13739,GPD,tail,21.39793168391183,0.090625,Puntarenas_OTROS_Hidrometereológico
0.010562950568892393,0.710700295363563,13740,GPD,tail,21.39793168391183,0.090625,Puntarenas_OTROS_Hidrometereológico
0.010562950568892393,0.710700295363563,13741,GPD,tail,21.39793168391183,0.090625,Puntarenas_OTROS_Hidrometereológico
0.010562950568892393,0.710700295363563,13742,GPD,tail,21.39793168391183,0.090625,Puntarenas_OTROS_Hidrometereológico
0.010562950568892393,0.710700295363563,13743,GPD,tail,21.39793168391183,0.090625,Puntarenas_OTROS_Hidrometereológico
0.010562950568892393,0.710700295363563,13744,GPD,tail,21.39793168391183,0.090625,Puntarenas_OTROS_Hidrometereológico
0.010562950568892393,0.710700295363563,13745,GPD,tail,21.39793168391183,0.090625,Puntarenas_OTROS_Hidrometereológico
0.03206699695008455,0.7212010638309888,13746,GPD,tail,21.39793168391183,0.090625,Puntarenas_OTROS_Hidrometereológico
0.03206699695008455,0.7212010638309888,13747,GPD,tail,21.39793168391183,0.090625,Puntarenas_OTROS_Hidrometereológico
0.03206699695008455,0.7212010638309888,13748,GPD,tail,21.39793168391183,0.090625,Puntarenas_OTROS_Hidrometereológico
0.03206699695008455,0.7212010638309888,13749,GPD,tail,21.39793168391183,0.090625,Puntarenas_OTROS_Hidrometereológico
0.03206699695008455,0.7212010638309888,13750,GPD,tail,21.39793168391183,0.090625,Puntarenas_OTROS_Hidrometereológico
0.03206699695008455,0.7212010638309888,13751,GPD,tail,21.39793168391183,0.090625,Puntarenas_OTROS_Hidrometereológico
0.03206699695008455,0.7212010638309888,13752,GPD,tail,21.39793168391183,0.090625,Puntarenas_OTROS_Hidrometereológico
0.03206699695008455,0.7212010638309888,13753,GPD,tail,21.39793168391183,0.090625,Puntarenas_OTROS_Hidrometereológico
0.03206699695008455,0.7212010638309888,13754,GPD,tail,21.39793168391183,0.090625,Puntarenas_OTROS_Hidrometereológico
0.03206699695008455,0.7212010638309888,13755,GPD,tail,21.39793168391183,0.090625,Puntarenas_OTROS_Hidrometereológico
0.03206699695008455,0.7212010638309888,13756,GPD,tail,21.39793168391183,0.090625,Puntarenas_OTROS_Hidrometereológico
0.03153216011913543,0.7015983849608053,13757,GPD,tail,21.39793168391183,0.090625,Puntarenas_OTROS_Hidrometereológico
0.03153216011913543,0.7015983849608053,13758,GPD,tail,21.39793168391183,0.090625,Puntarenas_OTROS_Hidrometereológico
0.08287032037135889,0.6999869433555646,13759,GPD,tail,21.39793168391183,0.090625,Puntarenas_OTROS_Hidrometereológico
0.08287032037135889,0.6999869433555646,13760,GPD,tail,21.39793168391183,0.090625,Puntarenas_OTROS_Hidrometereológico
0.08287032037135889,0.6999869433555646,13761,GPD,tail,21.39793168391183,0.090625,Puntarenas_OTROS_Hidrometereológico
0.08287032037135889,0.6999869433555646,13762,GPD,tail,21.39793168391183,0.090625,Puntarenas_OTROS_Hidrometereológico
0.032147831566186044,0.7393597683867172,13763,GPD,tail,21.39793168391183,0.090625,Puntarenas_OTROS_Hidrometereológico
0.032147831566186044,0.7393597683867172,13764,GPD,tail,21.39793168391183,0.090625,Puntarenas_OTROS_Hidrometereológico
0.032147831566186044,0.7393597683867172,13765,GPD,tail,21.39793168391183,0.090625,Puntarenas_OTROS_Hidrometereológico
0.032147831566186044,0.7393597683867172,13766,GPD,tail,21.39793168391183,0.090625,Puntarenas_OTROS_Hidrometereológico
0.032147831566186044,0.7393597683867172,13767,GPD,tail,21.39793168391183,0.090625,Puntarenas_OTROS_Hidrometereológico
0.032147831566186044,0.7393597683867172,13768,GPD,tail,21.39793168391183,0.090625,Puntarenas_OTROS_Hidrometereológico
-0.11074379389037674,0.9819425474828096,13769,GPD,tail,21.39793168391183,0.090625,Puntarenas_OTROS_Hidrometereológico
-0.11074379389037674,0.9819425474828096,13770,GPD,tail,21.39793168391183,0.090625,Puntarenas_OTROS_Hidrometereológico
-0.11304042335824652,0.8641847233928899,13771,GPD,tail,21.39793168391183,0.090625,Puntarenas_OTROS_Hidrometereológico
-0.11304042335824652,0.8641847233928899,13772,GPD,tail,21.39793168391183,0.090625,Puntarenas_OTROS_Hidrometereológico
-0.11304042335824652,0.8641847233928899,13773,GPD,tail,21.39793168391183,0.090625,Puntarenas_OTROS_Hidrometereológico
-0.11304042335824652,0.8641847233928899,13774,GPD,tail,21.39793168391183,0.090625,Puntarenas_OTROS_Hidrometereológico
-0.11304042335824652,0.8641847233928899,13775,GPD,tail,21.39793168391183,0.090625,Puntarenas_OTROS_Hidrometereológico
-0.11304042335824652,0.8641847233928899,13776,GPD,tail,21.39793168391183,0.090625,Puntarenas_OTROS_Hidrometereológico
-0.11304042335824652,0.8641847233928899,13777,GPD,tail,21.39793168391183,0.090625,Puntarenas_OTROS_Hidrometereológico
-0.11304042335824652,0.8641847233928899,13778,GPD,tail,21.39793168391183,0.090625,Puntarenas_OTROS_Hidrometereológico
-0.11304042335824652,0.8641847233928899,13779,GPD,tail,21.39793168391183,0.090625,Puntarenas_OTROS_Hidrometereológico
-0.11304042335824652,0.8641847233928899,13780,GPD,tail,21.39793168391183,0.090625,Puntarenas_OTROS_Hidrometereológico
-0.11304042335824652,0.8641847233928899,13781,GPD,tail,21.39793168391183,0.090625,Puntarenas_OTROS_Hidrometereológico
-0.11304042335824652,0.8641847233928899,13782,GPD,tail,21.39793168391183,0.090625,Puntarenas_OTROS_Hidrometereológico
-0.11304042335824652,0.8641847233928899,13783,GPD,tail,21.39793168391183,0.090625,Puntarenas_OTROS_Hidrometereológico
-0.11304042335824652,0.8641847233928899,13784,GPD,tail,21.39793168391183,0.090625,Puntarenas_OTROS_Hidrometereológico
-0.11304042335824652,0.8641847233928899,13785,GPD,tail,21.39793168391183,0.090625,Puntarenas_OTROS_Hidrometereológico
-0.11304042335824652,0.8641847233928899,13786,GPD,tail,21.39793168391183,0.090625,Puntarenas_OTROS_Hidrometereológico
-0.11304042335824652,0.8641847233928899,13787,GPD,tail,21.39793168391183,0.090625,Puntarenas_OTROS_Hidrometereológico
-0.10816879498622047,1.007950294522763,13788,GPD,tail,21.39793168391183,0.090625,Puntarenas_OTROS_Hidrometereológico
-0.10816879498622047,1.007950294522763,13789,GPD,tail,21.39793168391183,0.090625,Puntarenas_OTROS_Hidrometereológico
-0.10816879498622047,1.007950294522763,13790,GPD,tail,21.39793168391183,0.090625,Puntarenas_OTROS_Hidrometereológico
-0.10816879498622047,1.007950294522763,13791,GPD,tail,21.39793168391183,0.090625,Puntarenas_OTROS_Hidrometereológico
-0.10816879498622047,1.007950294522763,13792,GPD,tail,21.39793168391183,0.090625,Puntarenas_OTROS_Hidrometereológico
-0.10816879498622047,1.007950294522763,13793,GPD,tail,21.39793168391183,0.090625,Puntarenas_OTROS_Hidrometereológico
-0.10816879498622047,1.007950294522763,13794,GPD,tail,21.39793168391183,0.090625,Puntarenas_OTROS_Hidrometereológico
-0.10816879498622047,1.007950294522763,13795,GPD,tail,21.39793168391183,0.090625,Puntarenas_OTROS_Hidrometereológico
-0.10816879498622047,1.007950294522763,13796,GPD,tail,21.39793168391183,0.090625,Puntarenas_OTROS_Hidrometereológico
-0.10816879498622047,1.007950294522763,13797,GPD,tail,21.39793168391183,0.090625,Puntarenas_OTROS_Hidrometereológico
-0.10816879498622047,1.007950294522763,13798,GPD,tail,21.39793168391183,0.090625,Puntarenas_OTROS_Hidrometereológico
-0.10816879498622047,1.007950294522763,13799,GPD,tail,21.39793168391183,0.090625,Puntarenas_OTROS_Hidrometereológico
-0.10816879498622047,1.007950294522763,13800,GPD,tail,21.39793168391183,0.090625,Puntarenas_OTROS_Hidrometereológico
-0.10816879498622047,1.007950294522763,13801,GPD,tail,21.39793168391183,0.090625,Puntarenas_OTROS_Hidrometereológico
-0.10816879498622047,1.007950294522763,13802,GPD,tail,21.39793168391183,0.090625,Puntarenas_OTROS_Hidrometereológico
-0.10816879498622047,1.007950294522763,13803,GPD,tail,21.39793168391183,0.090625,Puntarenas_OTROS_Hidrometereológico
-0.10816879498622047,1.007950294522763,13804,GPD,tail,21.39793168391183,0.090625,Puntarenas_OTROS_Hidrometereológico
-0.10816879498622047,1.007950294522763,13805,GPD,tail,21.39793168391183,0.090625,Puntarenas_OTROS_Hidrometereológico
-0.10816879498622047,1.007950294522763,13806,GPD,tail,21.39793168391183,0.090625,Puntarenas_OTROS_Hidrometereológico
-0.10816879498622047,1.007950294522763,13807,GPD,tail,21.39793168391183,0.090625,Puntarenas_OTROS_Hidrometereológico
-0.10816879498622047,1.007950294522763,13808,GPD,tail,21.39793168391183,0.090625,Puntarenas_OTROS_Hidrometereológico
-0.10816879498622047,1.007950294522763,13809,GPD,tail,21.39793168391183,0.090625,Puntarenas_OTROS_Hidrometereológico
-0.10816879498622047,1.007950294522763,13810,GPD,tail,21.39793168391183,0.090625,Puntarenas_OTROS_Hidrometereológico
-0.10816879498622047,1.007950294522763,13811,GPD,tail,21.39793168391183,0.090625,Puntarenas_OTROS_Hidrometereológico
-0.10816879498622047,1.007950294522763,13812,GPD,tail,21.39793168391183,0.090625,Puntarenas_OTROS_Hidrometereológico
-0.10816879498622047,1.007950294522763,13813,GPD,tail,21.39793168391183,0.090625,Puntarenas_OTROS_Hidrometereológico
-0.10816879498622047,1.007950294522763,13814,GPD,tail,21.39793168391183,0.090625,Puntarenas_OTROS_Hidrometereológico
-0.10816879498622047,1.007950294522763,13815,GPD,tail,21.39793168391183,0.090625,Puntarenas_OTROS_Hidrometereológico
-0.10816879498622047,1.007950294522763,13816,GPD,tail,21.39793168391183,0.090625,Puntarenas_OTROS_Hidrometereológico
-0.10816879498622047,1.007950294522763,13817,GPD,tail,21.39793168391183,0.090625,Puntarenas_OTROS_Hidrometereológico
-0.10816879498622047,1.007950294522763,13818,GPD,tail,21.39793168391183,0.090625,Puntarenas_OTROS_Hidrometereológico
-0.10816879498622047,1.007950294522763,13819,GPD,tail,21.39793168391183,0.090625,Puntarenas_OTROS_Hidrometereológico
-0.10816879498622047,1.007950294522763,13820,GPD,tail,21.39793168391183,0.090625,Puntarenas_OTROS_Hidrometereológico
-0.10816879498622047,1.007950294522763,13821,GPD,tail,21.39793168391183,0.090625,Puntarenas_OTROS_Hidrometereológico
-0.10816879498622047,1.007950294522763,13822,GPD,tail,21.39793168391183,0.090625,Puntarenas_OTROS_Hidrometereológico
-0.10816879498622047,1.007950294522763,13823,GPD,tail,21.39793168391183,0.090625,Puntarenas_OTROS_Hidrometereológico
-0.10816879498622047,1.007950294522763,13824,GPD,tail,21.39793168391183,0.090625,Puntarenas_OTROS_Hidrometereológico
-0.044151806549229275,0.8373229818155833,13825,GPD,tail,21.39793168391183,0.090625,Puntarenas_OTROS_Hidrometereológico
-0.044151806549229275,0.8373229818155833,13826,GPD,tail,21.39793168391183,0.090625,Puntarenas_OTROS_Hidrometereológico
-0.044151806549229275,0.8373229818155833,13827,GPD,tail,21.39793168391183,0.090625,Puntarenas_OTROS_Hidrometereológico
-0.044151806549229275,0.8373229818155833,13828,GPD,tail,21.39793168391183,0.090625,Puntarenas_OTROS_Hidrometereológico
-0.044151806549229275,0.8373229818155833,13829,GPD,tail,21.39793168391183,0.090625,Puntarenas_OTROS_Hidrometereológico
-0.044151806549229275,0.8373229818155833,13830,GPD,tail,21.39793168391183,0.090625,Puntarenas_OTROS_Hidrometereológico
-0.11304477107519308,0.8495261154925352,13831,GPD,tail,21.39793168391183,0.090625,Puntarenas_OTROS_Hidrometereológico
-0.11304477107519308,0.8495261154925352,13832,GPD,tail,21.39793168391183,0.090625,Puntarenas_OTROS_Hidrometereológico
-0.11304477107519308,0.8495261154925352,13833,GPD,tail,21.39793168391183,0.090625,Puntarenas_OTROS_Hidrometereológico
-0.11304477107519308,0.8495261154925352,13834,GPD,tail,21.39793168391183,0.090625,Puntarenas_OTROS_Hidrometereológico
-0.11304477107519308,0.8495261154925352,13835,GPD,tail,21.39793168391183,0.090625,Puntarenas_OTROS_Hidrometereológico
-0.11304477107519308,0.8495261154925352,13836,GPD,tail,21.39793168391183,0.090625,Puntarenas_OTROS_Hidrometereológico
-0.11304477107519308,0.8495261154925352,13837,GPD,tail,21.39793168391183,0.090625,Puntarenas_OTROS_Hidrometereológico
-0.07913406893016348,0.8382414795230515,13838,GPD,tail,21.39793168391183,0.090625,Puntarenas_OTROS_Hidrometereológico
-0.07913406893016348,0.8382414795230515,13839,GPD,tail,21.39793168391183,0.090625,Puntarenas_OTROS_Hidrometereológico
-0.07913406893016348,0.8382414795230515,13840,GPD,tail,21.39793168391183,0.090625,Puntarenas_OTROS_Hidrometereológico
-0.07913406893016348,0.8382414795230515,13841,GPD,tail,21.39793168391183,0.090625,Puntarenas_OTROS_Hidrometereológico
-0.07913406893016348,0.8382414795230515,13842,GPD,tail,21.39793168391183,0.090625,Puntarenas_OTROS_Hidrometereológico
-0.07913406893016348,0.8382414795230515,13843,GPD,tail,21.39793168391183,0.090625,Puntarenas_OTROS_Hidrometereológico
-0.11502982572372909,0.9374316053522753,13844,GPD,tail,21.39793168391183,0.090625,Puntarenas_OTROS_Hidrometereológico
-0.11502982572372909,0.9374316053522753,13845,GPD,tail,21.39793168391183,0.090625,Puntarenas_OTROS_Hidrometereológico
-0.11502982572372909,0.9374316053522753,13846,GPD,tail,21.39793168391183,0.090625,Puntarenas_OTROS_Hidrometereológico
-0.11502982572372909,0.9374316053522753,13847,GPD,tail,21.39793168391183,0.090625,Puntarenas_OTROS_Hidrometereológico
-0.11502982572372909,0.9374316053522753,13848,GPD,tail,21.39793168391183,0.090625,Puntarenas_OTROS_Hidrometereológico
-0.11502982572372909,0.9374316053522753,13849,GPD,tail,21.39793168391183,0.090625,Puntarenas_OTROS_Hidrometereológico
-0.11502982572372909,0.9374316053522753,13850,GPD,tail,21.39793168391183,0.090625,Puntarenas_OTROS_Hidrometereológico
-0.11502982572372909,0.9374316053522753,13851,GPD,tail,21.39793168391183,0.090625,Puntarenas_OTROS_Hidrometereológico
-0.11502982572372909,0.9374316053522753,13852,GPD,tail,21.39793168391183,0.090625,Puntarenas_OTROS_Hidrometereológico
-0.11502982572372909,0.9374316053522753,13853,GPD,tail,21.39793168391183,0.090625,Puntarenas_OTROS_Hidrometereológico
-0.11502982572372909,0.9374316053522753,13854,GPD,tail,21.39793168391183,0.090625,Puntarenas_OTROS_Hidrometereológico
-0.11502982572372909,0.9374316053522753,13855,GPD,tail,21.39793168391183,0.090625,Puntarenas_OTROS_Hidrometereológico
-0.11502982572372909,0.9374316053522753,13856,GPD,tail,21.39793168391183,0.090625,Puntarenas_OTROS_Hidrometereológico
-0.11502982572372909,0.9374316053522753,13857,GPD,tail,21.39793168391183,0.090625,Puntarenas_OTROS_Hidrometereológico
-0.11502982572372909,0.9374316053522753,13858,GPD,tail,21.39793168391183,0.090625,Puntarenas_OTROS_Hidrometereológico
-0.11502982572372909,0.9374316053522753,13859,GPD,tail,21.39793168391183,0.090625,Puntarenas_OTROS_Hidrometereológico
-0.11502982572372909,0.9374316053522753,13860,GPD,tail,21.39793168391183,0.090625,Puntarenas_OTROS_Hidrometereológico
-0.11502982572372909,0.9374316053522753,13861,GPD,tail,21.39793168391183,0.090625,Puntarenas_OTROS_Hidrometereológico
-0.11502982572372909,0.9374316053522753,13862,GPD,tail,21.39793168391183,0.090625,Puntarenas_OTROS_Hidrometereológico
-0.11502982572372909,0.9374316053522753,13863,GPD,tail,21.39793168391183,0.090625,Puntarenas_OTROS_Hidrometereológico
-0.11502982572372909,0.9374316053522753,13864,GPD,tail,21.39793168391183,0.090625,Puntarenas_OTROS_Hidrometereológico
-0.11502982572372909,0.9374316053522753,13865,GPD,tail,21.39793168391183,0.090625,Puntarenas_OTROS_Hidrometereológico
-0.11502982572372909,0.9374316053522753,13866,GPD,tail,21.39793168391183,0.090625,Puntarenas_OTROS_Hidrometereológico
-0.11502982572372909,0.9374316053522753,13867,GPD,tail,21.39793168391183,0.090625,Puntarenas_OTROS_Hidrometereológico
-0.11502982572372909,0.9374316053522753,13868,GPD,tail,21.39793168391183,0.090625,Puntarenas_OTROS_Hidrometereológico
-0.11502982572372909,0.9374316053522753,13869,GPD,tail,21.39793168391183,0.090625,Puntarenas_OTROS_Hidrometereológico
-0.11502982572372909,0.9374316053522753,13870,GPD,tail,21.39793168391183,0.090625,Puntarenas_OTROS_Hidrometereológico
-0.11502982572372909,0.9374316053522753,13871,GPD,tail,21.39793168391183,0.090625,Puntarenas_OTROS_Hidrometereológico
-0.11502982572372909,0.9374316053522753,13872,GPD,tail,21.39793168391183,0.090625,Puntarenas_OTROS_Hidrometereológico
-0.11502982572372909,0.9374316053522753,13873,GPD,tail,21.39793168391183,0.090625,Puntarenas_OTROS_Hidrometereológico
-0.11502982572372909,0.9374316053522753,13874,GPD,tail,21.39793168391183,0.090625,Puntarenas_OTROS_Hidrometereológico
-0.11502982572372909,0.9374316053522753,13875,GPD,tail,21.39793168391183,0.090625,Puntarenas_OTROS_Hidrometereológico
-0.11502982572372909,0.9374316053522753,13876,GPD,tail,21.39793168391183,0.090625,Puntarenas_OTROS_Hidrometereológico
-0.11502982572372909,0.9374316053522753,13877,GPD,tail,21.39793168391183,0.090625,Puntarenas_OTROS_Hidrometereológico
-0.11502982572372909,0.9374316053522753,13878,GPD,tail,21.39793168391183,0.090625,Puntarenas_OTROS_Hidrometereológico
-0.11502982572372909,0.9374316053522753,13879,GPD,tail,21.39793168391183,0.090625,Puntarenas_OTROS_Hidrometereológico
-0.11502982572372909,0.9374316053522753,13880,GPD,tail,21.39793168391183,0.090625,Puntarenas_OTROS_Hidrometereológico
-0.11502982572372909,0.9374316053522753,13881,GPD,tail,21.39793168391183,0.090625,Puntarenas_OTROS_Hidrometereológico
-0.11502982572372909,0.9374316053522753,13882,GPD,tail,21.39793168391183,0.090625,Puntarenas_OTROS_Hidrometereológico
-0.11502982572372909,0.9374316053522753,13883,GPD,tail,21.39793168391183,0.090625,Puntarenas_OTROS_Hidrometereológico
-0.11502982572372909,0.9374316053522753,13884,GPD,tail,21.39793168391183,0.090625,Puntarenas_OTROS_Hidrometereológico
-0.11502982572372909,0.9374316053522753,13885,GPD,tail,21.39793168391183,0.090625,Puntarenas_OTROS_Hidrometereológico
-0.11502982572372909,0.9374316053522753,13886,GPD,tail,21.39793168391183,0.090625,Puntarenas_OTROS_Hidrometereológico
-0.11502982572372909,0.9374316053522753,13887,GPD,tail,21.39793168391183,0.090625,Puntarenas_OTROS_Hidrometereológico
-0.11502982572372909,0.9374316053522753,13888,GPD,tail,21.39793168391183,0.090625,Puntarenas_OTROS_Hidrometereológico
-0.11502982572372909,0.9374316053522753,13889,GPD,tail,21.39793168391183,0.090625,Puntarenas_OTROS_Hidrometereológico
-0.11502982572372909,0.9374316053522753,13890,GPD,tail,21.39793168391183,0.090625,Puntarenas_OTROS_Hidrometereológico
-0.11502982572372909,0.9374316053522753,13891,GPD,tail,21.39793168391183,0.090625,Puntarenas_OTROS_Hidrometereológico
-0.11502982572372909,0.9374316053522753,13892,GPD,tail,21.39793168391183,0.090625,Puntarenas_OTROS_Hidrometereológico
-0.11502982572372909,0.9374316053522753,13893,GPD,tail,21.39793168391183,0.090625,Puntarenas_OTROS_Hidrometereológico
-0.11502982572372909,0.9374316053522753,13894,GPD,tail,21.39793168391183,0.090625,Puntarenas_OTROS_Hidrometereológico
-0.11502982572372909,0.9374316053522753,13895,GPD,tail,21.39793168391183,0.090625,Puntarenas_OTROS_Hidrometereológico
-0.11502982572372909,0.9374316053522753,13896,GPD,tail,21.39793168391183,0.090625,Puntarenas_OTROS_Hidrometereológico
-0.11502982572372909,0.9374316053522753,13897,GPD,tail,21.39793168391183,0.090625,Puntarenas_OTROS_Hidrometereológico
-0.11502982572372909,0.9374316053522753,13898,GPD,tail,21.39793168391183,0.090625,Puntarenas_OTROS_Hidrometereológico
-0.11502982572372909,0.9374316053522753,13899,GPD,tail,21.39793168391183,0.090625,Puntarenas_OTROS_Hidrometereológico
-0.11502982572372909,0.9374316053522753,13900,GPD,tail,21.39793168391183,0.090625,Puntarenas_OTROS_Hidrometereológico
-0.11502982572372909,0.9374316053522753,13901,GPD,tail,21.39793168391183,0.090625,Puntarenas_OTROS_Hidrometereológico
-0.0383830888355705,0.7691811834491972,13902,GPD,tail,21.39793168391183,0.090625,Puntarenas_OTROS_Hidrometereológico
-0.0383830888355705,0.7691811834491972,13903,GPD,tail,21.39793168391183,0.090625,Puntarenas_OTROS_Hidrometereológico
-0.0383830888355705,0.7691811834491972,13904,GPD,tail,21.39793168391183,0.090625,Puntarenas_OTROS_Hidrometereológico
-0.0383830888355705,0.7691811834491972,13905,GPD,tail,21.39793168391183,0.090625,Puntarenas_OTROS_Hidrometereológico
-0.0383830888355705,0.7691811834491972,13906,GPD,tail,21.39793168391183,0.090625,Puntarenas_OTROS_Hidrometereológico
-0.0383830888355705,0.7691811834491972,13907,GPD,tail,21.39793168391183,0.090625,Puntarenas_OTROS_Hidrometereológico
-0.0383830888355705,0.7691811834491972,13908,GPD,tail,21.39793168391183,0.090625,Puntarenas_OTROS_Hidrometereológico
-0.0383830888355705,0.7691811834491972,13909,GPD,tail,21.39793168391183,0.090625,Puntarenas_OTROS_Hidrometereológico
-0.0383830888355705,0.7691811834491972,13910,GPD,tail,21.39793168391183,0.090625,Puntarenas_OTROS_Hidrometereológico
-0.0383830888355705,0.7691811834491972,13911,GPD,tail,21.39793168391183,0.090625,Puntarenas_OTROS_Hidrometereológico
-0.0383830888355705,0.7691811834491972,13912,GPD,tail,21.39793168391183,0.090625,Puntarenas_OTROS_Hidrometereológico
-0.0383830888355705,0.7691811834491972,13913,GPD,tail,21.39793168391183,0.090625,Puntarenas_OTROS_Hidrometereológico
-0.0383830888355705,0.7691811834491972,13914,GPD,tail,21.39793168391183,0.090625,Puntarenas_OTROS_Hidrometereológico
-0.0383830888355705,0.7691811834491972,13915,GPD,tail,21.39793168391183,0.090625,Puntarenas_OTROS_Hidrometereológico
-0.0383830888355705,0.7691811834491972,13916,GPD,tail,21.39793168391183,0.090625,Puntarenas_OTROS_Hidrometereológico
-0.0383830888355705,0.7691811834491972,13917,GPD,tail,21.39793168391183,0.090625,Puntarenas_OTROS_Hidrometereológico
-0.0383830888355705,0.7691811834491972,13918,GPD,tail,21.39793168391183,0.090625,Puntarenas_OTROS_Hidrometereológico
-0.0383830888355705,0.7691811834491972,13919,GPD,tail,21.39793168391183,0.090625,Puntarenas_OTROS_Hidrometereológico
-0.0383830888355705,0.7691811834491972,13920,GPD,tail,21.39793168391183,0.090625,Puntarenas_OTROS_Hidrometereológico
-0.0383830888355705,0.7691811834491972,13921,GPD,tail,21.39793168391183,0.090625,Puntarenas_OTROS_Hidrometereológico
-0.0383830888355705,0.7691811834491972,13922,GPD,tail,21.39793168391183,0.090625,Puntarenas_OTROS_Hidrometereológico
-0.0383830888355705,0.7691811834491972,13923,GPD,tail,21.39793168391183,0.090625,Puntarenas_OTROS_Hidrometereológico
-0.0383830888355705,0.7691811834491972,13924,GPD,tail,21.39793168391183,0.090625,Puntarenas_OTROS_Hidrometereológico
-0.0383830888355705,0.7691811834491972,13925,GPD,tail,21.39793168391183,0.090625,Puntarenas_OTROS_Hidrometereológico
-0.0383830888355705,0.7691811834491972,13926,GPD,tail,21.39793168391183,0.090625,Puntarenas_OTROS_Hidrometereológico
-0.0383830888355705,0.7691811834491972,13927,GPD,tail,21.39793168391183,0.090625,Puntarenas_OTROS_Hidrometereológico
-0.0383830888355705,0.7691811834491972,13928,GPD,tail,21.39793168391183,0.090625,Puntarenas_OTROS_Hidrometereológico
-0.0383830888355705,0.7691811834491972,13929,GPD,tail,21.39793168391183,0.090625,Puntarenas_OTROS_Hidrometereológico
-0.0383830888355705,0.7691811834491972,13930,GPD,tail,21.39793168391183,0.090625,Puntarenas_OTROS_Hidrometereológico
-0.0383830888355705,0.7691811834491972,13931,GPD,tail,21.39793168391183,0.090625,Puntarenas_OTROS_Hidrometereológico
-0.0383830888355705,0.7691811834491972,13932,GPD,tail,21.39793168391183,0.090625,Puntarenas_OTROS_Hidrometereológico
-0.0383830888355705,0.7691811834491972,13933,GPD,tail,21.39793168391183,0.090625,Puntarenas_OTROS_Hidrometereológico
-0.0383830888355705,0.7691811834491972,13934,GPD,tail,21.39793168391183,0.090625,Puntarenas_OTROS_Hidrometereológico
-0.0383830888355705,0.7691811834491972,13935,GPD,tail,21.39793168391183,0.090625,Puntarenas_OTROS_Hidrometereológico
-0.0383830888355705,0.7691811834491972,13936,GPD,tail,21.39793168391183,0.090625,Puntarenas_OTROS_Hidrometereológico
-0.0383830888355705,0.7691811834491972,13937,GPD,tail,21.39793168391183,0.090625,Puntarenas_OTROS_Hidrometereológico
-0.0383830888355705,0.7691811834491972,13938,GPD,tail,21.39793168391183,0.090625,Puntarenas_OTROS_Hidrometereológico
-0.0383830888355705,0.7691811834491972,13939,GPD,tail,21.39793168391183,0.090625,Puntarenas_OTROS_Hidrometereológico
-0.0383830888355705,0.7691811834491972,13940,GPD,tail,21.39793168391183,0.090625,Puntarenas_OTROS_Hidrometereológico
-0.0383830888355705,0.7691811834491972,13941,GPD,tail,21.39793168391183,0.090625,Puntarenas_OTROS_Hidrometereológico
-0.0383830888355705,0.7691811834491972,13942,GPD,tail,21.39793168391183,0.090625,Puntarenas_OTROS_Hidrometereológico
-0.0383830888355705,0.7691811834491972,13943,GPD,tail,21.39793168391183,0.090625,Puntarenas_OTROS_Hidrometereológico
-0.0383830888355705,0.7691811834491972,13944,GPD,tail,21.39793168391183,0.090625,Puntarenas_OTROS_Hidrometereológico
-0.0383830888355705,0.7691811834491972,13945,GPD,tail,21.39793168391183,0.090625,Puntarenas_OTROS_Hidrometereológico
-0.0383830888355705,0.7691811834491972,13946,GPD,tail,21.39793168391183,0.090625,Puntarenas_OTROS_Hidrometereológico
-0.0383830888355705,0.7691811834491972,13947,GPD,tail,21.39793168391183,0.090625,Puntarenas_OTROS_Hidrometereológico
-0.0383830888355705,0.7691811834491972,13948,GPD,tail,21.39793168391183,0.090625,Puntarenas_OTROS_Hidrometereológico
-0.0383830888355705,0.7691811834491972,13949,GPD,tail,21.39793168391183,0.090625,Puntarenas_OTROS_Hidrometereológico
-0.0383830888355705,0.7691811834491972,13950,GPD,tail,21.39793168391183,0.090625,Puntarenas_OTROS_Hidrometereológico
-0.0383830888355705,0.7691811834491972,13951,GPD,tail,21.39793168391183,0.090625,Puntarenas_OTROS_Hidrometereológico
-0.0383830888355705,0.7691811834491972,13952,GPD,tail,21.39793168391183,0.090625,Puntarenas_OTROS_Hidrometereológico
-0.0383830888355705,0.7691811834491972,13953,GPD,tail,21.39793168391183,0.090625,Puntarenas_OTROS_Hidrometereológico
-0.0383830888355705,0.7691811834491972,13954,GPD,tail,21.39793168391183,0.090625,Puntarenas_OTROS_Hidrometereológico
-0.0383830888355705,0.7691811834491972,13955,GPD,tail,21.39793168391183,0.090625,Puntarenas_OTROS_Hidrometereológico
-0.0383830888355705,0.7691811834491972,13956,GPD,tail,21.39793168391183,0.090625,Puntarenas_OTROS_Hidrometereológico
-0.0383830888355705,0.7691811834491972,13957,GPD,tail,21.39793168391183,0.090625,Puntarenas_OTROS_Hidrometereológico
-0.0383830888355705,0.7691811834491972,13958,GPD,tail,21.39793168391183,0.090625,Puntarenas_OTROS_Hidrometereológico
-0.0383830888355705,0.7691811834491972,13959,GPD,tail,21.39793168391183,0.090625,Puntarenas_OTROS_Hidrometereológico
-0.0383830888355705,0.7691811834491972,13960,GPD,tail,21.39793168391183,0.090625,Puntarenas_OTROS_Hidrometereológico
-0.0383830888355705,0.7691811834491972,13961,GPD,tail,21.39793168391183,0.090625,Puntarenas_OTROS_Hidrometereológico
-0.0383830888355705,0.7691811834491972,13962,GPD,tail,21.39793168391183,0.090625,Puntarenas_OTROS_Hidrometereológico
-0.0383830888355705,0.7691811834491972,13963,GPD,tail,21.39793168391183,0.090625,Puntarenas_OTROS_Hidrometereológico
-0.0383830888355705,0.7691811834491972,13964,GPD,tail,21.39793168391183,0.090625,Puntarenas_OTROS_Hidrometereológico
-0.0383830888355705,0.7691811834491972,13965,GPD,tail,21.39793168391183,0.090625,Puntarenas_OTROS_Hidrometereológico
-0.0383830888355705,0.7691811834491972,13966,GPD,tail,21.39793168391183,0.090625,Puntarenas_OTROS_Hidrometereológico
-0.0383830888355705,0.7691811834491972,13967,GPD,tail,21.39793168391183,0.090625,Puntarenas_OTROS_Hidrometereológico
-0.0383830888355705,0.7691811834491972,13968,GPD,tail,21.39793168391183,0.090625,Puntarenas_OTROS_Hidrometereológico
-0.0383830888355705,0.7691811834491972,13969,GPD,tail,21.39793168391183,0.090625,Puntarenas_OTROS_Hidrometereológico
-0.0383830888355705,0.7691811834491972,13970,GPD,tail,21.39793168391183,0.090625,Puntarenas_OTROS_Hidrometereológico
-0.0383830888355705,0.7691811834491972,13971,GPD,tail,21.39793168391183,0.090625,Puntarenas_OTROS_Hidrometereológico
-0.0383830888355705,0.7691811834491972,13972,GPD,tail,21.39793168391183,0.090625,Puntarenas_OTROS_Hidrometereológico
-0.0383830888355705,0.7691811834491972,13973,GPD,tail,21.39793168391183,0.090625,Puntarenas_OTROS_Hidrometereológico
-0.0383830888355705,0.7691811834491972,13974,GPD,tail,21.39793168391183,0.090625,Puntarenas_OTROS_Hidrometereológico
-0.0383830888355705,0.7691811834491972,13975,GPD,tail,21.39793168391183,0.090625,Puntarenas_OTROS_Hidrometereológico
-0.0383830888355705,0.7691811834491972,13976,GPD,tail,21.39793168391183,0.090625,Puntarenas_OTROS_Hidrometereológico
-0.0383830888355705,0.7691811834491972,13977,GPD,tail,21.39793168391183,0.090625,Puntarenas_OTROS_Hidrometereológico
-0.0383830888355705,0.7691811834491972,13978,GPD,tail,21.39793168391183,0.090625,Puntarenas_OTROS_Hidrometereológico
-0.0383830888355705,0.7691811834491972,13979,GPD,tail,21.39793168391183,0.090625,Puntarenas_OTROS_Hidrometereológico
-0.0383830888355705,0.7691811834491972,13980,GPD,tail,21.39793168391183,0.090625,Puntarenas_OTROS_Hidrometereológico
-0.0383830888355705,0.7691811834491972,13981,GPD,tail,21.39793168391183,0.090625,Puntarenas_OTROS_Hidrometereológico
-0.062211208742000264,0.938329791295879,13982,GPD,tail,21.39793168391183,0.090625,Puntarenas_OTROS_Hidrometereológico
-0.062211208742000264,0.938329791295879,13983,GPD,tail,21.39793168391183,0.090625,Puntarenas_OTROS_Hidrometereológico
-0.062211208742000264,0.938329791295879,13984,GPD,tail,21.39793168391183,0.090625,Puntarenas_OTROS_Hidrometereológico
-0.062211208742000264,0.938329791295879,13985,GPD,tail,21.39793168391183,0.090625,Puntarenas_OTROS_Hidrometereológico
-0.062211208742000264,0.938329791295879,13986,GPD,tail,21.39793168391183,0.090625,Puntarenas_OTROS_Hidrometereológico
-0.062211208742000264,0.938329791295879,13987,GPD,tail,21.39793168391183,0.090625,Puntarenas_OTROS_Hidrometereológico
-0.062211208742000264,0.938329791295879,13988,GPD,tail,21.39793168391183,0.090625,Puntarenas_OTROS_Hidrometereológico
-0.062211208742000264,0.938329791295879,13989,GPD,tail,21.39793168391183,0.090625,Puntarenas_OTROS_Hidrometereológico
-0.062211208742000264,0.938329791295879,13990,GPD,tail,21.39793168391183,0.090625,Puntarenas_OTROS_Hidrometereológico
-0.062211208742000264,0.938329791295879,13991,GPD,tail,21.39793168391183,0.090625,Puntarenas_OTROS_Hidrometereológico
-0.062211208742000264,0.938329791295879,13992,GPD,tail,21.39793168391183,0.090625,Puntarenas_OTROS_Hidrometereológico
-0.062211208742000264,0.938329791295879,13993,GPD,tail,21.39793168391183,0.090625,Puntarenas_OTROS_Hidrometereológico
-0.062211208742000264,0.938329791295879,13994,GPD,tail,21.39793168391183,0.090625,Puntarenas_OTROS_Hidrometereológico
-0.062211208742000264,0.938329791295879,13995,GPD,tail,21.39793168391183,0.090625,Puntarenas_OTROS_Hidrometereológico
-0.062211208742000264,0.938329791295879,13996,GPD,tail,21.39793168391183,0.090625,Puntarenas_OTROS_Hidrometereológico
-0.062211208742000264,0.938329791295879,13997,GPD,tail,21.39793168391183,0.090625,Puntarenas_OTROS_Hidrometereológico
-0.07530456243364542,0.7803035346194293,13998,GPD,tail,21.39793168391183,0.090625,Puntarenas_OTROS_Hidrometereológico
-0.07530456243364542,0.7803035346194293,13999,GPD,tail,21.39793168391183,0.090625,Puntarenas_OTROS_Hidrometereológico
-0.07530456243364542,0.7803035346194293,14000,GPD,tail,21.39793168391183,0.090625,Puntarenas_OTROS_Hidrometereológico
-0.07530456243364542,0.7803035346194293,14001,GPD,tail,21.39793168391183,0.090625,Puntarenas_OTROS_Hidrometereológico
-0.07530456243364542,0.7803035346194293,14002,GPD,tail,21.39793168391183,0.090625,Puntarenas_OTROS_Hidrometereológico
-0.07530456243364542,0.7803035346194293,14003,GPD,tail,21.39793168391183,0.090625,Puntarenas_OTROS_Hidrometereológico
-0.07530456243364542,0.7803035346194293,14004,GPD,tail,21.39793168391183,0.090625,Puntarenas_OTROS_Hidrometereológico
-0.07530456243364542,0.7803035346194293,14005,GPD,tail,21.39793168391183,0.090625,Puntarenas_OTROS_Hidrometereológico
-0.07530456243364542,0.7803035346194293,14006,GPD,tail,21.39793168391183,0.090625,Puntarenas_OTROS_Hidrometereológico
-0.07530456243364542,0.7803035346194293,14007,GPD,tail,21.39793168391183,0.090625,Puntarenas_OTROS_Hidrometereológico
-0.07530456243364542,0.7803035346194293,14008,GPD,tail,21.39793168391183,0.090625,Puntarenas_OTROS_Hidrometereológico
-0.07530456243364542,0.7803035346194293,14009,GPD,tail,21.39793168391183,0.090625,Puntarenas_OTROS_Hidrometereológico
-0.07530456243364542,0.7803035346194293,14010,GPD,tail,21.39793168391183,0.090625,Puntarenas_OTROS_Hidrometereológico
-0.10234955094177078,0.965190950197528,14011,GPD,tail,21.39793168391183,0.090625,Puntarenas_OTROS_Hidrometereológico
-0.10234955094177078,0.965190950197528,14012,GPD,tail,21.39793168391183,0.090625,Puntarenas_OTROS_Hidrometereológico
-0.05032249414865634,0.8754665493263086,14013,GPD,tail,21.39793168391183,0.090625,Puntarenas_OTROS_Hidrometereológico
-0.05032249414865634,0.8754665493263086,14014,GPD,tail,21.39793168391183,0.090625,Puntarenas_OTROS_Hidrometereológico
-0.05032249414865634,0.8754665493263086,14015,GPD,tail,21.39793168391183,0.090625,Puntarenas_OTROS_Hidrometereológico
-0.05032249414865634,0.8754665493263086,14016,GPD,tail,21.39793168391183,0.090625,Puntarenas_OTROS_Hidrometereológico
-0.05032249414865634,0.8754665493263086,14017,GPD,tail,21.39793168391183,0.090625,Puntarenas_OTROS_Hidrometereológico
-0.05032249414865634,0.8754665493263086,14018,GPD,tail,21.39793168391183,0.090625,Puntarenas_OTROS_Hidrometereológico
-0.05032249414865634,0.8754665493263086,14019,GPD,tail,21.39793168391183,0.090625,Puntarenas_OTROS_Hidrometereológico
-0.05032249414865634,0.8754665493263086,14020,GPD,tail,21.39793168391183,0.090625,Puntarenas_OTROS_Hidrometereológico
-0.05032249414865634,0.8754665493263086,14021,GPD,tail,21.39793168391183,0.090625,Puntarenas_OTROS_Hidrometereológico
-0.05032249414865634,0.8754665493263086,14022,GPD,tail,21.39793168391183,0.090625,Puntarenas_OTROS_Hidrometereológico
-0.05032249414865634,0.8754665493263086,14023,GPD,tail,21.39793168391183,0.090625,Puntarenas_OTROS_Hidrometereológico
-0.05032249414865634,0.8754665493263086,14024,GPD,tail,21.39793168391183,0.090625,Puntarenas_OTROS_Hidrometereológico
-0.05032249414865634,0.8754665493263086,14025,GPD,tail,21.39793168391183,0.090625,Puntarenas_OTROS_Hidrometereológico
-0.05032249414865634,0.8754665493263086,14026,GPD,tail,21.39793168391183,0.090625,Puntarenas_OTROS_Hidrometereológico
-0.05032249414865634,0.8754665493263086,14027,GPD,tail,21.39793168391183,0.090625,Puntarenas_OTROS_Hidrometereológico
-0.05032249414865634,0.8754665493263086,14028,GPD,tail,21.39793168391183,0.090625,Puntarenas_OTROS_Hidrometereológico
-0.05032249414865634,0.8754665493263086,14029,GPD,tail,21.39793168391183,0.090625,Puntarenas_OTROS_Hidrometereológico
-0.05032249414865634,0.8754665493263086,14030,GPD,tail,21.39793168391183,0.090625,Puntarenas_OTROS_Hidrometereológico
-0.05032249414865634,0.8754665493263086,14031,GPD,tail,21.39793168391183,0.090625,Puntarenas_OTROS_Hidrometereológico
-0.05032249414865634,0.8754665493263086,14032,GPD,tail,21.39793168391183,0.090625,Puntarenas_OTROS_Hidrometereológico
-0.05032249414865634,0.8754665493263086,14033,GPD,tail,21.39793168391183,0.090625,Puntarenas_OTROS_Hidrometereológico
-0.05032249414865634,0.8754665493263086,14034,GPD,tail,21.39793168391183,0.090625,Puntarenas_OTROS_Hidrometereológico
-0.05032249414865634,0.8754665493263086,14035,GPD,tail,21.39793168391183,0.090625,Puntarenas_OTROS_Hidrometereológico
-0.05032249414865634,0.8754665493263086,14036,GPD,tail,21.39793168391183,0.090625,Puntarenas_OTROS_Hidrometereológico
-0.05032249414865634,0.8754665493263086,14037,GPD,tail,21.39793168391183,0.090625,Puntarenas_OTROS_Hidrometereológico
-0.05032249414865634,0.8754665493263086,14038,GPD,tail,21.39793168391183,0.090625,Puntarenas_OTROS_Hidrometereológico
-0.05032249414865634,0.8754665493263086,14039,GPD,tail,21.39793168391183,0.090625,Puntarenas_OTROS_Hidrometereológico
-0.05032249414865634,0.8754665493263086,14040,GPD,tail,21.39793168391183,0.090625,Puntarenas_OTROS_Hidrometereológico
-0.05032249414865634,0.8754665493263086,14041,GPD,tail,21.39793168391183,0.090625,Puntarenas_OTROS_Hidrometereológico
-0.05032249414865634,0.8754665493263086,14042,GPD,tail,21.39793168391183,0.090625,Puntarenas_OTROS_Hidrometereológico
-0.05032249414865634,0.8754665493263086,14043,GPD,tail,21.39793168391183,0.090625,Puntarenas_OTROS_Hidrometereológico
-0.05032249414865634,0.8754665493263086,14044,GPD,tail,21.39793168391183,0.090625,Puntarenas_OTROS_Hidrometereológico
-0.05032249414865634,0.8754665493263086,14045,GPD,tail,21.39793168391183,0.090625,Puntarenas_OTROS_Hidrometereológico
-0.05032249414865634,0.8754665493263086,14046,GPD,tail,21.39793168391183,0.090625,Puntarenas_OTROS_Hidrometereológico
-0.05032249414865634,0.8754665493263086,14047,GPD,tail,21.39793168391183,0.090625,Puntarenas_OTROS_Hidrometereológico
-0.05032249414865634,0.8754665493263086,14048,GPD,tail,21.39793168391183,0.090625,Puntarenas_OTROS_Hidrometereológico
-0.05032249414865634,0.8754665493263086,14049,GPD,tail,21.39793168391183,0.090625,Puntarenas_OTROS_Hidrometereológico
-0.05032249414865634,0.8754665493263086,14050,GPD,tail,21.39793168391183,0.090625,Puntarenas_OTROS_Hidrometereológico
-0.05032249414865634,0.8754665493263086,14051,GPD,tail,21.39793168391183,0.090625,Puntarenas_OTROS_Hidrometereológico
-0.05032249414865634,0.8754665493263086,14052,GPD,tail,21.39793168391183,0.090625,Puntarenas_OTROS_Hidrometereológico
-0.05032249414865634,0.8754665493263086,14053,GPD,tail,21.39793168391183,0.090625,Puntarenas_OTROS_Hidrometereológico
-0.05032249414865634,0.8754665493263086,14054,GPD,tail,21.39793168391183,0.090625,Puntarenas_OTROS_Hidrometereológico
-0.05032249414865634,0.8754665493263086,14055,GPD,tail,21.39793168391183,0.090625,Puntarenas_OTROS_Hidrometereológico
-0.05032249414865634,0.8754665493263086,14056,GPD,tail,21.39793168391183,0.090625,Puntarenas_OTROS_Hidrometereológico
-0.05032249414865634,0.8754665493263086,14057,GPD,tail,21.39793168391183,0.090625,Puntarenas_OTROS_Hidrometereológico
0.005262321244294127,0.7687227258406772,14058,GPD,tail,21.39793168391183,0.090625,Puntarenas_OTROS_Hidrometereológico
0.005262321244294127,0.7687227258406772,14059,GPD,tail,21.39793168391183,0.090625,Puntarenas_OTROS_Hidrometereológico
0.005262321244294127,0.7687227258406772,14060,GPD,tail,21.39793168391183,0.090625,Puntarenas_OTROS_Hidrometereológico
0.005262321244294127,0.7687227258406772,14061,GPD,tail,21.39793168391183,0.090625,Puntarenas_OTROS_Hidrometereológico
0.005262321244294127,0.7687227258406772,14062,GPD,tail,21.39793168391183,0.090625,Puntarenas_OTROS_Hidrometereológico
0.005262321244294127,0.7687227258406772,14063,GPD,tail,21.39793168391183,0.090625,Puntarenas_OTROS_Hidrometereológico
0.005262321244294127,0.7687227258406772,14064,GPD,tail,21.39793168391183,0.090625,Puntarenas_OTROS_Hidrometereológico
0.005262321244294127,0.7687227258406772,14065,GPD,tail,21.39793168391183,0.090625,Puntarenas_OTROS_Hidrometereológico
0.005262321244294127,0.7687227258406772,14066,GPD,tail,21.39793168391183,0.090625,Puntarenas_OTROS_Hidrometereológico
0.005262321244294127,0.7687227258406772,14067,GPD,tail,21.39793168391183,0.090625,Puntarenas_OTROS_Hidrometereológico
0.005262321244294127,0.7687227258406772,14068,GPD,tail,21.39793168391183,0.090625,Puntarenas_OTROS_Hidrometereológico
0.003408363441697326,0.779386326417013,14069,GPD,tail,21.39793168391183,0.090625,Puntarenas_OTROS_Hidrometereológico
0.003408363441697326,0.779386326417013,14070,GPD,tail,21.39793168391183,0.090625,Puntarenas_OTROS_Hidrometereológico
0.003408363441697326,0.779386326417013,14071,GPD,tail,21.39793168391183,0.090625,Puntarenas_OTROS_Hidrometereológico
-0.056608968176221325,0.970586165191949,14072,GPD,tail,21.39793168391183,0.090625,Puntarenas_OTROS_Hidrometereológico
-0.056608968176221325,0.970586165191949,14073,GPD,tail,21.39793168391183,0.090625,Puntarenas_OTROS_Hidrometereológico
-0.16396591543885886,1.0823418329208288,14074,GPD,tail,21.39793168391183,0.090625,Puntarenas_OTROS_Hidrometereológico
-0.16396591543885886,1.0823418329208288,14075,GPD,tail,21.39793168391183,0.090625,Puntarenas_OTROS_Hidrometereológico
-0.16396591543885886,1.0823418329208288,14076,GPD,tail,21.39793168391183,0.090625,Puntarenas_OTROS_Hidrometereológico
-0.16396591543885886,1.0823418329208288,14077,GPD,tail,21.39793168391183,0.090625,Puntarenas_OTROS_Hidrometereológico
-0.16396591543885886,1.0823418329208288,14078,GPD,tail,21.39793168391183,0.090625,Puntarenas_OTROS_Hidrometereológico
-0.16396591543885886,1.0823418329208288,14079,GPD,tail,21.39793168391183,0.090625,Puntarenas_OTROS_Hidrometereológico
-0.16396591543885886,1.0823418329208288,14080,GPD,tail,21.39793168391183,0.090625,Puntarenas_OTROS_Hidrometereológico
-0.1792388850452925,0.9345682737883693,14081,GPD,tail,21.39793168391183,0.090625,Puntarenas_OTROS_Hidrometereológico
-0.1792388850452925,0.9345682737883693,14082,GPD,tail,21.39793168391183,0.090625,Puntarenas_OTROS_Hidrometereológico
-0.1792388850452925,0.9345682737883693,14083,GPD,tail,21.39793168391183,0.090625,Puntarenas_OTROS_Hidrometereológico
-0.1792388850452925,0.9345682737883693,14084,GPD,tail,21.39793168391183,0.090625,Puntarenas_OTROS_Hidrometereológico
-0.1792388850452925,0.9345682737883693,14085,GPD,tail,21.39793168391183,0.090625,Puntarenas_OTROS_Hidrometereológico
-0.1792388850452925,0.9345682737883693,14086,GPD,tail,21.39793168391183,0.090625,Puntarenas_OTROS_Hidrometereológico
-0.1792388850452925,0.9345682737883693,14087,GPD,tail,21.39793168391183,0.090625,Puntarenas_OTROS_Hidrometereológico
-0.1792388850452925,0.9345682737883693,14088,GPD,tail,21.39793168391183,0.090625,Puntarenas_OTROS_Hidrometereológico
-0.1792388850452925,0.9345682737883693,14089,GPD,tail,21.39793168391183,0.090625,Puntarenas_OTROS_Hidrometereológico
-0.1792388850452925,0.9345682737883693,14090,GPD,tail,21.39793168391183,0.090625,Puntarenas_OTROS_Hidrometereológico
-0.1792388850452925,0.9345682737883693,14091,GPD,tail,21.39793168391183,0.090625,Puntarenas_OTROS_Hidrometereológico
-0.1792388850452925,0.9345682737883693,14092,GPD,tail,21.39793168391183,0.090625,Puntarenas_OTROS_Hidrometereológico
-0.1792388850452925,0.9345682737883693,14093,GPD,tail,21.39793168391183,0.090625,Puntarenas_OTROS_Hidrometereológico
-0.1792388850452925,0.9345682737883693,14094,GPD,tail,21.39793168391183,0.090625,Puntarenas_OTROS_Hidrometereológico
-0.1792388850452925,0.9345682737883693,14095,GPD,tail,21.39793168391183,0.090625,Puntarenas_OTROS_Hidrometereológico
-0.1792388850452925,0.9345682737883693,14096,GPD,tail,21.39793168391183,0.090625,Puntarenas_OTROS_Hidrometereológico
-0.1792388850452925,0.9345682737883693,14097,GPD,tail,21.39793168391183,0.090625,Puntarenas_OTROS_Hidrometereológico
-0.1792388850452925,0.9345682737883693,14098,GPD,tail,21.39793168391183,0.090625,Puntarenas_OTROS_Hidrometereológico
-0.1792388850452925,0.9345682737883693,14099,GPD,tail,21.39793168391183,0.090625,Puntarenas_OTROS_Hidrometereológico
-0.1792388850452925,0.9345682737883693,14100,GPD,tail,21.39793168391183,0.090625,Puntarenas_OTROS_Hidrometereológico
-0.1792388850452925,0.9345682737883693,14101,GPD,tail,21.39793168391183,0.090625,Puntarenas_OTROS_Hidrometereológico
-0.1792388850452925,0.9345682737883693,14102,GPD,tail,21.39793168391183,0.090625,Puntarenas_OTROS_Hidrometereológico
-0.1792388850452925,0.9345682737883693,14103,GPD,tail,21.39793168391183,0.090625,Puntarenas_OTROS_Hidrometereológico
-0.1792388850452925,0.9345682737883693,14104,GPD,tail,21.39793168391183,0.090625,Puntarenas_OTROS_Hidrometereológico
-0.1792388850452925,0.9345682737883693,14105,GPD,tail,21.39793168391183,0.090625,Puntarenas_OTROS_Hidrometereológico
-0.1792388850452925,0.9345682737883693,14106,GPD,tail,21.39793168391183,0.090625,Puntarenas_OTROS_Hidrometereológico
-0.1792388850452925,0.9345682737883693,14107,GPD,tail,21.39793168391183,0.090625,Puntarenas_OTROS_Hidrometereológico
-0.1792388850452925,0.9345682737883693,14108,GPD,tail,21.39793168391183,0.090625,Puntarenas_OTROS_Hidrometereológico
-0.1792388850452925,0.9345682737883693,14109,GPD,tail,21.39793168391183,0.090625,Puntarenas_OTROS_Hidrometereológico
-0.1792388850452925,0.9345682737883693,14110,GPD,tail,21.39793168391183,0.090625,Puntarenas_OTROS_Hidrometereológico
-0.1321739353643409,0.7728797653073507,14111,GPD,tail,21.39793168391183,0.090625,Puntarenas_OTROS_Hidrometereológico
-0.170866916538942,1.1666666065974778,14112,GPD,tail,21.39793168391183,0.090625,Puntarenas_OTROS_Hidrometereológico
-0.170866916538942,1.1666666065974778,14113,GPD,tail,21.39793168391183,0.090625,Puntarenas_OTROS_Hidrometereológico
-0.170866916538942,1.1666666065974778,14114,GPD,tail,21.39793168391183,0.090625,Puntarenas_OTROS_Hidrometereológico
-0.170866916538942,1.1666666065974778,14115,GPD,tail,21.39793168391183,0.090625,Puntarenas_OTROS_Hidrometereológico
-0.042955439134383905,0.902656574089993,14116,GPD,tail,21.39793168391183,0.090625,Puntarenas_OTROS_Hidrometereológico
-0.042955439134383905,0.902656574089993,14117,GPD,tail,21.39793168391183,0.090625,Puntarenas_OTROS_Hidrometereológico
-0.042955439134383905,0.902656574089993,14118,GPD,tail,21.39793168391183,0.090625,Puntarenas_OTROS_Hidrometereológico
-0.042955439134383905,0.902656574089993,14119,GPD,tail,21.39793168391183,0.090625,Puntarenas_OTROS_Hidrometereológico
-0.042955439134383905,0.902656574089993,14120,GPD,tail,21.39793168391183,0.090625,Puntarenas_OTROS_Hidrometereológico
-0.042955439134383905,0.902656574089993,14121,GPD,tail,21.39793168391183,0.090625,Puntarenas_OTROS_Hidrometereológico
-0.042955439134383905,0.902656574089993,14122,GPD,tail,21.39793168391183,0.090625,Puntarenas_OTROS_Hidrometereológico
-0.042955439134383905,0.902656574089993,14123,GPD,tail,21.39793168391183,0.090625,Puntarenas_OTROS_Hidrometereológico
-0.042955439134383905,0.902656574089993,14124,GPD,tail,21.39793168391183,0.090625,Puntarenas_OTROS_Hidrometereológico
-0.042955439134383905,0.902656574089993,14125,GPD,tail,21.39793168391183,0.090625,Puntarenas_OTROS_Hidrometereológico
-0.042955439134383905,0.902656574089993,14126,GPD,tail,21.39793168391183,0.090625,Puntarenas_OTROS_Hidrometereológico
-0.042955439134383905,0.902656574089993,14127,GPD,tail,21.39793168391183,0.090625,Puntarenas_OTROS_Hidrometereológico
-0.042955439134383905,0.902656574089993,14128,GPD,tail,21.39793168391183,0.090625,Puntarenas_OTROS_Hidrometereológico
-0.042955439134383905,0.902656574089993,14129,GPD,tail,21.39793168391183,0.090625,Puntarenas_OTROS_Hidrometereológico
-0.042955439134383905,0.902656574089993,14130,GPD,tail,21.39793168391183,0.090625,Puntarenas_OTROS_Hidrometereológico
-0.042955439134383905,0.902656574089993,14131,GPD,tail,21.39793168391183,0.090625,Puntarenas_OTROS_Hidrometereológico
-0.042955439134383905,0.902656574089993,14132,GPD,tail,21.39793168391183,0.090625,Puntarenas_OTROS_Hidrometereológico
-0.042955439134383905,0.902656574089993,14133,GPD,tail,21.39793168391183,0.090625,Puntarenas_OTROS_Hidrometereológico
-0.042955439134383905,0.902656574089993,14134,GPD,tail,21.39793168391183,0.090625,Puntarenas_OTROS_Hidrometereológico
-0.042955439134383905,0.902656574089993,14135,GPD,tail,21.39793168391183,0.090625,Puntarenas_OTROS_Hidrometereológico
-0.042955439134383905,0.902656574089993,14136,GPD,tail,21.39793168391183,0.090625,Puntarenas_OTROS_Hidrometereológico
-0.042955439134383905,0.902656574089993,14137,GPD,tail,21.39793168391183,0.090625,Puntarenas_OTROS_Hidrometereológico
-0.042955439134383905,0.902656574089993,14138,GPD,tail,21.39793168391183,0.090625,Puntarenas_OTROS_Hidrometereológico
-0.042955439134383905,0.902656574089993,14139,GPD,tail,21.39793168391183,0.090625,Puntarenas_OTROS_Hidrometereológico
-0.042955439134383905,0.902656574089993,14140,GPD,tail,21.39793168391183,0.090625,Puntarenas_OTROS_Hidrometereológico
-0.042955439134383905,0.902656574089993,14141,GPD,tail,21.39793168391183,0.090625,Puntarenas_OTROS_Hidrometereológico
-0.042955439134383905,0.902656574089993,14142,GPD,tail,21.39793168391183,0.090625,Puntarenas_OTROS_Hidrometereológico
-0.042955439134383905,0.902656574089993,14143,GPD,tail,21.39793168391183,0.090625,Puntarenas_OTROS_Hidrometereológico
-0.042955439134383905,0.902656574089993,14144,GPD,tail,21.39793168391183,0.090625,Puntarenas_OTROS_Hidrometereológico
-0.042955439134383905,0.902656574089993,14145,GPD,tail,21.39793168391183,0.090625,Puntarenas_OTROS_Hidrometereológico
-0.042955439134383905,0.902656574089993,14146,GPD,tail,21.39793168391183,0.090625,Puntarenas_OTROS_Hidrometereológico
-0.042955439134383905,0.902656574089993,14147,GPD,tail,21.39793168391183,0.090625,Puntarenas_OTROS_Hidrometereológico
-0.042955439134383905,0.902656574089993,14148,GPD,tail,21.39793168391183,0.090625,Puntarenas_OTROS_Hidrometereológico
-0.042955439134383905,0.902656574089993,14149,GPD,tail,21.39793168391183,0.090625,Puntarenas_OTROS_Hidrometereológico
-0.042955439134383905,0.902656574089993,14150,GPD,tail,21.39793168391183,0.090625,Puntarenas_OTROS_Hidrometereológico
-0.042955439134383905,0.902656574089993,14151,GPD,tail,21.39793168391183,0.090625,Puntarenas_OTROS_Hidrometereológico
-0.042955439134383905,0.902656574089993,14152,GPD,tail,21.39793168391183,0.090625,Puntarenas_OTROS_Hidrometereológico
-0.11969380023676716,0.8735813376644387,14153,GPD,tail,21.39793168391183,0.090625,Puntarenas_OTROS_Hidrometereológico
-0.11969380023676716,0.8735813376644387,14154,GPD,tail,21.39793168391183,0.090625,Puntarenas_OTROS_Hidrometereológico
-0.11969380023676716,0.8735813376644387,14155,GPD,tail,21.39793168391183,0.090625,Puntarenas_OTROS_Hidrometereológico
-0.11969380023676716,0.8735813376644387,14156,GPD,tail,21.39793168391183,0.090625,Puntarenas_OTROS_Hidrometereológico
-0.18890942706834496,1.11206215967877,14157,GPD,tail,21.39793168391183,0.090625,Puntarenas_OTROS_Hidrometereológico
-0.18890942706834496,1.11206215967877,14158,GPD,tail,21.39793168391183,0.090625,Puntarenas_OTROS_Hidrometereológico
-0.18890942706834496,1.11206215967877,14159,GPD,tail,21.39793168391183,0.090625,Puntarenas_OTROS_Hidrometereológico
-0.18890942706834496,1.11206215967877,14160,GPD,tail,21.39793168391183,0.090625,Puntarenas_OTROS_Hidrometereológico
-0.18890942706834496,1.11206215967877,14161,GPD,tail,21.39793168391183,0.090625,Puntarenas_OTROS_Hidrometereológico
-0.18890942706834496,1.11206215967877,14162,GPD,tail,21.39793168391183,0.090625,Puntarenas_OTROS_Hidrometereológico
-0.18890942706834496,1.11206215967877,14163,GPD,tail,21.39793168391183,0.090625,Puntarenas_OTROS_Hidrometereológico
-0.18890942706834496,1.11206215967877,14164,GPD,tail,21.39793168391183,0.090625,Puntarenas_OTROS_Hidrometereológico
-0.18890942706834496,1.11206215967877,14165,GPD,tail,21.39793168391183,0.090625,Puntarenas_OTROS_Hidrometereológico
-0.18890942706834496,1.11206215967877,14166,GPD,tail,21.39793168391183,0.090625,Puntarenas_OTROS_Hidrometereológico
-0.18890942706834496,1.11206215967877,14167,GPD,tail,21.39793168391183,0.090625,Puntarenas_OTROS_Hidrometereológico
-0.18890942706834496,1.11206215967877,14168,GPD,tail,21.39793168391183,0.090625,Puntarenas_OTROS_Hidrometereológico
-0.18890942706834496,1.11206215967877,14169,GPD,tail,21.39793168391183,0.090625,Puntarenas_OTROS_Hidrometereológico
-0.18890942706834496,1.11206215967877,14170,GPD,tail,21.39793168391183,0.090625,Puntarenas_OTROS_Hidrometereológico
-0.18890942706834496,1.11206215967877,14171,GPD,tail,21.39793168391183,0.090625,Puntarenas_OTROS_Hidrometereológico
-0.18890942706834496,1.11206215967877,14172,GPD,tail,21.39793168391183,0.090625,Puntarenas_OTROS_Hidrometereológico
-0.18890942706834496,1.11206215967877,14173,GPD,tail,21.39793168391183,0.090625,Puntarenas_OTROS_Hidrometereológico
-0.18890942706834496,1.11206215967877,14174,GPD,tail,21.39793168391183,0.090625,Puntarenas_OTROS_Hidrometereológico
-0.18890942706834496,1.11206215967877,14175,GPD,tail,21.39793168391183,0.090625,Puntarenas_OTROS_Hidrometereológico
-0.18890942706834496,1.11206215967877,14176,GPD,tail,21.39793168391183,0.090625,Puntarenas_OTROS_Hidrometereológico
-0.20308337612375404,1.081101401185678,14177,GPD,tail,21.39793168391183,0.090625,Puntarenas_OTROS_Hidrometereológico
-0.20308337612375404,1.081101401185678,14178,GPD,tail,21.39793168391183,0.090625,Puntarenas_OTROS_Hidrometereológico
-0.20308337612375404,1.081101401185678,14179,GPD,tail,21.39793168391183,0.090625,Puntarenas_OTROS_Hidrometereológico
-0.20308337612375404,1.081101401185678,14180,GPD,tail,21.39793168391183,0.090625,Puntarenas_OTROS_Hidrometereológico
-0.20308337612375404,1.081101401185678,14181,GPD,tail,21.39793168391183,0.090625,Puntarenas_OTROS_Hidrometereológico
-0.20308337612375404,1.081101401185678,14182,GPD,tail,21.39793168391183,0.090625,Puntarenas_OTROS_Hidrometereológico
-0.20308337612375404,1.081101401185678,14183,GPD,tail,21.39793168391183,0.090625,Puntarenas_OTROS_Hidrometereológico
-0.20308337612375404,1.081101401185678,14184,GPD,tail,21.39793168391183,0.090625,Puntarenas_OTROS_Hidrometereológico
-0.20308337612375404,1.081101401185678,14185,GPD,tail,21.39793168391183,0.090625,Puntarenas_OTROS_Hidrometereológico
-0.20308337612375404,1.081101401185678,14186,GPD,tail,21.39793168391183,0.090625,Puntarenas_OTROS_Hidrometereológico
-0.20308337612375404,1.081101401185678,14187,GPD,tail,21.39793168391183,0.090625,Puntarenas_OTROS_Hidrometereológico
-0.20308337612375404,1.081101401185678,14188,GPD,tail,21.39793168391183,0.090625,Puntarenas_OTROS_Hidrometereológico
-0.20308337612375404,1.081101401185678,14189,GPD,tail,21.39793168391183,0.090625,Puntarenas_OTROS_Hidrometereológico
-0.20308337612375404,1.081101401185678,14190,GPD,tail,21.39793168391183,0.090625,Puntarenas_OTROS_Hidrometereológico
-0.20308337612375404,1.081101401185678,14191,GPD,tail,21.39793168391183,0.090625,Puntarenas_OTROS_Hidrometereológico
-0.20308337612375404,1.081101401185678,14192,GPD,tail,21.39793168391183,0.090625,Puntarenas_OTROS_Hidrometereológico
-0.20308337612375404,1.081101401185678,14193,GPD,tail,21.39793168391183,0.090625,Puntarenas_OTROS_Hidrometereológico
-0.20308337612375404,1.081101401185678,14194,GPD,tail,21.39793168391183,0.090625,Puntarenas_OTROS_Hidrometereológico
-0.20308337612375404,1.081101401185678,14195,GPD,tail,21.39793168391183,0.090625,Puntarenas_OTROS_Hidrometereológico
-0.20308337612375404,1.081101401185678,14196,GPD,tail,21.39793168391183,0.090625,Puntarenas_OTROS_Hidrometereológico
-0.20308337612375404,1.081101401185678,14197,GPD,tail,21.39793168391183,0.090625,Puntarenas_OTROS_Hidrometereológico
-0.20308337612375404,1.081101401185678,14198,GPD,tail,21.39793168391183,0.090625,Puntarenas_OTROS_Hidrometereológico
-0.20308337612375404,1.081101401185678,14199,GPD,tail,21.39793168391183,0.090625,Puntarenas_OTROS_Hidrometereológico
-0.20308337612375404,1.081101401185678,14200,GPD,tail,21.39793168391183,0.090625,Puntarenas_OTROS_Hidrometereológico
-0.20308337612375404,1.081101401185678,14201,GPD,tail,21.39793168391183,0.090625,Puntarenas_OTROS_Hidrometereológico
-0.20308337612375404,1.081101401185678,14202,GPD,tail,21.39793168391183,0.090625,Puntarenas_OTROS_Hidrometereológico
-0.20308337612375404,1.081101401185678,14203,GPD,tail,21.39793168391183,0.090625,Puntarenas_OTROS_Hidrometereológico
-0.20308337612375404,1.081101401185678,14204,GPD,tail,21.39793168391183,0.090625,Puntarenas_OTROS_Hidrometereológico
-0.20308337612375404,1.081101401185678,14205,GPD,tail,21.39793168391183,0.090625,Puntarenas_OTROS_Hidrometereológico
-0.20308337612375404,1.081101401185678,14206,GPD,tail,21.39793168391183,0.090625,Puntarenas_OTROS_Hidrometereológico
-0.20308337612375404,1.081101401185678,14207,GPD,tail,21.39793168391183,0.090625,Puntarenas_OTROS_Hidrometereológico
-0.07288559250035714,0.8079287178759491,14208,GPD,tail,21.39793168391183,0.090625,Puntarenas_OTROS_Hidrometereológico
-0.07288559250035714,0.8079287178759491,14209,GPD,tail,21.39793168391183,0.090625,Puntarenas_OTROS_Hidrometereológico
-0.07288559250035714,0.8079287178759491,14210,GPD,tail,21.39793168391183,0.090625,Puntarenas_OTROS_Hidrometereológico
-0.07288559250035714,0.8079287178759491,14211,GPD,tail,21.39793168391183,0.090625,Puntarenas_OTROS_Hidrometereológico
-0.07288559250035714,0.8079287178759491,14212,GPD,tail,21.39793168391183,0.090625,Puntarenas_OTROS_Hidrometereológico
-0.07288559250035714,0.8079287178759491,14213,GPD,tail,21.39793168391183,0.090625,Puntarenas_OTROS_Hidrometereológico
-0.07288559250035714,0.8079287178759491,14214,GPD,tail,21.39793168391183,0.090625,Puntarenas_OTROS_Hidrometereológico
-0.07288559250035714,0.8079287178759491,14215,GPD,tail,21.39793168391183,0.090625,Puntarenas_OTROS_Hidrometereológico
-0.07288559250035714,0.8079287178759491,14216,GPD,tail,21.39793168391183,0.090625,Puntarenas_OTROS_Hidrometereológico
-0.07288559250035714,0.8079287178759491,14217,GPD,tail,21.39793168391183,0.090625,Puntarenas_OTROS_Hidrometereológico
-0.07288559250035714,0.8079287178759491,14218,GPD,tail,21.39793168391183,0.090625,Puntarenas_OTROS_Hidrometereológico
-0.07288559250035714,0.8079287178759491,14219,GPD,tail,21.39793168391183,0.090625,Puntarenas_OTROS_Hidrometereológico
-0.07299859545435587,0.8646792192162401,14220,GPD,tail,21.39793168391183,0.090625,Puntarenas_OTROS_Hidrometereológico
-0.07299859545435587,0.8646792192162401,14221,GPD,tail,21.39793168391183,0.090625,Puntarenas_OTROS_Hidrometereológico
-0.07299859545435587,0.8646792192162401,14222,GPD,tail,21.39793168391183,0.090625,Puntarenas_OTROS_Hidrometereológico
-0.07299859545435587,0.8646792192162401,14223,GPD,tail,21.39793168391183,0.090625,Puntarenas_OTROS_Hidrometereológico
-0.07299859545435587,0.8646792192162401,14224,GPD,tail,21.39793168391183,0.090625,Puntarenas_OTROS_Hidrometereológico
-0.07299859545435587,0.8646792192162401,14225,GPD,tail,21.39793168391183,0.090625,Puntarenas_OTROS_Hidrometereológico
-0.07299859545435587,0.8646792192162401,14226,GPD,tail,21.39793168391183,0.090625,Puntarenas_OTROS_Hidrometereológico
-0.07299859545435587,0.8646792192162401,14227,GPD,tail,21.39793168391183,0.090625,Puntarenas_OTROS_Hidrometereológico
-0.07299859545435587,0.8646792192162401,14228,GPD,tail,21.39793168391183,0.090625,Puntarenas_OTROS_Hidrometereológico
-0.07299859545435587,0.8646792192162401,14229,GPD,tail,21.39793168391183,0.090625,Puntarenas_OTROS_Hidrometereológico
-0.07299859545435587,0.8646792192162401,14230,GPD,tail,21.39793168391183,0.090625,Puntarenas_OTROS_Hidrometereológico
-0.07299859545435587,0.8646792192162401,14231,GPD,tail,21.39793168391183,0.090625,Puntarenas_OTROS_Hidrometereológico
-0.07299859545435587,0.8646792192162401,14232,GPD,tail,21.39793168391183,0.090625,Puntarenas_OTROS_Hidrometereológico
-0.07299859545435587,0.8646792192162401,14233,GPD,tail,21.39793168391183,0.090625,Puntarenas_OTROS_Hidrometereológico
-0.07299859545435587,0.8646792192162401,14234,GPD,tail,21.39793168391183,0.090625,Puntarenas_OTROS_Hidrometereológico
-0.07299859545435587,0.8646792192162401,14235,GPD,tail,21.39793168391183,0.090625,Puntarenas_OTROS_Hidrometereológico
-0.07299859545435587,0.8646792192162401,14236,GPD,tail,21.39793168391183,0.090625,Puntarenas_OTROS_Hidrometereológico
-0.07299859545435587,0.8646792192162401,14237,GPD,tail,21.39793168391183,0.090625,Puntarenas_OTROS_Hidrometereológico
-0.07299859545435587,0.8646792192162401,14238,GPD,tail,21.39793168391183,0.090625,Puntarenas_OTROS_Hidrometereológico
-0.07299859545435587,0.8646792192162401,14239,GPD,tail,21.39793168391183,0.090625,Puntarenas_OTROS_Hidrometereológico
-0.07299859545435587,0.8646792192162401,14240,GPD,tail,21.39793168391183,0.090625,Puntarenas_OTROS_Hidrometereológico
-0.07299859545435587,0.8646792192162401,14241,GPD,tail,21.39793168391183,0.090625,Puntarenas_OTROS_Hidrometereológico
-0.07299859545435587,0.8646792192162401,14242,GPD,tail,21.39793168391183,0.090625,Puntarenas_OTROS_Hidrometereológico
-0.07299859545435587,0.8646792192162401,14243,GPD,tail,21.39793168391183,0.090625,Puntarenas_OTROS_Hidrometereológico
-0.07299859545435587,0.8646792192162401,14244,GPD,tail,21.39793168391183,0.090625,Puntarenas_OTROS_Hidrometereológico
-0.07299859545435587,0.8646792192162401,14245,GPD,tail,21.39793168391183,0.090625,Puntarenas_OTROS_Hidrometereológico
-0.07299859545435587,0.8646792192162401,14246,GPD,tail,21.39793168391183,0.090625,Puntarenas_OTROS_Hidrometereológico
-0.07299859545435587,0.8646792192162401,14247,GPD,tail,21.39793168391183,0.090625,Puntarenas_OTROS_Hidrometereológico
-0.07299859545435587,0.8646792192162401,14248,GPD,tail,21.39793168391183,0.090625,Puntarenas_OTROS_Hidrometereológico
-0.07299859545435587,0.8646792192162401,14249,GPD,tail,21.39793168391183,0.090625,Puntarenas_OTROS_Hidrometereológico
-0.07299859545435587,0.8646792192162401,14250,GPD,tail,21.39793168391183,0.090625,Puntarenas_OTROS_Hidrometereológico
-0.07299859545435587,0.8646792192162401,14251,GPD,tail,21.39793168391183,0.090625,Puntarenas_OTROS_Hidrometereológico
-0.07299859545435587,0.8646792192162401,14252,GPD,tail,21.39793168391183,0.090625,Puntarenas_OTROS_Hidrometereológico
-0.07299859545435587,0.8646792192162401,14253,GPD,tail,21.39793168391183,0.090625,Puntarenas_OTROS_Hidrometereológico
-0.055809181174298006,0.9211724462507835,14254,GPD,tail,21.39793168391183,0.090625,Puntarenas_OTROS_Hidrometereológico
-0.055809181174298006,0.9211724462507835,14255,GPD,tail,21.39793168391183,0.090625,Puntarenas_OTROS_Hidrometereológico
-0.055809181174298006,0.9211724462507835,14256,GPD,tail,21.39793168391183,0.090625,Puntarenas_OTROS_Hidrometereológico
-0.055809181174298006,0.9211724462507835,14257,GPD,tail,21.39793168391183,0.090625,Puntarenas_OTROS_Hidrometereológico
-0.055809181174298006,0.9211724462507835,14258,GPD,tail,21.39793168391183,0.090625,Puntarenas_OTROS_Hidrometereológico
-0.055809181174298006,0.9211724462507835,14259,GPD,tail,21.39793168391183,0.090625,Puntarenas_OTROS_Hidrometereológico
-0.05664710845081185,0.782518374897511,14260,GPD,tail,21.39793168391183,0.090625,Puntarenas_OTROS_Hidrometereológico
-0.05664710845081185,0.782518374897511,14261,GPD,tail,21.39793168391183,0.090625,Puntarenas_OTROS_Hidrometereológico
-0.05664710845081185,0.782518374897511,14262,GPD,tail,21.39793168391183,0.090625,Puntarenas_OTROS_Hidrometereológico
-0.05664710845081185,0.782518374897511,14263,GPD,tail,21.39793168391183,0.090625,Puntarenas_OTROS_Hidrometereológico
-0.05664710845081185,0.782518374897511,14264,GPD,tail,21.39793168391183,0.090625,Puntarenas_OTROS_Hidrometereológico
-0.05664710845081185,0.782518374897511,14265,GPD,tail,21.39793168391183,0.090625,Puntarenas_OTROS_Hidrometereológico
-0.05664710845081185,0.782518374897511,14266,GPD,tail,21.39793168391183,0.090625,Puntarenas_OTROS_Hidrometereológico
-0.05664710845081185,0.782518374897511,14267,GPD,tail,21.39793168391183,0.090625,Puntarenas_OTROS_Hidrometereológico
-0.05664710845081185,0.782518374897511,14268,GPD,tail,21.39793168391183,0.090625,Puntarenas_OTROS_Hidrometereológico
-0.05664710845081185,0.782518374897511,14269,GPD,tail,21.39793168391183,0.090625,Puntarenas_OTROS_Hidrometereológico
-0.05664710845081185,0.782518374897511,14270,GPD,tail,21.39793168391183,0.090625,Puntarenas_OTROS_Hidrometereológico
-0.05664710845081185,0.782518374897511,14271,GPD,tail,21.39793168391183,0.090625,Puntarenas_OTROS_Hidrometereológico
-0.05664710845081185,0.782518374897511,14272,GPD,tail,21.39793168391183,0.090625,Puntarenas_OTROS_Hidrometereológico
-0.15237228108357398,1.0407103167160237,14273,GPD,tail,21.39793168391183,0.090625,Puntarenas_OTROS_Hidrometereológico
-0.15237228108357398,1.0407103167160237,14274,GPD,tail,21.39793168391183,0.090625,Puntarenas_OTROS_Hidrometereológico
-0.15237228108357398,1.0407103167160237,14275,GPD,tail,21.39793168391183,0.090625,Puntarenas_OTROS_Hidrometereológico
-0.15237228108357398,1.0407103167160237,14276,GPD,tail,21.39793168391183,0.090625,Puntarenas_OTROS_Hidrometereológico
-0.15237228108357398,1.0407103167160237,14277,GPD,tail,21.39793168391183,0.090625,Puntarenas_OTROS_Hidrometereológico
-0.0563933019684673,0.7836979173442753,14278,GPD,tail,21.39793168391183,0.090625,Puntarenas_OTROS_Hidrometereológico
-0.0563933019684673,0.7836979173442753,14279,GPD,tail,21.39793168391183,0.090625,Puntarenas_OTROS_Hidrometereológico
-0.0563933019684673,0.7836979173442753,14280,GPD,tail,21.39793168391183,0.090625,Puntarenas_OTROS_Hidrometereológico
-0.0563933019684673,0.7836979173442753,14281,GPD,tail,21.39793168391183,0.090625,Puntarenas_OTROS_Hidrometereológico
-0.0563933019684673,0.7836979173442753,14282,GPD,tail,21.39793168391183,0.090625,Puntarenas_OTROS_Hidrometereológico
-0.0563933019684673,0.7836979173442753,14283,GPD,tail,21.39793168391183,0.090625,Puntarenas_OTROS_Hidrometereológico
-0.0563933019684673,0.7836979173442753,14284,GPD,tail,21.39793168391183,0.090625,Puntarenas_OTROS_Hidrometereológico
-0.0563933019684673,0.7836979173442753,14285,GPD,tail,21.39793168391183,0.090625,Puntarenas_OTROS_Hidrometereológico
-0.0563933019684673,0.7836979173442753,14286,GPD,tail,21.39793168391183,0.090625,Puntarenas_OTROS_Hidrometereológico
-0.0563933019684673,0.7836979173442753,14287,GPD,tail,21.39793168391183,0.090625,Puntarenas_OTROS_Hidrometereológico
-0.0563933019684673,0.7836979173442753,14288,GPD,tail,21.39793168391183,0.090625,Puntarenas_OTROS_Hidrometereológico
-0.0563933019684673,0.7836979173442753,14289,GPD,tail,21.39793168391183,0.090625,Puntarenas_OTROS_Hidrometereológico
-0.0563933019684673,0.7836979173442753,14290,GPD,tail,21.39793168391183,0.090625,Puntarenas_OTROS_Hidrometereológico
-0.0563933019684673,0.7836979173442753,14291,GPD,tail,21.39793168391183,0.090625,Puntarenas_OTROS_Hidrometereológico
-0.0563933019684673,0.7836979173442753,14292,GPD,tail,21.39793168391183,0.090625,Puntarenas_OTROS_Hidrometereológico
-0.13489381786802762,0.9507019907730104,14293,GPD,tail,21.39793168391183,0.090625,Puntarenas_OTROS_Hidrometereológico
-0.13489381786802762,0.9507019907730104,14294,GPD,tail,21.39793168391183,0.090625,Puntarenas_OTROS_Hidrometereológico
-0.08250095324747872,0.8596675188741354,14295,GPD,tail,21.39793168391183,0.090625,Puntarenas_OTROS_Hidrometereológico
-0.08250095324747872,0.8596675188741354,14296,GPD,tail,21.39793168391183,0.090625,Puntarenas_OTROS_Hidrometereológico
-0.08250095324747872,0.8596675188741354,14297,GPD,tail,21.39793168391183,0.090625,Puntarenas_OTROS_Hidrometereológico
-0.08250095324747872,0.8596675188741354,14298,GPD,tail,21.39793168391183,0.090625,Puntarenas_OTROS_Hidrometereológico
-0.08250095324747872,0.8596675188741354,14299,GPD,tail,21.39793168391183,0.090625,Puntarenas_OTROS_Hidrometereológico
-0.08250095324747872,0.8596675188741354,14300,GPD,tail,21.39793168391183,0.090625,Puntarenas_OTROS_Hidrometereológico
-0.08250095324747872,0.8596675188741354,14301,GPD,tail,21.39793168391183,0.090625,Puntarenas_OTROS_Hidrometereológico
-0.08250095324747872,0.8596675188741354,14302,GPD,tail,21.39793168391183,0.090625,Puntarenas_OTROS_Hidrometereológico
-0.08250095324747872,0.8596675188741354,14303,GPD,tail,21.39793168391183,0.090625,Puntarenas_OTROS_Hidrometereológico
-0.08250095324747872,0.8596675188741354,14304,GPD,tail,21.39793168391183,0.090625,Puntarenas_OTROS_Hidrometereológico
-0.08250095324747872,0.8596675188741354,14305,GPD,tail,21.39793168391183,0.090625,Puntarenas_OTROS_Hidrometereológico
-0.08250095324747872,0.8596675188741354,14306,GPD,tail,21.39793168391183,0.090625,Puntarenas_OTROS_Hidrometereológico
-0.08250095324747872,0.8596675188741354,14307,GPD,tail,21.39793168391183,0.090625,Puntarenas_OTROS_Hidrometereológico
-0.08250095324747872,0.8596675188741354,14308,GPD,tail,21.39793168391183,0.090625,Puntarenas_OTROS_Hidrometereológico
-0.05882094554058426,0.7989438444043641,14309,GPD,tail,21.39793168391183,0.090625,Puntarenas_OTROS_Hidrometereológico
-0.05882094554058426,0.7989438444043641,14310,GPD,tail,21.39793168391183,0.090625,Puntarenas_OTROS_Hidrometereológico
-0.05882094554058426,0.7989438444043641,14311,GPD,tail,21.39793168391183,0.090625,Puntarenas_OTROS_Hidrometereológico
-0.05882094554058426,0.7989438444043641,14312,GPD,tail,21.39793168391183,0.090625,Puntarenas_OTROS_Hidrometereológico
-0.05882094554058426,0.7989438444043641,14313,GPD,tail,21.39793168391183,0.090625,Puntarenas_OTROS_Hidrometereológico
-0.05882094554058426,0.7989438444043641,14314,GPD,tail,21.39793168391183,0.090625,Puntarenas_OTROS_Hidrometereológico
-0.05882094554058426,0.7989438444043641,14315,GPD,tail,21.39793168391183,0.090625,Puntarenas_OTROS_Hidrometereológico
-0.05882094554058426,0.7989438444043641,14316,GPD,tail,21.39793168391183,0.090625,Puntarenas_OTROS_Hidrometereológico
-0.05882094554058426,0.7989438444043641,14317,GPD,tail,21.39793168391183,0.090625,Puntarenas_OTROS_Hidrometereológico
-0.05882094554058426,0.7989438444043641,14318,GPD,tail,21.39793168391183,0.090625,Puntarenas_OTROS_Hidrometereológico
-0.05882094554058426,0.7989438444043641,14319,GPD,tail,21.39793168391183,0.090625,Puntarenas_OTROS_Hidrometereológico
-0.05882094554058426,0.7989438444043641,14320,GPD,tail,21.39793168391183,0.090625,Puntarenas_OTROS_Hidrometereológico
-0.05882094554058426,0.7989438444043641,14321,GPD,tail,21.39793168391183,0.090625,Puntarenas_OTROS_Hidrometereológico
-0.05882094554058426,0.7989438444043641,14322,GPD,tail,21.39793168391183,0.090625,Puntarenas_OTROS_Hidrometereológico
-0.05882094554058426,0.7989438444043641,14323,GPD,tail,21.39793168391183,0.090625,Puntarenas_OTROS_Hidrometereológico
-0.05882094554058426,0.7989438444043641,14324,GPD,tail,21.39793168391183,0.090625,Puntarenas_OTROS_Hidrometereológico
-0.05882094554058426,0.7989438444043641,14325,GPD,tail,21.39793168391183,0.090625,Puntarenas_OTROS_Hidrometereológico
-0.05882094554058426,0.7989438444043641,14326,GPD,tail,21.39793168391183,0.090625,Puntarenas_OTROS_Hidrometereológico
-0.05882094554058426,0.7989438444043641,14327,GPD,tail,21.39793168391183,0.090625,Puntarenas_OTROS_Hidrometereológico
-0.05882094554058426,0.7989438444043641,14328,GPD,tail,21.39793168391183,0.090625,Puntarenas_OTROS_Hidrometereológico
-0.05882094554058426,0.7989438444043641,14329,GPD,tail,21.39793168391183,0.090625,Puntarenas_OTROS_Hidrometereológico
-0.05882094554058426,0.7989438444043641,14330,GPD,tail,21.39793168391183,0.090625,Puntarenas_OTROS_Hidrometereológico
-0.05882094554058426,0.7989438444043641,14331,GPD,tail,21.39793168391183,0.090625,Puntarenas_OTROS_Hidrometereológico
-0.05882094554058426,0.7989438444043641,14332,GPD,tail,21.39793168391183,0.090625,Puntarenas_OTROS_Hidrometereológico
-0.05882094554058426,0.7989438444043641,14333,GPD,tail,21.39793168391183,0.090625,Puntarenas_OTROS_Hidrometereológico
-0.05882094554058426,0.7989438444043641,14334,GPD,tail,21.39793168391183,0.090625,Puntarenas_OTROS_Hidrometereológico
-0.05882094554058426,0.7989438444043641,14335,GPD,tail,21.39793168391183,0.090625,Puntarenas_OTROS_Hidrometereológico
-0.05882094554058426,0.7989438444043641,14336,GPD,tail,21.39793168391183,0.090625,Puntarenas_OTROS_Hidrometereológico
-0.05882094554058426,0.7989438444043641,14337,GPD,tail,21.39793168391183,0.090625,Puntarenas_OTROS_Hidrometereológico
-0.05882094554058426,0.7989438444043641,14338,GPD,tail,21.39793168391183,0.090625,Puntarenas_OTROS_Hidrometereológico
-0.0315696478219422,0.7279083566122363,14339,GPD,tail,21.39793168391183,0.090625,Puntarenas_OTROS_Hidrometereológico
-0.0315696478219422,0.7279083566122363,14340,GPD,tail,21.39793168391183,0.090625,Puntarenas_OTROS_Hidrometereológico
-0.0315696478219422,0.7279083566122363,14341,GPD,tail,21.39793168391183,0.090625,Puntarenas_OTROS_Hidrometereológico
-0.0315696478219422,0.7279083566122363,14342,GPD,tail,21.39793168391183,0.090625,Puntarenas_OTROS_Hidrometereológico
-0.0315696478219422,0.7279083566122363,14343,GPD,tail,21.39793168391183,0.090625,Puntarenas_OTROS_Hidrometereológico
-0.18117127662424432,1.0913703269553419,14344,GPD,tail,21.39793168391183,0.090625,Puntarenas_OTROS_Hidrometereológico
-0.18117127662424432,1.0913703269553419,14345,GPD,tail,21.39793168391183,0.090625,Puntarenas_OTROS_Hidrometereológico
-0.18117127662424432,1.0913703269553419,14346,GPD,tail,21.39793168391183,0.090625,Puntarenas_OTROS_Hidrometereológico
-0.18117127662424432,1.0913703269553419,14347,GPD,tail,21.39793168391183,0.090625,Puntarenas_OTROS_Hidrometereológico
-0.19660396609245667,1.002954423239424,14348,GPD,tail,21.39793168391183,0.090625,Puntarenas_OTROS_Hidrometereológico
-0.19660396609245667,1.002954423239424,14349,GPD,tail,21.39793168391183,0.090625,Puntarenas_OTROS_Hidrometereológico
-0.19660396609245667,1.002954423239424,14350,GPD,tail,21.39793168391183,0.090625,Puntarenas_OTROS_Hidrometereológico
-0.19660396609245667,1.002954423239424,14351,GPD,tail,21.39793168391183,0.090625,Puntarenas_OTROS_Hidrometereológico
-0.19660396609245667,1.002954423239424,14352,GPD,tail,21.39793168391183,0.090625,Puntarenas_OTROS_Hidrometereológico
-0.19660396609245667,1.002954423239424,14353,GPD,tail,21.39793168391183,0.090625,Puntarenas_OTROS_Hidrometereológico
-0.09451731019123767,0.9882743725051106,14354,GPD,tail,21.39793168391183,0.090625,Puntarenas_OTROS_Hidrometereológico
-0.09451731019123767,0.9882743725051106,14355,GPD,tail,21.39793168391183,0.090625,Puntarenas_OTROS_Hidrometereológico
-0.13439195389620479,0.939393097238304,14356,GPD,tail,21.39793168391183,0.090625,Puntarenas_OTROS_Hidrometereológico
-0.13439195389620479,0.939393097238304,14357,GPD,tail,21.39793168391183,0.090625,Puntarenas_OTROS_Hidrometereológico
-0.13439195389620479,0.939393097238304,14358,GPD,tail,21.39793168391183,0.090625,Puntarenas_OTROS_Hidrometereológico
-0.13439195389620479,0.939393097238304,14359,GPD,tail,21.39793168391183,0.090625,Puntarenas_OTROS_Hidrometereológico
0.03744648237114101,0.8316155769982405,14360,GPD,tail,21.39793168391183,0.090625,Puntarenas_OTROS_Hidrometereológico
0.03744648237114101,0.8316155769982405,14361,GPD,tail,21.39793168391183,0.090625,Puntarenas_OTROS_Hidrometereológico
0.03744648237114101,0.8316155769982405,14362,GPD,tail,21.39793168391183,0.090625,Puntarenas_OTROS_Hidrometereológico
0.03744648237114101,0.8316155769982405,14363,GPD,tail,21.39793168391183,0.090625,Puntarenas_OTROS_Hidrometereológico
0.03744648237114101,0.8316155769982405,14364,GPD,tail,21.39793168391183,0.090625,Puntarenas_OTROS_Hidrometereológico
0.03744648237114101,0.8316155769982405,14365,GPD,tail,21.39793168391183,0.090625,Puntarenas_OTROS_Hidrometereológico
0.03744648237114101,0.8316155769982405,14366,GPD,tail,21.39793168391183,0.090625,Puntarenas_OTROS_Hidrometereológico
0.03744648237114101,0.8316155769982405,14367,GPD,tail,21.39793168391183,0.090625,Puntarenas_OTROS_Hidrometereológico
0.03744648237114101,0.8316155769982405,14368,GPD,tail,21.39793168391183,0.090625,Puntarenas_OTROS_Hidrometereológico
0.03744648237114101,0.8316155769982405,14369,GPD,tail,21.39793168391183,0.090625,Puntarenas_OTROS_Hidrometereológico
0.03744648237114101,0.8316155769982405,14370,GPD,tail,21.39793168391183,0.090625,Puntarenas_OTROS_Hidrometereológico
0.03744648237114101,0.8316155769982405,14371,GPD,tail,21.39793168391183,0.090625,Puntarenas_OTROS_Hidrometereológico
0.03744648237114101,0.8316155769982405,14372,GPD,tail,21.39793168391183,0.090625,Puntarenas_OTROS_Hidrometereológico
0.03744648237114101,0.8316155769982405,14373,GPD,tail,21.39793168391183,0.090625,Puntarenas_OTROS_Hidrometereológico
0.07365129593245826,0.8886220515700961,14374,GPD,tail,21.39793168391183,0.090625,Puntarenas_OTROS_Hidrometereológico
0.11762507190483,0.8193124566368236,14375,GPD,tail,21.39793168391183,0.090625,Puntarenas_OTROS_Hidrometereológico
0.11762507190483,0.8193124566368236,14376,GPD,tail,21.39793168391183,0.090625,Puntarenas_OTROS_Hidrometereológico
0.11762507190483,0.8193124566368236,14377,GPD,tail,21.39793168391183,0.090625,Puntarenas_OTROS_Hidrometereológico
0.11762507190483,0.8193124566368236,14378,GPD,tail,21.39793168391183,0.090625,Puntarenas_OTROS_Hidrometereológico
0.11762507190483,0.8193124566368236,14379,GPD,tail,21.39793168391183,0.090625,Puntarenas_OTROS_Hidrometereológico
0.11762507190483,0.8193124566368236,14380,GPD,tail,21.39793168391183,0.090625,Puntarenas_OTROS_Hidrometereológico
0.11762507190483,0.8193124566368236,14381,GPD,tail,21.39793168391183,0.090625,Puntarenas_OTROS_Hidrometereológico
0.08589647035595632,0.8725985607205138,14382,GPD,tail,21.39793168391183,0.090625,Puntarenas_OTROS_Hidrometereológico
0.08589647035595632,0.8725985607205138,14383,GPD,tail,21.39793168391183,0.090625,Puntarenas_OTROS_Hidrometereológico
0.08589647035595632,0.8725985607205138,14384,GPD,tail,21.39793168391183,0.090625,Puntarenas_OTROS_Hidrometereológico
0.08589647035595632,0.8725985607205138,14385,GPD,tail,21.39793168391183,0.090625,Puntarenas_OTROS_Hidrometereológico
0.08589647035595632,0.8725985607205138,14386,GPD,tail,21.39793168391183,0.090625,Puntarenas_OTROS_Hidrometereológico
0.08589647035595632,0.8725985607205138,14387,GPD,tail,21.39793168391183,0.090625,Puntarenas_OTROS_Hidrometereológico
0.08589647035595632,0.8725985607205138,14388,GPD,tail,21.39793168391183,0.090625,Puntarenas_OTROS_Hidrometereológico
0.08589647035595632,0.8725985607205138,14389,GPD,tail,21.39793168391183,0.090625,Puntarenas_OTROS_Hidrometereológico
0.08589647035595632,0.8725985607205138,14390,GPD,tail,21.39793168391183,0.090625,Puntarenas_OTROS_Hidrometereológico
0.08589647035595632,0.8725985607205138,14391,GPD,tail,21.39793168391183,0.090625,Puntarenas_OTROS_Hidrometereológico
0.08589647035595632,0.8725985607205138,14392,GPD,tail,21.39793168391183,0.090625,Puntarenas_OTROS_Hidrometereológico
0.04524342438274693,0.9184046258713481,14393,GPD,tail,21.39793168391183,0.090625,Puntarenas_OTROS_Hidrometereológico
0.04524342438274693,0.9184046258713481,14394,GPD,tail,21.39793168391183,0.090625,Puntarenas_OTROS_Hidrometereológico
0.04524342438274693,0.9184046258713481,14395,GPD,tail,21.39793168391183,0.090625,Puntarenas_OTROS_Hidrometereológico
0.04524342438274693,0.9184046258713481,14396,GPD,tail,21.39793168391183,0.090625,Puntarenas_OTROS_Hidrometereológico
0.04524342438274693,0.9184046258713481,14397,GPD,tail,21.39793168391183,0.090625,Puntarenas_OTROS_Hidrometereológico
0.04524342438274693,0.9184046258713481,14398,GPD,tail,21.39793168391183,0.090625,Puntarenas_OTROS_Hidrometereológico
0.04524342438274693,0.9184046258713481,14399,GPD,tail,21.39793168391183,0.090625,Puntarenas_OTROS_Hidrometereológico
0.06791115745213969,0.8245314613873946,14400,GPD,tail,21.39793168391183,0.090625,Puntarenas_OTROS_Hidrometereológico
0.06791115745213969,0.8245314613873946,14401,GPD,tail,21.39793168391183,0.090625,Puntarenas_OTROS_Hidrometereológico
-0.07885370601954106,0.9357106008835494,14402,GPD,tail,21.39793168391183,0.090625,Puntarenas_OTROS_Hidrometereológico
-0.07885370601954106,0.9357106008835494,14403,GPD,tail,21.39793168391183,0.090625,Puntarenas_OTROS_Hidrometereológico
-0.07885370601954106,0.9357106008835494,14404,GPD,tail,21.39793168391183,0.090625,Puntarenas_OTROS_Hidrometereológico
0.1127974600224253,0.79632354952449,14405,GPD,tail,21.39793168391183,0.090625,Puntarenas_OTROS_Hidrometereológico
0.1127974600224253,0.79632354952449,14406,GPD,tail,21.39793168391183,0.090625,Puntarenas_OTROS_Hidrometereológico
0.1127974600224253,0.79632354952449,14407,GPD,tail,21.39793168391183,0.090625,Puntarenas_OTROS_Hidrometereológico
0.1257763258376816,0.7830990591482662,14408,GPD,tail,21.39793168391183,0.090625,Puntarenas_OTROS_Hidrometereológico
0.1257763258376816,0.7830990591482662,14409,GPD,tail,21.39793168391183,0.090625,Puntarenas_OTROS_Hidrometereológico
0.1257763258376816,0.7830990591482662,14410,GPD,tail,21.39793168391183,0.090625,Puntarenas_OTROS_Hidrometereológico
0.11073472023273583,0.6652119236527766,14411,GPD,tail,21.39793168391183,0.090625,Puntarenas_OTROS_Hidrometereológico
0.057871460198883846,0.6810662513152071,14412,GPD,tail,21.39793168391183,0.090625,Puntarenas_OTROS_Hidrometereológico
0.057871460198883846,0.6810662513152071,14413,GPD,tail,21.39793168391183,0.090625,Puntarenas_OTROS_Hidrometereológico
0.057871460198883846,0.6810662513152071,14414,GPD,tail,21.39793168391183,0.090625,Puntarenas_OTROS_Hidrometereológico
0.11258735702544488,0.8034628466719008,14415,GPD,tail,21.39793168391183,0.090625,Puntarenas_OTROS_Hidrometereológico
0.11258735702544488,0.8034628466719008,14416,GPD,tail,21.39793168391183,0.090625,Puntarenas_OTROS_Hidrometereológico
-0.06401078949654372,0.6988098040019415,14417,GPD,tail,21.39793168391183,0.090625,Puntarenas_OTROS_Hidrometereológico
-0.06401078949654372,0.6988098040019415,14418,GPD,tail,21.39793168391183,0.090625,Puntarenas_OTROS_Hidrometereológico
-0.13838226786517863,1.0679024646714994,14419,GPD,tail,21.39793168391183,0.090625,Puntarenas_OTROS_Hidrometereológico
-0.13838226786517863,1.0679024646714994,14420,GPD,tail,21.39793168391183,0.090625,Puntarenas_OTROS_Hidrometereológico
-0.13838226786517863,1.0679024646714994,14421,GPD,tail,21.39793168391183,0.090625,Puntarenas_OTROS_Hidrometereológico
0.042910466514540946,0.7845558712893226,14422,GPD,tail,21.39793168391183,0.090625,Puntarenas_OTROS_Hidrometereológico
0.042910466514540946,0.7845558712893226,14423,GPD,tail,21.39793168391183,0.090625,Puntarenas_OTROS_Hidrometereológico
0.042910466514540946,0.7845558712893226,14424,GPD,tail,21.39793168391183,0.090625,Puntarenas_OTROS_Hidrometereológico
0.042910466514540946,0.7845558712893226,14425,GPD,tail,21.39793168391183,0.090625,Puntarenas_OTROS_Hidrometereológico
0.042910466514540946,0.7845558712893226,14426,GPD,tail,21.39793168391183,0.090625,Puntarenas_OTROS_Hidrometereológico
0.042910466514540946,0.7845558712893226,14427,GPD,tail,21.39793168391183,0.090625,Puntarenas_OTROS_Hidrometereológico
0.03355635491246572,0.8731863809352413,14428,GPD,tail,21.39793168391183,0.090625,Puntarenas_OTROS_Hidrometereológico
0.03355635491246572,0.8731863809352413,14429,GPD,tail,21.39793168391183,0.090625,Puntarenas_OTROS_Hidrometereológico
0.019637549862490944,0.8706551076812878,14430,GPD,tail,21.39793168391183,0.090625,Puntarenas_OTROS_Hidrometereológico
0.019637549862490944,0.8706551076812878,14431,GPD,tail,21.39793168391183,0.090625,Puntarenas_OTROS_Hidrometereológico
0.019637549862490944,0.8706551076812878,14432,GPD,tail,21.39793168391183,0.090625,Puntarenas_OTROS_Hidrometereológico
0.019637549862490944,0.8706551076812878,14433,GPD,tail,21.39793168391183,0.090625,Puntarenas_OTROS_Hidrometereológico
0.019637549862490944,0.8706551076812878,14434,GPD,tail,21.39793168391183,0.090625,Puntarenas_OTROS_Hidrometereológico
0.019637549862490944,0.8706551076812878,14435,GPD,tail,21.39793168391183,0.090625,Puntarenas_OTROS_Hidrometereológico
0.019637549862490944,0.8706551076812878,14436,GPD,tail,21.39793168391183,0.090625,Puntarenas_OTROS_Hidrometereológico
0.019637549862490944,0.8706551076812878,14437,GPD,tail,21.39793168391183,0.090625,Puntarenas_OTROS_Hidrometereológico
0.019637549862490944,0.8706551076812878,14438,GPD,tail,21.39793168391183,0.090625,Puntarenas_OTROS_Hidrometereológico
0.019637549862490944,0.8706551076812878,14439,GPD,tail,21.39793168391183,0.090625,Puntarenas_OTROS_Hidrometereológico
0.019637549862490944,0.8706551076812878,14440,GPD,tail,21.39793168391183,0.090625,Puntarenas_OTROS_Hidrometereológico
0.019637549862490944,0.8706551076812878,14441,GPD,tail,21.39793168391183,0.090625,Puntarenas_OTROS_Hidrometereológico
0.019637549862490944,0.8706551076812878,14442,GPD,tail,21.39793168391183,0.090625,Puntarenas_OTROS_Hidrometereológico
0.019637549862490944,0.8706551076812878,14443,GPD,tail,21.39793168391183,0.090625,Puntarenas_OTROS_Hidrometereológico
0.019637549862490944,0.8706551076812878,14444,GPD,tail,21.39793168391183,0.090625,Puntarenas_OTROS_Hidrometereológico
0.019637549862490944,0.8706551076812878,14445,GPD,tail,21.39793168391183,0.090625,Puntarenas_OTROS_Hidrometereológico
0.019637549862490944,0.8706551076812878,14446,GPD,tail,21.39793168391183,0.090625,Puntarenas_OTROS_Hidrometereológico
0.019637549862490944,0.8706551076812878,14447,GPD,tail,21.39793168391183,0.090625,Puntarenas_OTROS_Hidrometereológico
0.019637549862490944,0.8706551076812878,14448,GPD,tail,21.39793168391183,0.090625,Puntarenas_OTROS_Hidrometereológico
0.019637549862490944,0.8706551076812878,14449,GPD,tail,21.39793168391183,0.090625,Puntarenas_OTROS_Hidrometereológico
0.019637549862490944,0.8706551076812878,14450,GPD,tail,21.39793168391183,0.090625,Puntarenas_OTROS_Hidrometereológico
0.05927446858571078,0.7019508335306067,14451,GPD,tail,21.39793168391183,0.090625,Puntarenas_OTROS_Hidrometereológico
0.05927446858571078,0.7019508335306067,14452,GPD,tail,21.39793168391183,0.090625,Puntarenas_OTROS_Hidrometereológico
0.05927446858571078,0.7019508335306067,14453,GPD,tail,21.39793168391183,0.090625,Puntarenas_OTROS_Hidrometereológico
0.05927446858571078,0.7019508335306067,14454,GPD,tail,21.39793168391183,0.090625,Puntarenas_OTROS_Hidrometereológico
0.05927446858571078,0.7019508335306067,14455,GPD,tail,21.39793168391183,0.090625,Puntarenas_OTROS_Hidrometereológico
0.05927446858571078,0.7019508335306067,14456,GPD,tail,21.39793168391183,0.090625,Puntarenas_OTROS_Hidrometereológico
0.05927446858571078,0.7019508335306067,14457,GPD,tail,21.39793168391183,0.090625,Puntarenas_OTROS_Hidrometereológico
0.05927446858571078,0.7019508335306067,14458,GPD,tail,21.39793168391183,0.090625,Puntarenas_OTROS_Hidrometereológico
0.05927446858571078,0.7019508335306067,14459,GPD,tail,21.39793168391183,0.090625,Puntarenas_OTROS_Hidrometereológico
-0.025526561672092343,0.98822412024334,14460,GPD,tail,21.39793168391183,0.090625,Puntarenas_OTROS_Hidrometereológico
0.10726042750027688,0.8017041846047723,14461,GPD,tail,21.39793168391183,0.090625,Puntarenas_OTROS_Hidrometereológico
0.10726042750027688,0.8017041846047723,14462,GPD,tail,21.39793168391183,0.090625,Puntarenas_OTROS_Hidrometereológico
0.10726042750027688,0.8017041846047723,14463,GPD,tail,21.39793168391183,0.090625,Puntarenas_OTROS_Hidrometereológico
0.10726042750027688,0.8017041846047723,14464,GPD,tail,21.39793168391183,0.090625,Puntarenas_OTROS_Hidrometereológico
0.10726042750027688,0.8017041846047723,14465,GPD,tail,21.39793168391183,0.090625,Puntarenas_OTROS_Hidrometereológico
0.028209297801258054,0.9308704923989455,14466,GPD,tail,21.39793168391183,0.090625,Puntarenas_OTROS_Hidrometereológico
0.028209297801258054,0.9308704923989455,14467,GPD,tail,21.39793168391183,0.090625,Puntarenas_OTROS_Hidrometereológico
0.028209297801258054,0.9308704923989455,14468,GPD,tail,21.39793168391183,0.090625,Puntarenas_OTROS_Hidrometereológico
0.028209297801258054,0.9308704923989455,14469,GPD,tail,21.39793168391183,0.090625,Puntarenas_OTROS_Hidrometereológico
0.028209297801258054,0.9308704923989455,14470,GPD,tail,21.39793168391183,0.090625,Puntarenas_OTROS_Hidrometereológico
0.00031383467619219146,0.9620912365902876,14471,GPD,tail,21.39793168391183,0.090625,Puntarenas_OTROS_Hidrometereológico
0.00031383467619219146,0.9620912365902876,14472,GPD,tail,21.39793168391183,0.090625,Puntarenas_OTROS_Hidrometereológico
0.00031383467619219146,0.9620912365902876,14473,GPD,tail,21.39793168391183,0.090625,Puntarenas_OTROS_Hidrometereológico
0.00031383467619219146,0.9620912365902876,14474,GPD,tail,21.39793168391183,0.090625,Puntarenas_OTROS_Hidrometereológico
0.00031383467619219146,0.9620912365902876,14475,GPD,tail,21.39793168391183,0.090625,Puntarenas_OTROS_Hidrometereológico
0.00031383467619219146,0.9620912365902876,14476,GPD,tail,21.39793168391183,0.090625,Puntarenas_OTROS_Hidrometereológico
-0.02302786038234574,0.7633195567065681,14477,GPD,tail,21.39793168391183,0.090625,Puntarenas_OTROS_Hidrometereológico
-0.02302786038234574,0.7633195567065681,14478,GPD,tail,21.39793168391183,0.090625,Puntarenas_OTROS_Hidrometereológico
-0.02302786038234574,0.7633195567065681,14479,GPD,tail,21.39793168391183,0.090625,Puntarenas_OTROS_Hidrometereológico
-0.02302786038234574,0.7633195567065681,14480,GPD,tail,21.39793168391183,0.090625,Puntarenas_OTROS_Hidrometereológico
-0.02302786038234574,0.7633195567065681,14481,GPD,tail,21.39793168391183,0.090625,Puntarenas_OTROS_Hidrometereológico
-0.02302786038234574,0.7633195567065681,14482,GPD,tail,21.39793168391183,0.090625,Puntarenas_OTROS_Hidrometereológico
-0.02302786038234574,0.7633195567065681,14483,GPD,tail,21.39793168391183,0.090625,Puntarenas_OTROS_Hidrometereológico
-0.02302786038234574,0.7633195567065681,14484,GPD,tail,21.39793168391183,0.090625,Puntarenas_OTROS_Hidrometereológico
-0.02302786038234574,0.7633195567065681,14485,GPD,tail,21.39793168391183,0.090625,Puntarenas_OTROS_Hidrometereológico
-0.02302786038234574,0.7633195567065681,14486,GPD,tail,21.39793168391183,0.090625,Puntarenas_OTROS_Hidrometereológico
-0.02302786038234574,0.7633195567065681,14487,GPD,tail,21.39793168391183,0.090625,Puntarenas_OTROS_Hidrometereológico
-0.02302786038234574,0.7633195567065681,14488,GPD,tail,21.39793168391183,0.090625,Puntarenas_OTROS_Hidrometereológico
-0.02302786038234574,0.7633195567065681,14489,GPD,tail,21.39793168391183,0.090625,Puntarenas_OTROS_Hidrometereológico
-0.1398180644691809,0.9868083431693274,14490,GPD,tail,21.39793168391183,0.090625,Puntarenas_OTROS_Hidrometereológico
-0.1398180644691809,0.9868083431693274,14491,GPD,tail,21.39793168391183,0.090625,Puntarenas_OTROS_Hidrometereológico
-0.1398180644691809,0.9868083431693274,14492,GPD,tail,21.39793168391183,0.090625,Puntarenas_OTROS_Hidrometereológico
-0.1398180644691809,0.9868083431693274,14493,GPD,tail,21.39793168391183,0.090625,Puntarenas_OTROS_Hidrometereológico
-0.1398180644691809,0.9868083431693274,14494,GPD,tail,21.39793168391183,0.090625,Puntarenas_OTROS_Hidrometereológico
-0.1398180644691809,0.9868083431693274,14495,GPD,tail,21.39793168391183,0.090625,Puntarenas_OTROS_Hidrometereológico
-0.1398180644691809,0.9868083431693274,14496,GPD,tail,21.39793168391183,0.090625,Puntarenas_OTROS_Hidrometereológico
-0.1398180644691809,0.9868083431693274,14497,GPD,tail,21.39793168391183,0.090625,Puntarenas_OTROS_Hidrometereológico
-0.1398180644691809,0.9868083431693274,14498,GPD,tail,21.39793168391183,0.090625,Puntarenas_OTROS_Hidrometereológico
-0.1398180644691809,0.9868083431693274,14499,GPD,tail,21.39793168391183,0.090625,Puntarenas_OTROS_Hidrometereológico
-0.1398180644691809,0.9868083431693274,14500,GPD,tail,21.39793168391183,0.090625,Puntarenas_OTROS_Hidrometereológico
-0.1398180644691809,0.9868083431693274,14501,GPD,tail,21.39793168391183,0.090625,Puntarenas_OTROS_Hidrometereológico
-0.1398180644691809,0.9868083431693274,14502,GPD,tail,21.39793168391183,0.090625,Puntarenas_OTROS_Hidrometereológico
-0.1398180644691809,0.9868083431693274,14503,GPD,tail,21.39793168391183,0.090625,Puntarenas_OTROS_Hidrometereológico
-0.1398180644691809,0.9868083431693274,14504,GPD,tail,21.39793168391183,0.090625,Puntarenas_OTROS_Hidrometereológico
-0.1398180644691809,0.9868083431693274,14505,GPD,tail,21.39793168391183,0.090625,Puntarenas_OTROS_Hidrometereológico
-0.1398180644691809,0.9868083431693274,14506,GPD,tail,21.39793168391183,0.090625,Puntarenas_OTROS_Hidrometereológico
-0.1398180644691809,0.9868083431693274,14507,GPD,tail,21.39793168391183,0.090625,Puntarenas_OTROS_Hidrometereológico
-0.1398180644691809,0.9868083431693274,14508,GPD,tail,21.39793168391183,0.090625,Puntarenas_OTROS_Hidrometereológico
-0.1398180644691809,0.9868083431693274,14509,GPD,tail,21.39793168391183,0.090625,Puntarenas_OTROS_Hidrometereológico
-0.1398180644691809,0.9868083431693274,14510,GPD,tail,21.39793168391183,0.090625,Puntarenas_OTROS_Hidrometereológico
-0.1398180644691809,0.9868083431693274,14511,GPD,tail,21.39793168391183,0.090625,Puntarenas_OTROS_Hidrometereológico
-0.1398180644691809,0.9868083431693274,14512,GPD,tail,21.39793168391183,0.090625,Puntarenas_OTROS_Hidrometereológico
-0.1398180644691809,0.9868083431693274,14513,GPD,tail,21.39793168391183,0.090625,Puntarenas_OTROS_Hidrometereológico
-0.1398180644691809,0.9868083431693274,14514,GPD,tail,21.39793168391183,0.090625,Puntarenas_OTROS_Hidrometereológico
-0.1398180644691809,0.9868083431693274,14515,GPD,tail,21.39793168391183,0.090625,Puntarenas_OTROS_Hidrometereológico
-0.1398180644691809,0.9868083431693274,14516,GPD,tail,21.39793168391183,0.090625,Puntarenas_OTROS_Hidrometereológico
-0.1398180644691809,0.9868083431693274,14517,GPD,tail,21.39793168391183,0.090625,Puntarenas_OTROS_Hidrometereológico
-0.1398180644691809,0.9868083431693274,14518,GPD,tail,21.39793168391183,0.090625,Puntarenas_OTROS_Hidrometereológico
-0.1398180644691809,0.9868083431693274,14519,GPD,tail,21.39793168391183,0.090625,Puntarenas_OTROS_Hidrometereológico
-0.1398180644691809,0.9868083431693274,14520,GPD,tail,21.39793168391183,0.090625,Puntarenas_OTROS_Hidrometereológico
-0.1398180644691809,0.9868083431693274,14521,GPD,tail,21.39793168391183,0.090625,Puntarenas_OTROS_Hidrometereológico
-0.1398180644691809,0.9868083431693274,14522,GPD,tail,21.39793168391183,0.090625,Puntarenas_OTROS_Hidrometereológico
-0.1398180644691809,0.9868083431693274,14523,GPD,tail,21.39793168391183,0.090625,Puntarenas_OTROS_Hidrometereológico
-0.1398180644691809,0.9868083431693274,14524,GPD,tail,21.39793168391183,0.090625,Puntarenas_OTROS_Hidrometereológico
-0.1398180644691809,0.9868083431693274,14525,GPD,tail,21.39793168391183,0.090625,Puntarenas_OTROS_Hidrometereológico
-0.1398180644691809,0.9868083431693274,14526,GPD,tail,21.39793168391183,0.090625,Puntarenas_OTROS_Hidrometereológico
-0.1398180644691809,0.9868083431693274,14527,GPD,tail,21.39793168391183,0.090625,Puntarenas_OTROS_Hidrometereológico
-0.1398180644691809,0.9868083431693274,14528,GPD,tail,21.39793168391183,0.090625,Puntarenas_OTROS_Hidrometereológico
-0.1398180644691809,0.9868083431693274,14529,GPD,tail,21.39793168391183,0.090625,Puntarenas_OTROS_Hidrometereológico
-0.1398180644691809,0.9868083431693274,14530,GPD,tail,21.39793168391183,0.090625,Puntarenas_OTROS_Hidrometereológico
-0.10376815136224066,0.804018236181943,14531,GPD,tail,21.39793168391183,0.090625,Puntarenas_OTROS_Hidrometereológico
-0.10376815136224066,0.804018236181943,14532,GPD,tail,21.39793168391183,0.090625,Puntarenas_OTROS_Hidrometereológico
-0.026063436954513935,0.7353489278393077,14533,GPD,tail,21.39793168391183,0.090625,Puntarenas_OTROS_Hidrometereológico
-0.026063436954513935,0.7353489278393077,14534,GPD,tail,21.39793168391183,0.090625,Puntarenas_OTROS_Hidrometereológico
-0.026063436954513935,0.7353489278393077,14535,GPD,tail,21.39793168391183,0.090625,Puntarenas_OTROS_Hidrometereológico
-0.026063436954513935,0.7353489278393077,14536,GPD,tail,21.39793168391183,0.090625,Puntarenas_OTROS_Hidrometereológico
-0.026063436954513935,0.7353489278393077,14537,GPD,tail,21.39793168391183,0.090625,Puntarenas_OTROS_Hidrometereológico
-0.026063436954513935,0.7353489278393077,14538,GPD,tail,21.39793168391183,0.090625,Puntarenas_OTROS_Hidrometereológico
-0.026063436954513935,0.7353489278393077,14539,GPD,tail,21.39793168391183,0.090625,Puntarenas_OTROS_Hidrometereológico
-0.026063436954513935,0.7353489278393077,14540,GPD,tail,21.39793168391183,0.090625,Puntarenas_OTROS_Hidrometereológico
-0.026063436954513935,0.7353489278393077,14541,GPD,tail,21.39793168391183,0.090625,Puntarenas_OTROS_Hidrometereológico
-0.026063436954513935,0.7353489278393077,14542,GPD,tail,21.39793168391183,0.090625,Puntarenas_OTROS_Hidrometereológico
-0.026063436954513935,0.7353489278393077,14543,GPD,tail,21.39793168391183,0.090625,Puntarenas_OTROS_Hidrometereológico
-0.026063436954513935,0.7353489278393077,14544,GPD,tail,21.39793168391183,0.090625,Puntarenas_OTROS_Hidrometereológico
-0.026063436954513935,0.7353489278393077,14545,GPD,tail,21.39793168391183,0.090625,Puntarenas_OTROS_Hidrometereológico
-0.026063436954513935,0.7353489278393077,14546,GPD,tail,21.39793168391183,0.090625,Puntarenas_OTROS_Hidrometereológico
-0.026063436954513935,0.7353489278393077,14547,GPD,tail,21.39793168391183,0.090625,Puntarenas_OTROS_Hidrometereológico
-0.026063436954513935,0.7353489278393077,14548,GPD,tail,21.39793168391183,0.090625,Puntarenas_OTROS_Hidrometereológico
-0.026063436954513935,0.7353489278393077,14549,GPD,tail,21.39793168391183,0.090625,Puntarenas_OTROS_Hidrometereológico
-0.026063436954513935,0.7353489278393077,14550,GPD,tail,21.39793168391183,0.090625,Puntarenas_OTROS_Hidrometereológico
-0.026063436954513935,0.7353489278393077,14551,GPD,tail,21.39793168391183,0.090625,Puntarenas_OTROS_Hidrometereológico
-0.026063436954513935,0.7353489278393077,14552,GPD,tail,21.39793168391183,0.090625,Puntarenas_OTROS_Hidrometereológico
-0.026063436954513935,0.7353489278393077,14553,GPD,tail,21.39793168391183,0.090625,Puntarenas_OTROS_Hidrometereológico
0.01901177256651368,0.7471007798382459,14554,GPD,tail,21.39793168391183,0.090625,Puntarenas_OTROS_Hidrometereológico
-0.10224578142038421,0.8490881650378654,14555,GPD,tail,21.39793168391183,0.090625,Puntarenas_OTROS_Hidrometereológico
-0.10224578142038421,0.8490881650378654,14556,GPD,tail,21.39793168391183,0.090625,Puntarenas_OTROS_Hidrometereológico
-0.10224578142038421,0.8490881650378654,14557,GPD,tail,21.39793168391183,0.090625,Puntarenas_OTROS_Hidrometereológico
-0.10224578142038421,0.8490881650378654,14558,GPD,tail,21.39793168391183,0.090625,Puntarenas_OTROS_Hidrometereológico
-0.10224578142038421,0.8490881650378654,14559,GPD,tail,21.39793168391183,0.090625,Puntarenas_OTROS_Hidrometereológico
-0.10224578142038421,0.8490881650378654,14560,GPD,tail,21.39793168391183,0.090625,Puntarenas_OTROS_Hidrometereológico
-0.10224578142038421,0.8490881650378654,14561,GPD,tail,21.39793168391183,0.090625,Puntarenas_OTROS_Hidrometereológico
-0.10224578142038421,0.8490881650378654,14562,GPD,tail,21.39793168391183,0.090625,Puntarenas_OTROS_Hidrometereológico
-0.10224578142038421,0.8490881650378654,14563,GPD,tail,21.39793168391183,0.090625,Puntarenas_OTROS_Hidrometereológico
-0.10224578142038421,0.8490881650378654,14564,GPD,tail,21.39793168391183,0.090625,Puntarenas_OTROS_Hidrometereológico
-0.10224578142038421,0.8490881650378654,14565,GPD,tail,21.39793168391183,0.090625,Puntarenas_OTROS_Hidrometereológico
-0.10224578142038421,0.8490881650378654,14566,GPD,tail,21.39793168391183,0.090625,Puntarenas_OTROS_Hidrometereológico
-0.10224578142038421,0.8490881650378654,14567,GPD,tail,21.39793168391183,0.090625,Puntarenas_OTROS_Hidrometereológico
-0.10224578142038421,0.8490881650378654,14568,GPD,tail,21.39793168391183,0.090625,Puntarenas_OTROS_Hidrometereológico
-0.10224578142038421,0.8490881650378654,14569,GPD,tail,21.39793168391183,0.090625,Puntarenas_OTROS_Hidrometereológico
-0.10224578142038421,0.8490881650378654,14570,GPD,tail,21.39793168391183,0.090625,Puntarenas_OTROS_Hidrometereológico
-0.10224578142038421,0.8490881650378654,14571,GPD,tail,21.39793168391183,0.090625,Puntarenas_OTROS_Hidrometereológico
-0.10224578142038421,0.8490881650378654,14572,GPD,tail,21.39793168391183,0.090625,Puntarenas_OTROS_Hidrometereológico
-0.10224578142038421,0.8490881650378654,14573,GPD,tail,21.39793168391183,0.090625,Puntarenas_OTROS_Hidrometereológico
-0.10224578142038421,0.8490881650378654,14574,GPD,tail,21.39793168391183,0.090625,Puntarenas_OTROS_Hidrometereológico
-0.10224578142038421,0.8490881650378654,14575,GPD,tail,21.39793168391183,0.090625,Puntarenas_OTROS_Hidrometereológico
-0.10224578142038421,0.8490881650378654,14576,GPD,tail,21.39793168391183,0.090625,Puntarenas_OTROS_Hidrometereológico
-0.10224578142038421,0.8490881650378654,14577,GPD,tail,21.39793168391183,0.090625,Puntarenas_OTROS_Hidrometereológico
-0.10224578142038421,0.8490881650378654,14578,GPD,tail,21.39793168391183,0.090625,Puntarenas_OTROS_Hidrometereológico
-0.05162963790983683,0.8846870916543927,14579,GPD,tail,21.39793168391183,0.090625,Puntarenas_OTROS_Hidrometereológico
-0.05162963790983683,0.8846870916543927,14580,GPD,tail,21.39793168391183,0.090625,Puntarenas_OTROS_Hidrometereológico
-0.05162963790983683,0.8846870916543927,14581,GPD,tail,21.39793168391183,0.090625,Puntarenas_OTROS_Hidrometereológico
-0.05162963790983683,0.8846870916543927,14582,GPD,tail,21.39793168391183,0.090625,Puntarenas_OTROS_Hidrometereológico
-0.05162963790983683,0.8846870916543927,14583,GPD,tail,21.39793168391183,0.090625,Puntarenas_OTROS_Hidrometereológico
-0.05162963790983683,0.8846870916543927,14584,GPD,tail,21.39793168391183,0.090625,Puntarenas_OTROS_Hidrometereológico
-0.05162963790983683,0.8846870916543927,14585,GPD,tail,21.39793168391183,0.090625,Puntarenas_OTROS_Hidrometereológico
-0.05162963790983683,0.8846870916543927,14586,GPD,tail,21.39793168391183,0.090625,Puntarenas_OTROS_Hidrometereológico
-0.05162963790983683,0.8846870916543927,14587,GPD,tail,21.39793168391183,0.090625,Puntarenas_OTROS_Hidrometereológico
-0.05162963790983683,0.8846870916543927,14588,GPD,tail,21.39793168391183,0.090625,Puntarenas_OTROS_Hidrometereológico
-0.05162963790983683,0.8846870916543927,14589,GPD,tail,21.39793168391183,0.090625,Puntarenas_OTROS_Hidrometereológico
-0.05162963790983683,0.8846870916543927,14590,GPD,tail,21.39793168391183,0.090625,Puntarenas_OTROS_Hidrometereológico
-0.17134368940273148,0.9444826255507572,14591,GPD,tail,21.39793168391183,0.090625,Puntarenas_OTROS_Hidrometereológico
-0.17134368940273148,0.9444826255507572,14592,GPD,tail,21.39793168391183,0.090625,Puntarenas_OTROS_Hidrometereológico
-0.17134368940273148,0.9444826255507572,14593,GPD,tail,21.39793168391183,0.090625,Puntarenas_OTROS_Hidrometereológico
-0.17134368940273148,0.9444826255507572,14594,GPD,tail,21.39793168391183,0.090625,Puntarenas_OTROS_Hidrometereológico
-0.17134368940273148,0.9444826255507572,14595,GPD,tail,21.39793168391183,0.090625,Puntarenas_OTROS_Hidrometereológico
-0.17134368940273148,0.9444826255507572,14596,GPD,tail,21.39793168391183,0.090625,Puntarenas_OTROS_Hidrometereológico
-0.13057399377460302,0.8538106251815402,14597,GPD,tail,21.39793168391183,0.090625,Puntarenas_OTROS_Hidrometereológico
-0.13057399377460302,0.8538106251815402,14598,GPD,tail,21.39793168391183,0.090625,Puntarenas_OTROS_Hidrometereológico
-0.13057399377460302,0.8538106251815402,14599,GPD,tail,21.39793168391183,0.090625,Puntarenas_OTROS_Hidrometereológico
-0.13057399377460302,0.8538106251815402,14600,GPD,tail,21.39793168391183,0.090625,Puntarenas_OTROS_Hidrometereológico
-0.10232723432410903,0.8755366850199574,14601,GPD,tail,21.39793168391183,0.090625,Puntarenas_OTROS_Hidrometereológico
-0.10232723432410903,0.8755366850199574,14602,GPD,tail,21.39793168391183,0.090625,Puntarenas_OTROS_Hidrometereológico
-0.10232723432410903,0.8755366850199574,14603,GPD,tail,21.39793168391183,0.090625,Puntarenas_OTROS_Hidrometereológico
-0.10232723432410903,0.8755366850199574,14604,GPD,tail,21.39793168391183,0.090625,Puntarenas_OTROS_Hidrometereológico
-0.10232723432410903,0.8755366850199574,14605,GPD,tail,21.39793168391183,0.090625,Puntarenas_OTROS_Hidrometereológico
-0.10232723432410903,0.8755366850199574,14606,GPD,tail,21.39793168391183,0.090625,Puntarenas_OTROS_Hidrometereológico
-0.10232723432410903,0.8755366850199574,14607,GPD,tail,21.39793168391183,0.090625,Puntarenas_OTROS_Hidrometereológico
-0.10232723432410903,0.8755366850199574,14608,GPD,tail,21.39793168391183,0.090625,Puntarenas_OTROS_Hidrometereológico
-0.10232723432410903,0.8755366850199574,14609,GPD,tail,21.39793168391183,0.090625,Puntarenas_OTROS_Hidrometereológico
-0.10232723432410903,0.8755366850199574,14610,GPD,tail,21.39793168391183,0.090625,Puntarenas_OTROS_Hidrometereológico
-0.10232723432410903,0.8755366850199574,14611,GPD,tail,21.39793168391183,0.090625,Puntarenas_OTROS_Hidrometereológico
-0.10232723432410903,0.8755366850199574,14612,GPD,tail,21.39793168391183,0.090625,Puntarenas_OTROS_Hidrometereológico
-0.10232723432410903,0.8755366850199574,14613,GPD,tail,21.39793168391183,0.090625,Puntarenas_OTROS_Hidrometereológico
-0.10232723432410903,0.8755366850199574,14614,GPD,tail,21.39793168391183,0.090625,Puntarenas_OTROS_Hidrometereológico
-0.10232723432410903,0.8755366850199574,14615,GPD,tail,21.39793168391183,0.090625,Puntarenas_OTROS_Hidrometereológico
-0.10232723432410903,0.8755366850199574,14616,GPD,tail,21.39793168391183,0.090625,Puntarenas_OTROS_Hidrometereológico
-0.10232723432410903,0.8755366850199574,14617,GPD,tail,21.39793168391183,0.090625,Puntarenas_OTROS_Hidrometereológico
-0.10232723432410903,0.8755366850199574,14618,GPD,tail,21.39793168391183,0.090625,Puntarenas_OTROS_Hidrometereológico
-0.10232723432410903,0.8755366850199574,14619,GPD,tail,21.39793168391183,0.090625,Puntarenas_OTROS_Hidrometereológico
-0.10232723432410903,0.8755366850199574,14620,GPD,tail,21.39793168391183,0.090625,Puntarenas_OTROS_Hidrometereológico
-0.10232723432410903,0.8755366850199574,14621,GPD,tail,21.39793168391183,0.090625,Puntarenas_OTROS_Hidrometereológico
-0.10232723432410903,0.8755366850199574,14622,GPD,tail,21.39793168391183,0.090625,Puntarenas_OTROS_Hidrometereológico
-0.10232723432410903,0.8755366850199574,14623,GPD,tail,21.39793168391183,0.090625,Puntarenas_OTROS_Hidrometereológico
-0.10232723432410903,0.8755366850199574,14624,GPD,tail,21.39793168391183,0.090625,Puntarenas_OTROS_Hidrometereológico
-0.10232723432410903,0.8755366850199574,14625,GPD,tail,21.39793168391183,0.090625,Puntarenas_OTROS_Hidrometereológico
-0.10232723432410903,0.8755366850199574,14626,GPD,tail,21.39793168391183,0.090625,Puntarenas_OTROS_Hidrometereológico
-0.10232723432410903,0.8755366850199574,14627,GPD,tail,21.39793168391183,0.090625,Puntarenas_OTROS_Hidrometereológico
-0.06732753225489407,0.8501837828536154,14628,GPD,tail,21.39793168391183,0.090625,Puntarenas_OTROS_Hidrometereológico
-0.06732753225489407,0.8501837828536154,14629,GPD,tail,21.39793168391183,0.090625,Puntarenas_OTROS_Hidrometereológico
-0.06732753225489407,0.8501837828536154,14630,GPD,tail,21.39793168391183,0.090625,Puntarenas_OTROS_Hidrometereológico
-0.06732753225489407,0.8501837828536154,14631,GPD,tail,21.39793168391183,0.090625,Puntarenas_OTROS_Hidrometereológico
-0.06732753225489407,0.8501837828536154,14632,GPD,tail,21.39793168391183,0.090625,Puntarenas_OTROS_Hidrometereológico
-0.06732753225489407,0.8501837828536154,14633,GPD,tail,21.39793168391183,0.090625,Puntarenas_OTROS_Hidrometereológico
-0.06732753225489407,0.8501837828536154,14634,GPD,tail,21.39793168391183,0.090625,Puntarenas_OTROS_Hidrometereológico
-0.06732753225489407,0.8501837828536154,14635,GPD,tail,21.39793168391183,0.090625,Puntarenas_OTROS_Hidrometereológico
-0.06732753225489407,0.8501837828536154,14636,GPD,tail,21.39793168391183,0.090625,Puntarenas_OTROS_Hidrometereológico
-0.06732753225489407,0.8501837828536154,14637,GPD,tail,21.39793168391183,0.090625,Puntarenas_OTROS_Hidrometereológico
-0.06732753225489407,0.8501837828536154,14638,GPD,tail,21.39793168391183,0.090625,Puntarenas_OTROS_Hidrometereológico
-0.06732753225489407,0.8501837828536154,14639,GPD,tail,21.39793168391183,0.090625,Puntarenas_OTROS_Hidrometereológico
-0.06732753225489407,0.8501837828536154,14640,GPD,tail,21.39793168391183,0.090625,Puntarenas_OTROS_Hidrometereológico
-0.06732753225489407,0.8501837828536154,14641,GPD,tail,21.39793168391183,0.090625,Puntarenas_OTROS_Hidrometereológico
-0.06732753225489407,0.8501837828536154,14642,GPD,tail,21.39793168391183,0.090625,Puntarenas_OTROS_Hidrometereológico
-0.06732753225489407,0.8501837828536154,14643,GPD,tail,21.39793168391183,0.090625,Puntarenas_OTROS_Hidrometereológico
-0.06732753225489407,0.8501837828536154,14644,GPD,tail,21.39793168391183,0.090625,Puntarenas_OTROS_Hidrometereológico
-0.06732753225489407,0.8501837828536154,14645,GPD,tail,21.39793168391183,0.090625,Puntarenas_OTROS_Hidrometereológico
-0.06732753225489407,0.8501837828536154,14646,GPD,tail,21.39793168391183,0.090625,Puntarenas_OTROS_Hidrometereológico
-0.06732753225489407,0.8501837828536154,14647,GPD,tail,21.39793168391183,0.090625,Puntarenas_OTROS_Hidrometereológico
-0.06732753225489407,0.8501837828536154,14648,GPD,tail,21.39793168391183,0.090625,Puntarenas_OTROS_Hidrometereológico
-0.06732753225489407,0.8501837828536154,14649,GPD,tail,21.39793168391183,0.090625,Puntarenas_OTROS_Hidrometereológico
-0.06732753225489407,0.8501837828536154,14650,GPD,tail,21.39793168391183,0.090625,Puntarenas_OTROS_Hidrometereológico
-0.06732753225489407,0.8501837828536154,14651,GPD,tail,21.39793168391183,0.090625,Puntarenas_OTROS_Hidrometereológico
-0.06732753225489407,0.8501837828536154,14652,GPD,tail,21.39793168391183,0.090625,Puntarenas_OTROS_Hidrometereológico
-0.06732753225489407,0.8501837828536154,14653,GPD,tail,21.39793168391183,0.090625,Puntarenas_OTROS_Hidrometereológico
-0.06732753225489407,0.8501837828536154,14654,GPD,tail,21.39793168391183,0.090625,Puntarenas_OTROS_Hidrometereológico
-0.06732753225489407,0.8501837828536154,14655,GPD,tail,21.39793168391183,0.090625,Puntarenas_OTROS_Hidrometereológico
-0.06732753225489407,0.8501837828536154,14656,GPD,tail,21.39793168391183,0.090625,Puntarenas_OTROS_Hidrometereológico
-0.06732753225489407,0.8501837828536154,14657,GPD,tail,21.39793168391183,0.090625,Puntarenas_OTROS_Hidrometereológico
-0.06732753225489407,0.8501837828536154,14658,GPD,tail,21.39793168391183,0.090625,Puntarenas_OTROS_Hidrometereológico
-0.06732753225489407,0.8501837828536154,14659,GPD,tail,21.39793168391183,0.090625,Puntarenas_OTROS_Hidrometereológico
-0.06732753225489407,0.8501837828536154,14660,GPD,tail,21.39793168391183,0.090625,Puntarenas_OTROS_Hidrometereológico
-0.06732753225489407,0.8501837828536154,14661,GPD,tail,21.39793168391183,0.090625,Puntarenas_OTROS_Hidrometereológico
-0.06732753225489407,0.8501837828536154,14662,GPD,tail,21.39793168391183,0.090625,Puntarenas_OTROS_Hidrometereológico
-0.06732753225489407,0.8501837828536154,14663,GPD,tail,21.39793168391183,0.090625,Puntarenas_OTROS_Hidrometereológico
-0.06732753225489407,0.8501837828536154,14664,GPD,tail,21.39793168391183,0.090625,Puntarenas_OTROS_Hidrometereológico
-0.06732753225489407,0.8501837828536154,14665,GPD,tail,21.39793168391183,0.090625,Puntarenas_OTROS_Hidrometereológico
-0.06732753225489407,0.8501837828536154,14666,GPD,tail,21.39793168391183,0.090625,Puntarenas_OTROS_Hidrometereológico
-0.06732753225489407,0.8501837828536154,14667,GPD,tail,21.39793168391183,0.090625,Puntarenas_OTROS_Hidrometereológico
-0.06732753225489407,0.8501837828536154,14668,GPD,tail,21.39793168391183,0.090625,Puntarenas_OTROS_Hidrometereológico
-0.06732753225489407,0.8501837828536154,14669,GPD,tail,21.39793168391183,0.090625,Puntarenas_OTROS_Hidrometereológico
-0.06732753225489407,0.8501837828536154,14670,GPD,tail,21.39793168391183,0.090625,Puntarenas_OTROS_Hidrometereológico
-0.06732753225489407,0.8501837828536154,14671,GPD,tail,21.39793168391183,0.090625,Puntarenas_OTROS_Hidrometereológico
-0.06732753225489407,0.8501837828536154,14672,GPD,tail,21.39793168391183,0.090625,Puntarenas_OTROS_Hidrometereológico
-0.06732753225489407,0.8501837828536154,14673,GPD,tail,21.39793168391183,0.090625,Puntarenas_OTROS_Hidrometereológico
-0.06732753225489407,0.8501837828536154,14674,GPD,tail,21.39793168391183,0.090625,Puntarenas_OTROS_Hidrometereológico
-0.06732753225489407,0.8501837828536154,14675,GPD,tail,21.39793168391183,0.090625,Puntarenas_OTROS_Hidrometereológico
-0.06732753225489407,0.8501837828536154,14676,GPD,tail,21.39793168391183,0.090625,Puntarenas_OTROS_Hidrometereológico
-0.06732753225489407,0.8501837828536154,14677,GPD,tail,21.39793168391183,0.090625,Puntarenas_OTROS_Hidrometereológico
-0.06732753225489407,0.8501837828536154,14678,GPD,tail,21.39793168391183,0.090625,Puntarenas_OTROS_Hidrometereológico
-0.06732753225489407,0.8501837828536154,14679,GPD,tail,21.39793168391183,0.090625,Puntarenas_OTROS_Hidrometereológico
-0.06732753225489407,0.8501837828536154,14680,GPD,tail,21.39793168391183,0.090625,Puntarenas_OTROS_Hidrometereológico
-0.06732753225489407,0.8501837828536154,14681,GPD,tail,21.39793168391183,0.090625,Puntarenas_OTROS_Hidrometereológico
-0.06732753225489407,0.8501837828536154,14682,GPD,tail,21.39793168391183,0.090625,Puntarenas_OTROS_Hidrometereológico
-0.06732753225489407,0.8501837828536154,14683,GPD,tail,21.39793168391183,0.090625,Puntarenas_OTROS_Hidrometereológico
-0.06732753225489407,0.8501837828536154,14684,GPD,tail,21.39793168391183,0.090625,Puntarenas_OTROS_Hidrometereológico
-0.06732753225489407,0.8501837828536154,14685,GPD,tail,21.39793168391183,0.090625,Puntarenas_OTROS_Hidrometereológico
-0.06732753225489407,0.8501837828536154,14686,GPD,tail,21.39793168391183,0.090625,Puntarenas_OTROS_Hidrometereológico
-0.06732753225489407,0.8501837828536154,14687,GPD,tail,21.39793168391183,0.090625,Puntarenas_OTROS_Hidrometereológico
-0.06732753225489407,0.8501837828536154,14688,GPD,tail,21.39793168391183,0.090625,Puntarenas_OTROS_Hidrometereológico
-0.06732753225489407,0.8501837828536154,14689,GPD,tail,21.39793168391183,0.090625,Puntarenas_OTROS_Hidrometereológico
-0.06732753225489407,0.8501837828536154,14690,GPD,tail,21.39793168391183,0.090625,Puntarenas_OTROS_Hidrometereológico
-0.06732753225489407,0.8501837828536154,14691,GPD,tail,21.39793168391183,0.090625,Puntarenas_OTROS_Hidrometereológico
-0.06732753225489407,0.8501837828536154,14692,GPD,tail,21.39793168391183,0.090625,Puntarenas_OTROS_Hidrometereológico
-0.06732753225489407,0.8501837828536154,14693,GPD,tail,21.39793168391183,0.090625,Puntarenas_OTROS_Hidrometereológico
-0.06732753225489407,0.8501837828536154,14694,GPD,tail,21.39793168391183,0.090625,Puntarenas_OTROS_Hidrometereológico
-0.06732753225489407,0.8501837828536154,14695,GPD,tail,21.39793168391183,0.090625,Puntarenas_OTROS_Hidrometereológico
-0.06732753225489407,0.8501837828536154,14696,GPD,tail,21.39793168391183,0.090625,Puntarenas_OTROS_Hidrometereológico
-0.06732753225489407,0.8501837828536154,14697,GPD,tail,21.39793168391183,0.090625,Puntarenas_OTROS_Hidrometereológico
-0.06732753225489407,0.8501837828536154,14698,GPD,tail,21.39793168391183,0.090625,Puntarenas_OTROS_Hidrometereológico
-0.06732753225489407,0.8501837828536154,14699,GPD,tail,21.39793168391183,0.090625,Puntarenas_OTROS_Hidrometereológico
-0.06732753225489407,0.8501837828536154,14700,GPD,tail,21.39793168391183,0.090625,Puntarenas_OTROS_Hidrometereológico
-0.06732753225489407,0.8501837828536154,14701,GPD,tail,21.39793168391183,0.090625,Puntarenas_OTROS_Hidrometereológico
-0.06732753225489407,0.8501837828536154,14702,GPD,tail,21.39793168391183,0.090625,Puntarenas_OTROS_Hidrometereológico
-0.0019345634243937981,0.7843025419035113,14703,GPD,tail,21.39793168391183,0.090625,Puntarenas_OTROS_Hidrometereológico
-0.0019345634243937981,0.7843025419035113,14704,GPD,tail,21.39793168391183,0.090625,Puntarenas_OTROS_Hidrometereológico
-0.0019345634243937981,0.7843025419035113,14705,GPD,tail,21.39793168391183,0.090625,Puntarenas_OTROS_Hidrometereológico
-0.0019345634243937981,0.7843025419035113,14706,GPD,tail,21.39793168391183,0.090625,Puntarenas_OTROS_Hidrometereológico
-0.0019345634243937981,0.7843025419035113,14707,GPD,tail,21.39793168391183,0.090625,Puntarenas_OTROS_Hidrometereológico
-0.02715877917304612,0.7378398106965685,14708,GPD,tail,21.39793168391183,0.090625,Puntarenas_OTROS_Hidrometereológico
-0.02715877917304612,0.7378398106965685,14709,GPD,tail,21.39793168391183,0.090625,Puntarenas_OTROS_Hidrometereológico
-0.02715877917304612,0.7378398106965685,14710,GPD,tail,21.39793168391183,0.090625,Puntarenas_OTROS_Hidrometereológico
-0.02715877917304612,0.7378398106965685,14711,GPD,tail,21.39793168391183,0.090625,Puntarenas_OTROS_Hidrometereológico
-0.02715877917304612,0.7378398106965685,14712,GPD,tail,21.39793168391183,0.090625,Puntarenas_OTROS_Hidrometereológico
-0.02715877917304612,0.7378398106965685,14713,GPD,tail,21.39793168391183,0.090625,Puntarenas_OTROS_Hidrometereológico
-0.02715877917304612,0.7378398106965685,14714,GPD,tail,21.39793168391183,0.090625,Puntarenas_OTROS_Hidrometereológico
-0.02715877917304612,0.7378398106965685,14715,GPD,tail,21.39793168391183,0.090625,Puntarenas_OTROS_Hidrometereológico
-0.013006286791013143,0.8184550945101509,14716,GPD,tail,21.39793168391183,0.090625,Puntarenas_OTROS_Hidrometereológico
-0.013006286791013143,0.8184550945101509,14717,GPD,tail,21.39793168391183,0.090625,Puntarenas_OTROS_Hidrometereológico
-0.013006286791013143,0.8184550945101509,14718,GPD,tail,21.39793168391183,0.090625,Puntarenas_OTROS_Hidrometereológico
-0.013006286791013143,0.8184550945101509,14719,GPD,tail,21.39793168391183,0.090625,Puntarenas_OTROS_Hidrometereológico
-0.013006286791013143,0.8184550945101509,14720,GPD,tail,21.39793168391183,0.090625,Puntarenas_OTROS_Hidrometereológico
-0.013006286791013143,0.8184550945101509,14721,GPD,tail,21.39793168391183,0.090625,Puntarenas_OTROS_Hidrometereológico
-0.013006286791013143,0.8184550945101509,14722,GPD,tail,21.39793168391183,0.090625,Puntarenas_OTROS_Hidrometereológico
-0.013006286791013143,0.8184550945101509,14723,GPD,tail,21.39793168391183,0.090625,Puntarenas_OTROS_Hidrometereológico
-0.013006286791013143,0.8184550945101509,14724,GPD,tail,21.39793168391183,0.090625,Puntarenas_OTROS_Hidrometereológico
-0.013006286791013143,0.8184550945101509,14725,GPD,tail,21.39793168391183,0.090625,Puntarenas_OTROS_Hidrometereológico
-0.013006286791013143,0.8184550945101509,14726,GPD,tail,21.39793168391183,0.090625,Puntarenas_OTROS_Hidrometereológico
-0.013006286791013143,0.8184550945101509,14727,GPD,tail,21.39793168391183,0.090625,Puntarenas_OTROS_Hidrometereológico
-0.013006286791013143,0.8184550945101509,14728,GPD,tail,21.39793168391183,0.090625,Puntarenas_OTROS_Hidrometereológico
-0.013006286791013143,0.8184550945101509,14729,GPD,tail,21.39793168391183,0.090625,Puntarenas_OTROS_Hidrometereológico
-0.013006286791013143,0.8184550945101509,14730,GPD,tail,21.39793168391183,0.090625,Puntarenas_OTROS_Hidrometereológico
-0.013006286791013143,0.8184550945101509,14731,GPD,tail,21.39793168391183,0.090625,Puntarenas_OTROS_Hidrometereológico
-0.013006286791013143,0.8184550945101509,14732,GPD,tail,21.39793168391183,0.090625,Puntarenas_OTROS_Hidrometereológico
-0.013006286791013143,0.8184550945101509,14733,GPD,tail,21.39793168391183,0.090625,Puntarenas_OTROS_Hidrometereológico
-0.013006286791013143,0.8184550945101509,14734,GPD,tail,21.39793168391183,0.090625,Puntarenas_OTROS_Hidrometereológico
-0.013006286791013143,0.8184550945101509,14735,GPD,tail,21.39793168391183,0.090625,Puntarenas_OTROS_Hidrometereológico
-0.013006286791013143,0.8184550945101509,14736,GPD,tail,21.39793168391183,0.090625,Puntarenas_OTROS_Hidrometereológico
-0.013006286791013143,0.8184550945101509,14737,GPD,tail,21.39793168391183,0.090625,Puntarenas_OTROS_Hidrometereológico
-0.013006286791013143,0.8184550945101509,14738,GPD,tail,21.39793168391183,0.090625,Puntarenas_OTROS_Hidrometereológico
-0.013006286791013143,0.8184550945101509,14739,GPD,tail,21.39793168391183,0.090625,Puntarenas_OTROS_Hidrometereológico
-0.013006286791013143,0.8184550945101509,14740,GPD,tail,21.39793168391183,0.090625,Puntarenas_OTROS_Hidrometereológico
-0.013006286791013143,0.8184550945101509,14741,GPD,tail,21.39793168391183,0.090625,Puntarenas_OTROS_Hidrometereológico
-0.013006286791013143,0.8184550945101509,14742,GPD,tail,21.39793168391183,0.090625,Puntarenas_OTROS_Hidrometereológico
-0.013006286791013143,0.8184550945101509,14743,GPD,tail,21.39793168391183,0.090625,Puntarenas_OTROS_Hidrometereológico
-0.013006286791013143,0.8184550945101509,14744,GPD,tail,21.39793168391183,0.090625,Puntarenas_OTROS_Hidrometereológico
-0.013006286791013143,0.8184550945101509,14745,GPD,tail,21.39793168391183,0.090625,Puntarenas_OTROS_Hidrometereológico
-0.013006286791013143,0.8184550945101509,14746,GPD,tail,21.39793168391183,0.090625,Puntarenas_OTROS_Hidrometereológico
-0.013006286791013143,0.8184550945101509,14747,GPD,tail,21.39793168391183,0.090625,Puntarenas_OTROS_Hidrometereológico
-0.013006286791013143,0.8184550945101509,14748,GPD,tail,21.39793168391183,0.090625,Puntarenas_OTROS_Hidrometereológico
-0.013006286791013143,0.8184550945101509,14749,GPD,tail,21.39793168391183,0.090625,Puntarenas_OTROS_Hidrometereológico
-0.03088341886790514,0.7846052746132939,14750,GPD,tail,21.39793168391183,0.090625,Puntarenas_OTROS_Hidrometereológico
-0.03088341886790514,0.7846052746132939,14751,GPD,tail,21.39793168391183,0.090625,Puntarenas_OTROS_Hidrometereológico
-0.03088341886790514,0.7846052746132939,14752,GPD,tail,21.39793168391183,0.090625,Puntarenas_OTROS_Hidrometereológico
-0.03088341886790514,0.7846052746132939,14753,GPD,tail,21.39793168391183,0.090625,Puntarenas_OTROS_Hidrometereológico
-0.03088341886790514,0.7846052746132939,14754,GPD,tail,21.39793168391183,0.090625,Puntarenas_OTROS_Hidrometereológico
-0.03088341886790514,0.7846052746132939,14755,GPD,tail,21.39793168391183,0.090625,Puntarenas_OTROS_Hidrometereológico
-0.03088341886790514,0.7846052746132939,14756,GPD,tail,21.39793168391183,0.090625,Puntarenas_OTROS_Hidrometereológico
-0.03088341886790514,0.7846052746132939,14757,GPD,tail,21.39793168391183,0.090625,Puntarenas_OTROS_Hidrometereológico
-0.03088341886790514,0.7846052746132939,14758,GPD,tail,21.39793168391183,0.090625,Puntarenas_OTROS_Hidrometereológico
-0.03088341886790514,0.7846052746132939,14759,GPD,tail,21.39793168391183,0.090625,Puntarenas_OTROS_Hidrometereológico
-0.03088341886790514,0.7846052746132939,14760,GPD,tail,21.39793168391183,0.090625,Puntarenas_OTROS_Hidrometereológico
-0.03088341886790514,0.7846052746132939,14761,GPD,tail,21.39793168391183,0.090625,Puntarenas_OTROS_Hidrometereológico
-0.03088341886790514,0.7846052746132939,14762,GPD,tail,21.39793168391183,0.090625,Puntarenas_OTROS_Hidrometereológico
-0.03088341886790514,0.7846052746132939,14763,GPD,tail,21.39793168391183,0.090625,Puntarenas_OTROS_Hidrometereológico
-0.03088341886790514,0.7846052746132939,14764,GPD,tail,21.39793168391183,0.090625,Puntarenas_OTROS_Hidrometereológico
-0.03088341886790514,0.7846052746132939,14765,GPD,tail,21.39793168391183,0.090625,Puntarenas_OTROS_Hidrometereológico
-0.03088341886790514,0.7846052746132939,14766,GPD,tail,21.39793168391183,0.090625,Puntarenas_OTROS_Hidrometereológico
-0.03088341886790514,0.7846052746132939,14767,GPD,tail,21.39793168391183,0.090625,Puntarenas_OTROS_Hidrometereológico
-0.03088341886790514,0.7846052746132939,14768,GPD,tail,21.39793168391183,0.090625,Puntarenas_OTROS_Hidrometereológico
-0.03088341886790514,0.7846052746132939,14769,GPD,tail,21.39793168391183,0.090625,Puntarenas_OTROS_Hidrometereológico
-0.03088341886790514,0.7846052746132939,14770,GPD,tail,21.39793168391183,0.090625,Puntarenas_OTROS_Hidrometereológico
-0.03088341886790514,0.7846052746132939,14771,GPD,tail,21.39793168391183,0.090625,Puntarenas_OTROS_Hidrometereológico
-0.03088341886790514,0.7846052746132939,14772,GPD,tail,21.39793168391183,0.090625,Puntarenas_OTROS_Hidrometereológico
-0.03088341886790514,0.7846052746132939,14773,GPD,tail,21.39793168391183,0.090625,Puntarenas_OTROS_Hidrometereológico
-0.02304260849492282,0.8638747145976098,14774,GPD,tail,21.39793168391183,0.090625,Puntarenas_OTROS_Hidrometereológico
-0.02304260849492282,0.8638747145976098,14775,GPD,tail,21.39793168391183,0.090625,Puntarenas_OTROS_Hidrometereológico
-0.10119265407729898,0.8882706295594882,14776,GPD,tail,21.39793168391183,0.090625,Puntarenas_OTROS_Hidrometereológico
-0.10119265407729898,0.8882706295594882,14777,GPD,tail,21.39793168391183,0.090625,Puntarenas_OTROS_Hidrometereológico
-0.10119265407729898,0.8882706295594882,14778,GPD,tail,21.39793168391183,0.090625,Puntarenas_OTROS_Hidrometereológico
-0.13011501741658943,1.0269287700628962,14779,GPD,tail,21.39793168391183,0.090625,Puntarenas_OTROS_Hidrometereológico
-0.13011501741658943,1.0269287700628962,14780,GPD,tail,21.39793168391183,0.090625,Puntarenas_OTROS_Hidrometereológico
-0.13011501741658943,1.0269287700628962,14781,GPD,tail,21.39793168391183,0.090625,Puntarenas_OTROS_Hidrometereológico
-0.13011501741658943,1.0269287700628962,14782,GPD,tail,21.39793168391183,0.090625,Puntarenas_OTROS_Hidrometereológico
-0.13011501741658943,1.0269287700628962,14783,GPD,tail,21.39793168391183,0.090625,Puntarenas_OTROS_Hidrometereológico
-0.13011501741658943,1.0269287700628962,14784,GPD,tail,21.39793168391183,0.090625,Puntarenas_OTROS_Hidrometereológico
-0.17783884647714993,0.9647758958997841,14785,GPD,tail,21.39793168391183,0.090625,Puntarenas_OTROS_Hidrometereológico
-0.17783884647714993,0.9647758958997841,14786,GPD,tail,21.39793168391183,0.090625,Puntarenas_OTROS_Hidrometereológico
-0.17783884647714993,0.9647758958997841,14787,GPD,tail,21.39793168391183,0.090625,Puntarenas_OTROS_Hidrometereológico
-0.17783884647714993,0.9647758958997841,14788,GPD,tail,21.39793168391183,0.090625,Puntarenas_OTROS_Hidrometereológico
-0.17783884647714993,0.9647758958997841,14789,GPD,tail,21.39793168391183,0.090625,Puntarenas_OTROS_Hidrometereológico
-0.17783884647714993,0.9647758958997841,14790,GPD,tail,21.39793168391183,0.090625,Puntarenas_OTROS_Hidrometereológico
-0.17783884647714993,0.9647758958997841,14791,GPD,tail,21.39793168391183,0.090625,Puntarenas_OTROS_Hidrometereológico
-0.17783884647714993,0.9647758958997841,14792,GPD,tail,21.39793168391183,0.090625,Puntarenas_OTROS_Hidrometereológico
-0.17783884647714993,0.9647758958997841,14793,GPD,tail,21.39793168391183,0.090625,Puntarenas_OTROS_Hidrometereológico
-0.17783884647714993,0.9647758958997841,14794,GPD,tail,21.39793168391183,0.090625,Puntarenas_OTROS_Hidrometereológico
-0.17783884647714993,0.9647758958997841,14795,GPD,tail,21.39793168391183,0.090625,Puntarenas_OTROS_Hidrometereológico
-0.17783884647714993,0.9647758958997841,14796,GPD,tail,21.39793168391183,0.090625,Puntarenas_OTROS_Hidrometereológico
-0.09849250641157307,1.0047034296944948,14797,GPD,tail,21.39793168391183,0.090625,Puntarenas_OTROS_Hidrometereológico
-0.09849250641157307,1.0047034296944948,14798,GPD,tail,21.39793168391183,0.090625,Puntarenas_OTROS_Hidrometereológico
-0.09849250641157307,1.0047034296944948,14799,GPD,tail,21.39793168391183,0.090625,Puntarenas_OTROS_Hidrometereológico
-0.09849250641157307,1.0047034296944948,14800,GPD,tail,21.39793168391183,0.090625,Puntarenas_OTROS_Hidrometereológico
-0.09849250641157307,1.0047034296944948,14801,GPD,tail,21.39793168391183,0.090625,Puntarenas_OTROS_Hidrometereológico
-0.09849250641157307,1.0047034296944948,14802,GPD,tail,21.39793168391183,0.090625,Puntarenas_OTROS_Hidrometereológico
-0.09849250641157307,1.0047034296944948,14803,GPD,tail,21.39793168391183,0.090625,Puntarenas_OTROS_Hidrometereológico
-0.09849250641157307,1.0047034296944948,14804,GPD,tail,21.39793168391183,0.090625,Puntarenas_OTROS_Hidrometereológico
-0.09849250641157307,1.0047034296944948,14805,GPD,tail,21.39793168391183,0.090625,Puntarenas_OTROS_Hidrometereológico
-0.09849250641157307,1.0047034296944948,14806,GPD,tail,21.39793168391183,0.090625,Puntarenas_OTROS_Hidrometereológico
-0.09849250641157307,1.0047034296944948,14807,GPD,tail,21.39793168391183,0.090625,Puntarenas_OTROS_Hidrometereológico
-0.09849250641157307,1.0047034296944948,14808,GPD,tail,21.39793168391183,0.090625,Puntarenas_OTROS_Hidrometereológico
-0.09849250641157307,1.0047034296944948,14809,GPD,tail,21.39793168391183,0.090625,Puntarenas_OTROS_Hidrometereológico
-0.09849250641157307,1.0047034296944948,14810,GPD,tail,21.39793168391183,0.090625,Puntarenas_OTROS_Hidrometereológico
-0.09849250641157307,1.0047034296944948,14811,GPD,tail,21.39793168391183,0.090625,Puntarenas_OTROS_Hidrometereológico
-0.09849250641157307,1.0047034296944948,14812,GPD,tail,21.39793168391183,0.090625,Puntarenas_OTROS_Hidrometereológico
-0.09849250641157307,1.0047034296944948,14813,GPD,tail,21.39793168391183,0.090625,Puntarenas_OTROS_Hidrometereológico
-0.09849250641157307,1.0047034296944948,14814,GPD,tail,21.39793168391183,0.090625,Puntarenas_OTROS_Hidrometereológico
-0.09849250641157307,1.0047034296944948,14815,GPD,tail,21.39793168391183,0.090625,Puntarenas_OTROS_Hidrometereológico
-0.19143627953988782,0.9542811861944811,14816,GPD,tail,21.39793168391183,0.090625,Puntarenas_OTROS_Hidrometereológico
-0.19143627953988782,0.9542811861944811,14817,GPD,tail,21.39793168391183,0.090625,Puntarenas_OTROS_Hidrometereológico
-0.19143627953988782,0.9542811861944811,14818,GPD,tail,21.39793168391183,0.090625,Puntarenas_OTROS_Hidrometereológico
-0.19143627953988782,0.9542811861944811,14819,GPD,tail,21.39793168391183,0.090625,Puntarenas_OTROS_Hidrometereológico
-0.19143627953988782,0.9542811861944811,14820,GPD,tail,21.39793168391183,0.090625,Puntarenas_OTROS_Hidrometereológico
-0.19143627953988782,0.9542811861944811,14821,GPD,tail,21.39793168391183,0.090625,Puntarenas_OTROS_Hidrometereológico
-0.19143627953988782,0.9542811861944811,14822,GPD,tail,21.39793168391183,0.090625,Puntarenas_OTROS_Hidrometereológico
-0.1935235220313721,1.0452489291982403,14823,GPD,tail,21.39793168391183,0.090625,Puntarenas_OTROS_Hidrometereológico
-0.1935235220313721,1.0452489291982403,14824,GPD,tail,21.39793168391183,0.090625,Puntarenas_OTROS_Hidrometereológico
-0.1935235220313721,1.0452489291982403,14825,GPD,tail,21.39793168391183,0.090625,Puntarenas_OTROS_Hidrometereológico
-0.1935235220313721,1.0452489291982403,14826,GPD,tail,21.39793168391183,0.090625,Puntarenas_OTROS_Hidrometereológico
-0.1935235220313721,1.0452489291982403,14827,GPD,tail,21.39793168391183,0.090625,Puntarenas_OTROS_Hidrometereológico
-0.1935235220313721,1.0452489291982403,14828,GPD,tail,21.39793168391183,0.090625,Puntarenas_OTROS_Hidrometereológico
-0.1935235220313721,1.0452489291982403,14829,GPD,tail,21.39793168391183,0.090625,Puntarenas_OTROS_Hidrometereológico
-0.1935235220313721,1.0452489291982403,14830,GPD,tail,21.39793168391183,0.090625,Puntarenas_OTROS_Hidrometereológico
-0.0289308283706064,0.9455219027467056,14831,GPD,tail,21.39793168391183,0.090625,Puntarenas_OTROS_Hidrometereológico
-0.0289308283706064,0.9455219027467056,14832,GPD,tail,21.39793168391183,0.090625,Puntarenas_OTROS_Hidrometereológico
-0.0289308283706064,0.9455219027467056,14833,GPD,tail,21.39793168391183,0.090625,Puntarenas_OTROS_Hidrometereológico
-0.0289308283706064,0.9455219027467056,14834,GPD,tail,21.39793168391183,0.090625,Puntarenas_OTROS_Hidrometereológico
-0.0289308283706064,0.9455219027467056,14835,GPD,tail,21.39793168391183,0.090625,Puntarenas_OTROS_Hidrometereológico
0.055397846628868125,0.7317378112009043,14836,GPD,tail,21.39793168391183,0.090625,Puntarenas_OTROS_Hidrometereológico
0.055397846628868125,0.7317378112009043,14837,GPD,tail,21.39793168391183,0.090625,Puntarenas_OTROS_Hidrometereológico
0.055397846628868125,0.7317378112009043,14838,GPD,tail,21.39793168391183,0.090625,Puntarenas_OTROS_Hidrometereológico
0.055397846628868125,0.7317378112009043,14839,GPD,tail,21.39793168391183,0.090625,Puntarenas_OTROS_Hidrometereológico
0.055397846628868125,0.7317378112009043,14840,GPD,tail,21.39793168391183,0.090625,Puntarenas_OTROS_Hidrometereológico
0.055397846628868125,0.7317378112009043,14841,GPD,tail,21.39793168391183,0.090625,Puntarenas_OTROS_Hidrometereológico
0.055397846628868125,0.7317378112009043,14842,GPD,tail,21.39793168391183,0.090625,Puntarenas_OTROS_Hidrometereológico
0.055397846628868125,0.7317378112009043,14843,GPD,tail,21.39793168391183,0.090625,Puntarenas_OTROS_Hidrometereológico
0.055397846628868125,0.7317378112009043,14844,GPD,tail,21.39793168391183,0.090625,Puntarenas_OTROS_Hidrometereológico
0.055397846628868125,0.7317378112009043,14845,GPD,tail,21.39793168391183,0.090625,Puntarenas_OTROS_Hidrometereológico
0.055397846628868125,0.7317378112009043,14846,GPD,tail,21.39793168391183,0.090625,Puntarenas_OTROS_Hidrometereológico
-0.09697395037378928,0.8772362100858643,14847,GPD,tail,21.39793168391183,0.090625,Puntarenas_OTROS_Hidrometereológico
-0.09697395037378928,0.8772362100858643,14848,GPD,tail,21.39793168391183,0.090625,Puntarenas_OTROS_Hidrometereológico
-0.09697395037378928,0.8772362100858643,14849,GPD,tail,21.39793168391183,0.090625,Puntarenas_OTROS_Hidrometereológico
-0.09697395037378928,0.8772362100858643,14850,GPD,tail,21.39793168391183,0.090625,Puntarenas_OTROS_Hidrometereológico
-0.09697395037378928,0.8772362100858643,14851,GPD,tail,21.39793168391183,0.090625,Puntarenas_OTROS_Hidrometereológico
-0.09697395037378928,0.8772362100858643,14852,GPD,tail,21.39793168391183,0.090625,Puntarenas_OTROS_Hidrometereológico
-0.09697395037378928,0.8772362100858643,14853,GPD,tail,21.39793168391183,0.090625,Puntarenas_OTROS_Hidrometereológico
-0.09697395037378928,0.8772362100858643,14854,GPD,tail,21.39793168391183,0.090625,Puntarenas_OTROS_Hidrometereológico
-0.09697395037378928,0.8772362100858643,14855,GPD,tail,21.39793168391183,0.090625,Puntarenas_OTROS_Hidrometereológico
-0.09697395037378928,0.8772362100858643,14856,GPD,tail,21.39793168391183,0.090625,Puntarenas_OTROS_Hidrometereológico
-0.09697395037378928,0.8772362100858643,14857,GPD,tail,21.39793168391183,0.090625,Puntarenas_OTROS_Hidrometereológico
-0.09697395037378928,0.8772362100858643,14858,GPD,tail,21.39793168391183,0.090625,Puntarenas_OTROS_Hidrometereológico
-0.09697395037378928,0.8772362100858643,14859,GPD,tail,21.39793168391183,0.090625,Puntarenas_OTROS_Hidrometereológico
-0.09697395037378928,0.8772362100858643,14860,GPD,tail,21.39793168391183,0.090625,Puntarenas_OTROS_Hidrometereológico
-0.09697395037378928,0.8772362100858643,14861,GPD,tail,21.39793168391183,0.090625,Puntarenas_OTROS_Hidrometereológico
-0.09697395037378928,0.8772362100858643,14862,GPD,tail,21.39793168391183,0.090625,Puntarenas_OTROS_Hidrometereológico
-0.09697395037378928,0.8772362100858643,14863,GPD,tail,21.39793168391183,0.090625,Puntarenas_OTROS_Hidrometereológico
-0.09697395037378928,0.8772362100858643,14864,GPD,tail,21.39793168391183,0.090625,Puntarenas_OTROS_Hidrometereológico
-0.09697395037378928,0.8772362100858643,14865,GPD,tail,21.39793168391183,0.090625,Puntarenas_OTROS_Hidrometereológico
-0.09697395037378928,0.8772362100858643,14866,GPD,tail,21.39793168391183,0.090625,Puntarenas_OTROS_Hidrometereológico
-0.09697395037378928,0.8772362100858643,14867,GPD,tail,21.39793168391183,0.090625,Puntarenas_OTROS_Hidrometereológico
-0.09697395037378928,0.8772362100858643,14868,GPD,tail,21.39793168391183,0.090625,Puntarenas_OTROS_Hidrometereológico
-0.09697395037378928,0.8772362100858643,14869,GPD,tail,21.39793168391183,0.090625,Puntarenas_OTROS_Hidrometereológico
-0.09697395037378928,0.8772362100858643,14870,GPD,tail,21.39793168391183,0.090625,Puntarenas_OTROS_Hidrometereológico
-0.09697395037378928,0.8772362100858643,14871,GPD,tail,21.39793168391183,0.090625,Puntarenas_OTROS_Hidrometereológico
-0.09697395037378928,0.8772362100858643,14872,GPD,tail,21.39793168391183,0.090625,Puntarenas_OTROS_Hidrometereológico
-0.09697395037378928,0.8772362100858643,14873,GPD,tail,21.39793168391183,0.090625,Puntarenas_OTROS_Hidrometereológico
-0.09697395037378928,0.8772362100858643,14874,GPD,tail,21.39793168391183,0.090625,Puntarenas_OTROS_Hidrometereológico
-0.09697395037378928,0.8772362100858643,14875,GPD,tail,21.39793168391183,0.090625,Puntarenas_OTROS_Hidrometereológico
-0.09697395037378928,0.8772362100858643,14876,GPD,tail,21.39793168391183,0.090625,Puntarenas_OTROS_Hidrometereológico
-0.09697395037378928,0.8772362100858643,14877,GPD,tail,21.39793168391183,0.090625,Puntarenas_OTROS_Hidrometereológico
-0.09697395037378928,0.8772362100858643,14878,GPD,tail,21.39793168391183,0.090625,Puntarenas_OTROS_Hidrometereológico
-0.09697395037378928,0.8772362100858643,14879,GPD,tail,21.39793168391183,0.090625,Puntarenas_OTROS_Hidrometereológico
-0.09697395037378928,0.8772362100858643,14880,GPD,tail,21.39793168391183,0.090625,Puntarenas_OTROS_Hidrometereológico
-0.09697395037378928,0.8772362100858643,14881,GPD,tail,21.39793168391183,0.090625,Puntarenas_OTROS_Hidrometereológico
-0.09697395037378928,0.8772362100858643,14882,GPD,tail,21.39793168391183,0.090625,Puntarenas_OTROS_Hidrometereológico
-0.09697395037378928,0.8772362100858643,14883,GPD,tail,21.39793168391183,0.090625,Puntarenas_OTROS_Hidrometereológico
-0.09697395037378928,0.8772362100858643,14884,GPD,tail,21.39793168391183,0.090625,Puntarenas_OTROS_Hidrometereológico
-0.09697395037378928,0.8772362100858643,14885,GPD,tail,21.39793168391183,0.090625,Puntarenas_OTROS_Hidrometereológico
-0.09697395037378928,0.8772362100858643,14886,GPD,tail,21.39793168391183,0.090625,Puntarenas_OTROS_Hidrometereológico
-0.09697395037378928,0.8772362100858643,14887,GPD,tail,21.39793168391183,0.090625,Puntarenas_OTROS_Hidrometereológico
-0.09697395037378928,0.8772362100858643,14888,GPD,tail,21.39793168391183,0.090625,Puntarenas_OTROS_Hidrometereológico
-0.09697395037378928,0.8772362100858643,14889,GPD,tail,21.39793168391183,0.090625,Puntarenas_OTROS_Hidrometereológico
-0.09697395037378928,0.8772362100858643,14890,GPD,tail,21.39793168391183,0.090625,Puntarenas_OTROS_Hidrometereológico
-0.09697395037378928,0.8772362100858643,14891,GPD,tail,21.39793168391183,0.090625,Puntarenas_OTROS_Hidrometereológico
-0.09697395037378928,0.8772362100858643,14892,GPD,tail,21.39793168391183,0.090625,Puntarenas_OTROS_Hidrometereológico
-0.08866091808392078,0.7948024630263635,14893,GPD,tail,21.39793168391183,0.090625,Puntarenas_OTROS_Hidrometereológico
-0.08866091808392078,0.7948024630263635,14894,GPD,tail,21.39793168391183,0.090625,Puntarenas_OTROS_Hidrometereológico
-0.08866091808392078,0.7948024630263635,14895,GPD,tail,21.39793168391183,0.090625,Puntarenas_OTROS_Hidrometereológico
-0.08866091808392078,0.7948024630263635,14896,GPD,tail,21.39793168391183,0.090625,Puntarenas_OTROS_Hidrometereológico
-0.08866091808392078,0.7948024630263635,14897,GPD,tail,21.39793168391183,0.090625,Puntarenas_OTROS_Hidrometereológico
-0.08866091808392078,0.7948024630263635,14898,GPD,tail,21.39793168391183,0.090625,Puntarenas_OTROS_Hidrometereológico
-0.08866091808392078,0.7948024630263635,14899,GPD,tail,21.39793168391183,0.090625,Puntarenas_OTROS_Hidrometereológico
-0.08866091808392078,0.7948024630263635,14900,GPD,tail,21.39793168391183,0.090625,Puntarenas_OTROS_Hidrometereológico
-0.08866091808392078,0.7948024630263635,14901,GPD,tail,21.39793168391183,0.090625,Puntarenas_OTROS_Hidrometereológico
-0.08866091808392078,0.7948024630263635,14902,GPD,tail,21.39793168391183,0.090625,Puntarenas_OTROS_Hidrometereológico
-0.08866091808392078,0.7948024630263635,14903,GPD,tail,21.39793168391183,0.090625,Puntarenas_OTROS_Hidrometereológico
-0.08866091808392078,0.7948024630263635,14904,GPD,tail,21.39793168391183,0.090625,Puntarenas_OTROS_Hidrometereológico
-0.08866091808392078,0.7948024630263635,14905,GPD,tail,21.39793168391183,0.090625,Puntarenas_OTROS_Hidrometereológico
-0.08866091808392078,0.7948024630263635,14906,GPD,tail,21.39793168391183,0.090625,Puntarenas_OTROS_Hidrometereológico
-0.08866091808392078,0.7948024630263635,14907,GPD,tail,21.39793168391183,0.090625,Puntarenas_OTROS_Hidrometereológico
-0.08866091808392078,0.7948024630263635,14908,GPD,tail,21.39793168391183,0.090625,Puntarenas_OTROS_Hidrometereológico
-0.15685477863549563,1.0858884869941878,14909,GPD,tail,21.39793168391183,0.090625,Puntarenas_OTROS_Hidrometereológico
-0.15685477863549563,1.0858884869941878,14910,GPD,tail,21.39793168391183,0.090625,Puntarenas_OTROS_Hidrometereológico
-0.15685477863549563,1.0858884869941878,14911,GPD,tail,21.39793168391183,0.090625,Puntarenas_OTROS_Hidrometereológico
-0.15685477863549563,1.0858884869941878,14912,GPD,tail,21.39793168391183,0.090625,Puntarenas_OTROS_Hidrometereológico
-0.15685477863549563,1.0858884869941878,14913,GPD,tail,21.39793168391183,0.090625,Puntarenas_OTROS_Hidrometereológico
-0.15685477863549563,1.0858884869941878,14914,GPD,tail,21.39793168391183,0.090625,Puntarenas_OTROS_Hidrometereológico
-0.15685477863549563,1.0858884869941878,14915,GPD,tail,21.39793168391183,0.090625,Puntarenas_OTROS_Hidrometereológico
-0.15685477863549563,1.0858884869941878,14916,GPD,tail,21.39793168391183,0.090625,Puntarenas_OTROS_Hidrometereológico
-0.15685477863549563,1.0858884869941878,14917,GPD,tail,21.39793168391183,0.090625,Puntarenas_OTROS_Hidrometereológico
-0.15685477863549563,1.0858884869941878,14918,GPD,tail,21.39793168391183,0.090625,Puntarenas_OTROS_Hidrometereológico
0.058636628954010894,0.6745964603374013,14919,GPD,tail,21.39793168391183,0.090625,Puntarenas_OTROS_Hidrometereológico
0.058636628954010894,0.6745964603374013,14920,GPD,tail,21.39793168391183,0.090625,Puntarenas_OTROS_Hidrometereológico
0.058636628954010894,0.6745964603374013,14921,GPD,tail,21.39793168391183,0.090625,Puntarenas_OTROS_Hidrometereológico
0.058636628954010894,0.6745964603374013,14922,GPD,tail,21.39793168391183,0.090625,Puntarenas_OTROS_Hidrometereológico
0.058636628954010894,0.6745964603374013,14923,GPD,tail,21.39793168391183,0.090625,Puntarenas_OTROS_Hidrometereológico
0.058636628954010894,0.6745964603374013,14924,GPD,tail,21.39793168391183,0.090625,Puntarenas_OTROS_Hidrometereológico
0.058636628954010894,0.6745964603374013,14925,GPD,tail,21.39793168391183,0.090625,Puntarenas_OTROS_Hidrometereológico
0.058636628954010894,0.6745964603374013,14926,GPD,tail,21.39793168391183,0.090625,Puntarenas_OTROS_Hidrometereológico
-0.10979089484228305,0.7616121683247808,14927,GPD,tail,21.39793168391183,0.090625,Puntarenas_OTROS_Hidrometereológico
-0.10979089484228305,0.7616121683247808,14928,GPD,tail,21.39793168391183,0.090625,Puntarenas_OTROS_Hidrometereológico
-0.09049798466175021,0.7329702378591012,14929,GPD,tail,21.39793168391183,0.090625,Puntarenas_OTROS_Hidrometereológico
-0.09049798466175021,0.7329702378591012,14930,GPD,tail,21.39793168391183,0.090625,Puntarenas_OTROS_Hidrometereológico
-0.09049798466175021,0.7329702378591012,14931,GPD,tail,21.39793168391183,0.090625,Puntarenas_OTROS_Hidrometereológico
-0.09049798466175021,0.7329702378591012,14932,GPD,tail,21.39793168391183,0.090625,Puntarenas_OTROS_Hidrometereológico
-0.09049798466175021,0.7329702378591012,14933,GPD,tail,21.39793168391183,0.090625,Puntarenas_OTROS_Hidrometereológico
-0.09049798466175021,0.7329702378591012,14934,GPD,tail,21.39793168391183,0.090625,Puntarenas_OTROS_Hidrometereológico
0.0486479330681554,0.7244666044405549,14935,GPD,tail,21.39793168391183,0.090625,Puntarenas_OTROS_Hidrometereológico
0.0486479330681554,0.7244666044405549,14936,GPD,tail,21.39793168391183,0.090625,Puntarenas_OTROS_Hidrometereológico
0.0486479330681554,0.7244666044405549,14937,GPD,tail,21.39793168391183,0.090625,Puntarenas_OTROS_Hidrometereológico
0.0486479330681554,0.7244666044405549,14938,GPD,tail,21.39793168391183,0.090625,Puntarenas_OTROS_Hidrometereológico
0.0486479330681554,0.7244666044405549,14939,GPD,tail,21.39793168391183,0.090625,Puntarenas_OTROS_Hidrometereológico
0.0486479330681554,0.7244666044405549,14940,GPD,tail,21.39793168391183,0.090625,Puntarenas_OTROS_Hidrometereológico
0.0486479330681554,0.7244666044405549,14941,GPD,tail,21.39793168391183,0.090625,Puntarenas_OTROS_Hidrometereológico
0.0486479330681554,0.7244666044405549,14942,GPD,tail,21.39793168391183,0.090625,Puntarenas_OTROS_Hidrometereológico
0.12666632143012008,0.7354528760556508,14943,GPD,tail,21.39793168391183,0.090625,Puntarenas_OTROS_Hidrometereológico
-0.15468489196768231,1.0411062510569526,14944,GPD,tail,21.39793168391183,0.090625,Puntarenas_OTROS_Hidrometereológico
-0.15468489196768231,1.0411062510569526,14945,GPD,tail,21.39793168391183,0.090625,Puntarenas_OTROS_Hidrometereológico
-0.15468489196768231,1.0411062510569526,14946,GPD,tail,21.39793168391183,0.090625,Puntarenas_OTROS_Hidrometereológico
-0.15468489196768231,1.0411062510569526,14947,GPD,tail,21.39793168391183,0.090625,Puntarenas_OTROS_Hidrometereológico
-0.15468489196768231,1.0411062510569526,14948,GPD,tail,21.39793168391183,0.090625,Puntarenas_OTROS_Hidrometereológico
-0.15468489196768231,1.0411062510569526,14949,GPD,tail,21.39793168391183,0.090625,Puntarenas_OTROS_Hidrometereológico
-0.15468489196768231,1.0411062510569526,14950,GPD,tail,21.39793168391183,0.090625,Puntarenas_OTROS_Hidrometereológico
-0.15468489196768231,1.0411062510569526,14951,GPD,tail,21.39793168391183,0.090625,Puntarenas_OTROS_Hidrometereológico
-0.15468489196768231,1.0411062510569526,14952,GPD,tail,21.39793168391183,0.090625,Puntarenas_OTROS_Hidrometereológico
-0.15825778553673164,1.0181286394883748,14953,GPD,tail,21.39793168391183,0.090625,Puntarenas_OTROS_Hidrometereológico
-0.15825778553673164,1.0181286394883748,14954,GPD,tail,21.39793168391183,0.090625,Puntarenas_OTROS_Hidrometereológico
-0.15825778553673164,1.0181286394883748,14955,GPD,tail,21.39793168391183,0.090625,Puntarenas_OTROS_Hidrometereológico
-0.15825778553673164,1.0181286394883748,14956,GPD,tail,21.39793168391183,0.090625,Puntarenas_OTROS_Hidrometereológico
-0.15825778553673164,1.0181286394883748,14957,GPD,tail,21.39793168391183,0.090625,Puntarenas_OTROS_Hidrometereológico
-0.08171594869944811,0.780824003974562,14958,GPD,tail,21.39793168391183,0.090625,Puntarenas_OTROS_Hidrometereológico
-0.08171594869944811,0.780824003974562,14959,GPD,tail,21.39793168391183,0.090625,Puntarenas_OTROS_Hidrometereológico
-0.08171594869944811,0.780824003974562,14960,GPD,tail,21.39793168391183,0.090625,Puntarenas_OTROS_Hidrometereológico
-0.08171594869944811,0.780824003974562,14961,GPD,tail,21.39793168391183,0.090625,Puntarenas_OTROS_Hidrometereológico
-0.08171594869944811,0.780824003974562,14962,GPD,tail,21.39793168391183,0.090625,Puntarenas_OTROS_Hidrometereológico
-0.08171594869944811,0.780824003974562,14963,GPD,tail,21.39793168391183,0.090625,Puntarenas_OTROS_Hidrometereológico
-0.08171594869944811,0.780824003974562,14964,GPD,tail,21.39793168391183,0.090625,Puntarenas_OTROS_Hidrometereológico
-0.08171594869944811,0.780824003974562,14965,GPD,tail,21.39793168391183,0.090625,Puntarenas_OTROS_Hidrometereológico
-0.08171594869944811,0.780824003974562,14966,GPD,tail,21.39793168391183,0.090625,Puntarenas_OTROS_Hidrometereológico
-0.08171594869944811,0.780824003974562,14967,GPD,tail,21.39793168391183,0.090625,Puntarenas_OTROS_Hidrometereológico
-0.08171594869944811,0.780824003974562,14968,GPD,tail,21.39793168391183,0.090625,Puntarenas_OTROS_Hidrometereológico
-0.08171594869944811,0.780824003974562,14969,GPD,tail,21.39793168391183,0.090625,Puntarenas_OTROS_Hidrometereológico
-0.08171594869944811,0.780824003974562,14970,GPD,tail,21.39793168391183,0.090625,Puntarenas_OTROS_Hidrometereológico
-0.08171594869944811,0.780824003974562,14971,GPD,tail,21.39793168391183,0.090625,Puntarenas_OTROS_Hidrometereológico
-0.08171594869944811,0.780824003974562,14972,GPD,tail,21.39793168391183,0.090625,Puntarenas_OTROS_Hidrometereológico
-0.08171594869944811,0.780824003974562,14973,GPD,tail,21.39793168391183,0.090625,Puntarenas_OTROS_Hidrometereológico
-0.08171594869944811,0.780824003974562,14974,GPD,tail,21.39793168391183,0.090625,Puntarenas_OTROS_Hidrometereológico
-0.08171594869944811,0.780824003974562,14975,GPD,tail,21.39793168391183,0.090625,Puntarenas_OTROS_Hidrometereológico
-0.08171594869944811,0.780824003974562,14976,GPD,tail,21.39793168391183,0.090625,Puntarenas_OTROS_Hidrometereológico
-0.08171594869944811,0.780824003974562,14977,GPD,tail,21.39793168391183,0.090625,Puntarenas_OTROS_Hidrometereológico
-0.06979706616636057,0.8193986438666149,14978,GPD,tail,21.39793168391183,0.090625,Puntarenas_OTROS_Hidrometereológico
-0.06979706616636057,0.8193986438666149,14979,GPD,tail,21.39793168391183,0.090625,Puntarenas_OTROS_Hidrometereológico
-0.06979706616636057,0.8193986438666149,14980,GPD,tail,21.39793168391183,0.090625,Puntarenas_OTROS_Hidrometereológico
-0.06979706616636057,0.8193986438666149,14981,GPD,tail,21.39793168391183,0.090625,Puntarenas_OTROS_Hidrometereológico
-0.06979706616636057,0.8193986438666149,14982,GPD,tail,21.39793168391183,0.090625,Puntarenas_OTROS_Hidrometereológico
-0.06979706616636057,0.8193986438666149,14983,GPD,tail,21.39793168391183,0.090625,Puntarenas_OTROS_Hidrometereológico
-0.06979706616636057,0.8193986438666149,14984,GPD,tail,21.39793168391183,0.090625,Puntarenas_OTROS_Hidrometereológico
-0.06979706616636057,0.8193986438666149,14985,GPD,tail,21.39793168391183,0.090625,Puntarenas_OTROS_Hidrometereológico
-0.06979706616636057,0.8193986438666149,14986,GPD,tail,21.39793168391183,0.090625,Puntarenas_OTROS_Hidrometereológico
-0.06979706616636057,0.8193986438666149,14987,GPD,tail,21.39793168391183,0.090625,Puntarenas_OTROS_Hidrometereológico
-0.06979706616636057,0.8193986438666149,14988,GPD,tail,21.39793168391183,0.090625,Puntarenas_OTROS_Hidrometereológico
-0.06979706616636057,0.8193986438666149,14989,GPD,tail,21.39793168391183,0.090625,Puntarenas_OTROS_Hidrometereológico
-0.06979706616636057,0.8193986438666149,14990,GPD,tail,21.39793168391183,0.090625,Puntarenas_OTROS_Hidrometereológico
-0.06979706616636057,0.8193986438666149,14991,GPD,tail,21.39793168391183,0.090625,Puntarenas_OTROS_Hidrometereológico
-0.06979706616636057,0.8193986438666149,14992,GPD,tail,21.39793168391183,0.090625,Puntarenas_OTROS_Hidrometereológico
-0.06979706616636057,0.8193986438666149,14993,GPD,tail,21.39793168391183,0.090625,Puntarenas_OTROS_Hidrometereológico
-0.06979706616636057,0.8193986438666149,14994,GPD,tail,21.39793168391183,0.090625,Puntarenas_OTROS_Hidrometereológico
-0.06979706616636057,0.8193986438666149,14995,GPD,tail,21.39793168391183,0.090625,Puntarenas_OTROS_Hidrometereológico
-0.06979706616636057,0.8193986438666149,14996,GPD,tail,21.39793168391183,0.090625,Puntarenas_OTROS_Hidrometereológico
-0.06979706616636057,0.8193986438666149,14997,GPD,tail,21.39793168391183,0.090625,Puntarenas_OTROS_Hidrometereológico
-0.06979706616636057,0.8193986438666149,14998,GPD,tail,21.39793168391183,0.090625,Puntarenas_OTROS_Hidrometereológico
-0.06979706616636057,0.8193986438666149,14999,GPD,tail,21.39793168391183,0.090625,Puntarenas_OTROS_Hidrometereológico
-0.06979706616636057,0.8193986438666149,15000,GPD,tail,21.39793168391183,0.090625,Puntarenas_OTROS_Hidrometereológico
-0.06979706616636057,0.8193986438666149,15001,GPD,tail,21.39793168391183,0.090625,Puntarenas_OTROS_Hidrometereológico
-0.06979706616636057,0.8193986438666149,15002,GPD,tail,21.39793168391183,0.090625,Puntarenas_OTROS_Hidrometereológico
-0.06979706616636057,0.8193986438666149,15003,GPD,tail,21.39793168391183,0.090625,Puntarenas_OTROS_Hidrometereológico
-0.06979706616636057,0.8193986438666149,15004,GPD,tail,21.39793168391183,0.090625,Puntarenas_OTROS_Hidrometereológico
-0.06979706616636057,0.8193986438666149,15005,GPD,tail,21.39793168391183,0.090625,Puntarenas_OTROS_Hidrometereológico
-0.06979706616636057,0.8193986438666149,15006,GPD,tail,21.39793168391183,0.090625,Puntarenas_OTROS_Hidrometereológico
-0.06979706616636057,0.8193986438666149,15007,GPD,tail,21.39793168391183,0.090625,Puntarenas_OTROS_Hidrometereológico
-0.06979706616636057,0.8193986438666149,15008,GPD,tail,21.39793168391183,0.090625,Puntarenas_OTROS_Hidrometereológico
-0.06979706616636057,0.8193986438666149,15009,GPD,tail,21.39793168391183,0.090625,Puntarenas_OTROS_Hidrometereológico
-0.06979706616636057,0.8193986438666149,15010,GPD,tail,21.39793168391183,0.090625,Puntarenas_OTROS_Hidrometereológico
-0.06979706616636057,0.8193986438666149,15011,GPD,tail,21.39793168391183,0.090625,Puntarenas_OTROS_Hidrometereológico
-0.06979706616636057,0.8193986438666149,15012,GPD,tail,21.39793168391183,0.090625,Puntarenas_OTROS_Hidrometereológico
-0.06979706616636057,0.8193986438666149,15013,GPD,tail,21.39793168391183,0.090625,Puntarenas_OTROS_Hidrometereológico
-0.06979706616636057,0.8193986438666149,15014,GPD,tail,21.39793168391183,0.090625,Puntarenas_OTROS_Hidrometereológico
-0.06979706616636057,0.8193986438666149,15015,GPD,tail,21.39793168391183,0.090625,Puntarenas_OTROS_Hidrometereológico
-0.06979706616636057,0.8193986438666149,15016,GPD,tail,21.39793168391183,0.090625,Puntarenas_OTROS_Hidrometereológico
-0.06979706616636057,0.8193986438666149,15017,GPD,tail,21.39793168391183,0.090625,Puntarenas_OTROS_Hidrometereológico
-0.06979706616636057,0.8193986438666149,15018,GPD,tail,21.39793168391183,0.090625,Puntarenas_OTROS_Hidrometereológico
-0.06979706616636057,0.8193986438666149,15019,GPD,tail,21.39793168391183,0.090625,Puntarenas_OTROS_Hidrometereológico
-0.06979706616636057,0.8193986438666149,15020,GPD,tail,21.39793168391183,0.090625,Puntarenas_OTROS_Hidrometereológico
-0.06979706616636057,0.8193986438666149,15021,GPD,tail,21.39793168391183,0.090625,Puntarenas_OTROS_Hidrometereológico
-0.06979706616636057,0.8193986438666149,15022,GPD,tail,21.39793168391183,0.090625,Puntarenas_OTROS_Hidrometereológico
-0.013095132282756508,0.8455825188121497,15023,GPD,tail,21.39793168391183,0.090625,Puntarenas_OTROS_Hidrometereológico
-0.013095132282756508,0.8455825188121497,15024,GPD,tail,21.39793168391183,0.090625,Puntarenas_OTROS_Hidrometereológico
-0.013095132282756508,0.8455825188121497,15025,GPD,tail,21.39793168391183,0.090625,Puntarenas_OTROS_Hidrometereológico
-0.013095132282756508,0.8455825188121497,15026,GPD,tail,21.39793168391183,0.090625,Puntarenas_OTROS_Hidrometereológico
-0.013095132282756508,0.8455825188121497,15027,GPD,tail,21.39793168391183,0.090625,Puntarenas_OTROS_Hidrometereológico
-0.013095132282756508,0.8455825188121497,15028,GPD,tail,21.39793168391183,0.090625,Puntarenas_OTROS_Hidrometereológico
-0.013095132282756508,0.8455825188121497,15029,GPD,tail,21.39793168391183,0.090625,Puntarenas_OTROS_Hidrometereológico
-0.013095132282756508,0.8455825188121497,15030,GPD,tail,21.39793168391183,0.090625,Puntarenas_OTROS_Hidrometereológico
-0.12273976966353332,0.938833058042481,15031,GPD,tail,21.39793168391183,0.090625,Puntarenas_OTROS_Hidrometereológico
-0.12273976966353332,0.938833058042481,15032,GPD,tail,21.39793168391183,0.090625,Puntarenas_OTROS_Hidrometereológico
-0.12273976966353332,0.938833058042481,15033,GPD,tail,21.39793168391183,0.090625,Puntarenas_OTROS_Hidrometereológico
-0.12273976966353332,0.938833058042481,15034,GPD,tail,21.39793168391183,0.090625,Puntarenas_OTROS_Hidrometereológico
-0.12273976966353332,0.938833058042481,15035,GPD,tail,21.39793168391183,0.090625,Puntarenas_OTROS_Hidrometereológico
-0.12273976966353332,0.938833058042481,15036,GPD,tail,21.39793168391183,0.090625,Puntarenas_OTROS_Hidrometereológico
-0.12273976966353332,0.938833058042481,15037,GPD,tail,21.39793168391183,0.090625,Puntarenas_OTROS_Hidrometereológico
-0.12273976966353332,0.938833058042481,15038,GPD,tail,21.39793168391183,0.090625,Puntarenas_OTROS_Hidrometereológico
-0.12273976966353332,0.938833058042481,15039,GPD,tail,21.39793168391183,0.090625,Puntarenas_OTROS_Hidrometereológico
-0.12273976966353332,0.938833058042481,15040,GPD,tail,21.39793168391183,0.090625,Puntarenas_OTROS_Hidrometereológico
-0.12273976966353332,0.938833058042481,15041,GPD,tail,21.39793168391183,0.090625,Puntarenas_OTROS_Hidrometereológico
-0.12273976966353332,0.938833058042481,15042,GPD,tail,21.39793168391183,0.090625,Puntarenas_OTROS_Hidrometereológico
-0.12273976966353332,0.938833058042481,15043,GPD,tail,21.39793168391183,0.090625,Puntarenas_OTROS_Hidrometereológico
-0.07055392319003503,0.7973353324090131,15044,GPD,tail,21.39793168391183,0.090625,Puntarenas_OTROS_Hidrometereológico
-0.07055392319003503,0.7973353324090131,15045,GPD,tail,21.39793168391183,0.090625,Puntarenas_OTROS_Hidrometereológico
-0.019726244168017194,0.8655728759197094,15046,GPD,tail,21.39793168391183,0.090625,Puntarenas_OTROS_Hidrometereológico
-0.019726244168017194,0.8655728759197094,15047,GPD,tail,21.39793168391183,0.090625,Puntarenas_OTROS_Hidrometereológico
-0.019726244168017194,0.8655728759197094,15048,GPD,tail,21.39793168391183,0.090625,Puntarenas_OTROS_Hidrometereológico
-0.019726244168017194,0.8655728759197094,15049,GPD,tail,21.39793168391183,0.090625,Puntarenas_OTROS_Hidrometereológico
-0.019726244168017194,0.8655728759197094,15050,GPD,tail,21.39793168391183,0.090625,Puntarenas_OTROS_Hidrometereológico
-0.019726244168017194,0.8655728759197094,15051,GPD,tail,21.39793168391183,0.090625,Puntarenas_OTROS_Hidrometereológico
-0.019726244168017194,0.8655728759197094,15052,GPD,tail,21.39793168391183,0.090625,Puntarenas_OTROS_Hidrometereológico
-0.019726244168017194,0.8655728759197094,15053,GPD,tail,21.39793168391183,0.090625,Puntarenas_OTROS_Hidrometereológico
-0.019726244168017194,0.8655728759197094,15054,GPD,tail,21.39793168391183,0.090625,Puntarenas_OTROS_Hidrometereológico
-0.019726244168017194,0.8655728759197094,15055,GPD,tail,21.39793168391183,0.090625,Puntarenas_OTROS_Hidrometereológico
-0.1542933743649992,0.962713621505877,15056,GPD,tail,21.39793168391183,0.090625,Puntarenas_OTROS_Hidrometereológico
-0.1542933743649992,0.962713621505877,15057,GPD,tail,21.39793168391183,0.090625,Puntarenas_OTROS_Hidrometereológico
-0.1542933743649992,0.962713621505877,15058,GPD,tail,21.39793168391183,0.090625,Puntarenas_OTROS_Hidrometereológico
-0.1542933743649992,0.962713621505877,15059,GPD,tail,21.39793168391183,0.090625,Puntarenas_OTROS_Hidrometereológico
-0.1542933743649992,0.962713621505877,15060,GPD,tail,21.39793168391183,0.090625,Puntarenas_OTROS_Hidrometereológico
-0.1542933743649992,0.962713621505877,15061,GPD,tail,21.39793168391183,0.090625,Puntarenas_OTROS_Hidrometereológico
-0.1542933743649992,0.962713621505877,15062,GPD,tail,21.39793168391183,0.090625,Puntarenas_OTROS_Hidrometereológico
-0.1542933743649992,0.962713621505877,15063,GPD,tail,21.39793168391183,0.090625,Puntarenas_OTROS_Hidrometereológico
-0.1542933743649992,0.962713621505877,15064,GPD,tail,21.39793168391183,0.090625,Puntarenas_OTROS_Hidrometereológico
-0.1542933743649992,0.962713621505877,15065,GPD,tail,21.39793168391183,0.090625,Puntarenas_OTROS_Hidrometereológico
-0.1542933743649992,0.962713621505877,15066,GPD,tail,21.39793168391183,0.090625,Puntarenas_OTROS_Hidrometereológico
-0.1542933743649992,0.962713621505877,15067,GPD,tail,21.39793168391183,0.090625,Puntarenas_OTROS_Hidrometereológico
-0.1542933743649992,0.962713621505877,15068,GPD,tail,21.39793168391183,0.090625,Puntarenas_OTROS_Hidrometereológico
-0.1542933743649992,0.962713621505877,15069,GPD,tail,21.39793168391183,0.090625,Puntarenas_OTROS_Hidrometereológico
-0.1542933743649992,0.962713621505877,15070,GPD,tail,21.39793168391183,0.090625,Puntarenas_OTROS_Hidrometereológico
-0.1477520477492557,0.8786030113522493,15071,GPD,tail,21.39793168391183,0.090625,Puntarenas_OTROS_Hidrometereológico
-0.1477520477492557,0.8786030113522493,15072,GPD,tail,21.39793168391183,0.090625,Puntarenas_OTROS_Hidrometereológico
-0.1477520477492557,0.8786030113522493,15073,GPD,tail,21.39793168391183,0.090625,Puntarenas_OTROS_Hidrometereológico
-0.06750524823263047,0.9126597546372237,15074,GPD,tail,21.39793168391183,0.090625,Puntarenas_OTROS_Hidrometereológico
-0.06750524823263047,0.9126597546372237,15075,GPD,tail,21.39793168391183,0.090625,Puntarenas_OTROS_Hidrometereológico
-0.06750524823263047,0.9126597546372237,15076,GPD,tail,21.39793168391183,0.090625,Puntarenas_OTROS_Hidrometereológico
-0.06750524823263047,0.9126597546372237,15077,GPD,tail,21.39793168391183,0.090625,Puntarenas_OTROS_Hidrometereológico
-0.06750524823263047,0.9126597546372237,15078,GPD,tail,21.39793168391183,0.090625,Puntarenas_OTROS_Hidrometereológico
-0.06750524823263047,0.9126597546372237,15079,GPD,tail,21.39793168391183,0.090625,Puntarenas_OTROS_Hidrometereológico
-0.052807609206593824,0.8433657707122323,15080,GPD,tail,21.39793168391183,0.090625,Puntarenas_OTROS_Hidrometereológico
-0.052807609206593824,0.8433657707122323,15081,GPD,tail,21.39793168391183,0.090625,Puntarenas_OTROS_Hidrometereológico
0.022990233779273762,0.8215203551108772,15082,GPD,tail,21.39793168391183,0.090625,Puntarenas_OTROS_Hidrometereológico
0.022990233779273762,0.8215203551108772,15083,GPD,tail,21.39793168391183,0.090625,Puntarenas_OTROS_Hidrometereológico
0.022990233779273762,0.8215203551108772,15084,GPD,tail,21.39793168391183,0.090625,Puntarenas_OTROS_Hidrometereológico
0.022990233779273762,0.8215203551108772,15085,GPD,tail,21.39793168391183,0.090625,Puntarenas_OTROS_Hidrometereológico
0.022990233779273762,0.8215203551108772,15086,GPD,tail,21.39793168391183,0.090625,Puntarenas_OTROS_Hidrometereológico
0.022990233779273762,0.8215203551108772,15087,GPD,tail,21.39793168391183,0.090625,Puntarenas_OTROS_Hidrometereológico
0.022990233779273762,0.8215203551108772,15088,GPD,tail,21.39793168391183,0.090625,Puntarenas_OTROS_Hidrometereológico
0.022990233779273762,0.8215203551108772,15089,GPD,tail,21.39793168391183,0.090625,Puntarenas_OTROS_Hidrometereológico
0.018081849239124963,0.8607444049338575,15090,GPD,tail,21.39793168391183,0.090625,Puntarenas_OTROS_Hidrometereológico
0.018081849239124963,0.8607444049338575,15091,GPD,tail,21.39793168391183,0.090625,Puntarenas_OTROS_Hidrometereológico
0.018081849239124963,0.8607444049338575,15092,GPD,tail,21.39793168391183,0.090625,Puntarenas_OTROS_Hidrometereológico
0.018081849239124963,0.8607444049338575,15093,GPD,tail,21.39793168391183,0.090625,Puntarenas_OTROS_Hidrometereológico
0.018081849239124963,0.8607444049338575,15094,GPD,tail,21.39793168391183,0.090625,Puntarenas_OTROS_Hidrometereológico
0.018081849239124963,0.8607444049338575,15095,GPD,tail,21.39793168391183,0.090625,Puntarenas_OTROS_Hidrometereológico
0.018081849239124963,0.8607444049338575,15096,GPD,tail,21.39793168391183,0.090625,Puntarenas_OTROS_Hidrometereológico
0.018081849239124963,0.8607444049338575,15097,GPD,tail,21.39793168391183,0.090625,Puntarenas_OTROS_Hidrometereológico
0.018081849239124963,0.8607444049338575,15098,GPD,tail,21.39793168391183,0.090625,Puntarenas_OTROS_Hidrometereológico
0.018081849239124963,0.8607444049338575,15099,GPD,tail,21.39793168391183,0.090625,Puntarenas_OTROS_Hidrometereológico
0.018081849239124963,0.8607444049338575,15100,GPD,tail,21.39793168391183,0.090625,Puntarenas_OTROS_Hidrometereológico
0.018081849239124963,0.8607444049338575,15101,GPD,tail,21.39793168391183,0.090625,Puntarenas_OTROS_Hidrometereológico
0.018081849239124963,0.8607444049338575,15102,GPD,tail,21.39793168391183,0.090625,Puntarenas_OTROS_Hidrometereológico
0.018081849239124963,0.8607444049338575,15103,GPD,tail,21.39793168391183,0.090625,Puntarenas_OTROS_Hidrometereológico
-0.18722021111366965,1.0661320871370554,15104,GPD,tail,21.39793168391183,0.090625,Puntarenas_OTROS_Hidrometereológico
-0.18722021111366965,1.0661320871370554,15105,GPD,tail,21.39793168391183,0.090625,Puntarenas_OTROS_Hidrometereológico
-0.18722021111366965,1.0661320871370554,15106,GPD,tail,21.39793168391183,0.090625,Puntarenas_OTROS_Hidrometereológico
-0.18722021111366965,1.0661320871370554,15107,GPD,tail,21.39793168391183,0.090625,Puntarenas_OTROS_Hidrometereológico
-0.18722021111366965,1.0661320871370554,15108,GPD,tail,21.39793168391183,0.090625,Puntarenas_OTROS_Hidrometereológico
-0.18722021111366965,1.0661320871370554,15109,GPD,tail,21.39793168391183,0.090625,Puntarenas_OTROS_Hidrometereológico
-0.18722021111366965,1.0661320871370554,15110,GPD,tail,21.39793168391183,0.090625,Puntarenas_OTROS_Hidrometereológico
-0.18722021111366965,1.0661320871370554,15111,GPD,tail,21.39793168391183,0.090625,Puntarenas_OTROS_Hidrometereológico
-0.18722021111366965,1.0661320871370554,15112,GPD,tail,21.39793168391183,0.090625,Puntarenas_OTROS_Hidrometereológico
-0.18722021111366965,1.0661320871370554,15113,GPD,tail,21.39793168391183,0.090625,Puntarenas_OTROS_Hidrometereológico
-0.18722021111366965,1.0661320871370554,15114,GPD,tail,21.39793168391183,0.090625,Puntarenas_OTROS_Hidrometereológico
-0.18722021111366965,1.0661320871370554,15115,GPD,tail,21.39793168391183,0.090625,Puntarenas_OTROS_Hidrometereológico
-0.18722021111366965,1.0661320871370554,15116,GPD,tail,21.39793168391183,0.090625,Puntarenas_OTROS_Hidrometereológico
-0.18722021111366965,1.0661320871370554,15117,GPD,tail,21.39793168391183,0.090625,Puntarenas_OTROS_Hidrometereológico
-0.18722021111366965,1.0661320871370554,15118,GPD,tail,21.39793168391183,0.090625,Puntarenas_OTROS_Hidrometereológico
-0.18722021111366965,1.0661320871370554,15119,GPD,tail,21.39793168391183,0.090625,Puntarenas_OTROS_Hidrometereológico
-0.18722021111366965,1.0661320871370554,15120,GPD,tail,21.39793168391183,0.090625,Puntarenas_OTROS_Hidrometereológico
-0.18722021111366965,1.0661320871370554,15121,GPD,tail,21.39793168391183,0.090625,Puntarenas_OTROS_Hidrometereológico
-0.12277494008025865,1.070377928371371,15122,GPD,tail,21.39793168391183,0.090625,Puntarenas_OTROS_Hidrometereológico
-0.12277494008025865,1.070377928371371,15123,GPD,tail,21.39793168391183,0.090625,Puntarenas_OTROS_Hidrometereológico
-0.12277494008025865,1.070377928371371,15124,GPD,tail,21.39793168391183,0.090625,Puntarenas_OTROS_Hidrometereológico
-0.12277494008025865,1.070377928371371,15125,GPD,tail,21.39793168391183,0.090625,Puntarenas_OTROS_Hidrometereológico
-0.12277494008025865,1.070377928371371,15126,GPD,tail,21.39793168391183,0.090625,Puntarenas_OTROS_Hidrometereológico
-0.12277494008025865,1.070377928371371,15127,GPD,tail,21.39793168391183,0.090625,Puntarenas_OTROS_Hidrometereológico
-0.12277494008025865,1.070377928371371,15128,GPD,tail,21.39793168391183,0.090625,Puntarenas_OTROS_Hidrometereológico
-0.12277494008025865,1.070377928371371,15129,GPD,tail,21.39793168391183,0.090625,Puntarenas_OTROS_Hidrometereológico
-0.12277494008025865,1.070377928371371,15130,GPD,tail,21.39793168391183,0.090625,Puntarenas_OTROS_Hidrometereológico
-0.12277494008025865,1.070377928371371,15131,GPD,tail,21.39793168391183,0.090625,Puntarenas_OTROS_Hidrometereológico
-0.12277494008025865,1.070377928371371,15132,GPD,tail,21.39793168391183,0.090625,Puntarenas_OTROS_Hidrometereológico
-0.12277494008025865,1.070377928371371,15133,GPD,tail,21.39793168391183,0.090625,Puntarenas_OTROS_Hidrometereológico
-0.12277494008025865,1.070377928371371,15134,GPD,tail,21.39793168391183,0.090625,Puntarenas_OTROS_Hidrometereológico
-0.12277494008025865,1.070377928371371,15135,GPD,tail,21.39793168391183,0.090625,Puntarenas_OTROS_Hidrometereológico
-0.12277494008025865,1.070377928371371,15136,GPD,tail,21.39793168391183,0.090625,Puntarenas_OTROS_Hidrometereológico
-0.12277494008025865,1.070377928371371,15137,GPD,tail,21.39793168391183,0.090625,Puntarenas_OTROS_Hidrometereológico
-0.12277494008025865,1.070377928371371,15138,GPD,tail,21.39793168391183,0.090625,Puntarenas_OTROS_Hidrometereológico
-0.12277494008025865,1.070377928371371,15139,GPD,tail,21.39793168391183,0.090625,Puntarenas_OTROS_Hidrometereológico
-0.12277494008025865,1.070377928371371,15140,GPD,tail,21.39793168391183,0.090625,Puntarenas_OTROS_Hidrometereológico
-0.12277494008025865,1.070377928371371,15141,GPD,tail,21.39793168391183,0.090625,Puntarenas_OTROS_Hidrometereológico
-0.12277494008025865,1.070377928371371,15142,GPD,tail,21.39793168391183,0.090625,Puntarenas_OTROS_Hidrometereológico
-0.12277494008025865,1.070377928371371,15143,GPD,tail,21.39793168391183,0.090625,Puntarenas_OTROS_Hidrometereológico
-0.12277494008025865,1.070377928371371,15144,GPD,tail,21.39793168391183,0.090625,Puntarenas_OTROS_Hidrometereológico
-0.12277494008025865,1.070377928371371,15145,GPD,tail,21.39793168391183,0.090625,Puntarenas_OTROS_Hidrometereológico
-0.12277494008025865,1.070377928371371,15146,GPD,tail,21.39793168391183,0.090625,Puntarenas_OTROS_Hidrometereológico
-0.12277494008025865,1.070377928371371,15147,GPD,tail,21.39793168391183,0.090625,Puntarenas_OTROS_Hidrometereológico
-0.06211699369585692,0.77068879602659,15148,GPD,tail,21.39793168391183,0.090625,Puntarenas_OTROS_Hidrometereológico
-0.06211699369585692,0.77068879602659,15149,GPD,tail,21.39793168391183,0.090625,Puntarenas_OTROS_Hidrometereológico
-0.06211699369585692,0.77068879602659,15150,GPD,tail,21.39793168391183,0.090625,Puntarenas_OTROS_Hidrometereológico
-0.06211699369585692,0.77068879602659,15151,GPD,tail,21.39793168391183,0.090625,Puntarenas_OTROS_Hidrometereológico
-0.06211699369585692,0.77068879602659,15152,GPD,tail,21.39793168391183,0.090625,Puntarenas_OTROS_Hidrometereológico
-0.13365137791198395,0.8708592328262605,15153,GPD,tail,21.39793168391183,0.090625,Puntarenas_OTROS_Hidrometereológico
-0.13365137791198395,0.8708592328262605,15154,GPD,tail,21.39793168391183,0.090625,Puntarenas_OTROS_Hidrometereológico
-0.13365137791198395,0.8708592328262605,15155,GPD,tail,21.39793168391183,0.090625,Puntarenas_OTROS_Hidrometereológico
-0.13365137791198395,0.8708592328262605,15156,GPD,tail,21.39793168391183,0.090625,Puntarenas_OTROS_Hidrometereológico
-0.13365137791198395,0.8708592328262605,15157,GPD,tail,21.39793168391183,0.090625,Puntarenas_OTROS_Hidrometereológico
-0.13365137791198395,0.8708592328262605,15158,GPD,tail,21.39793168391183,0.090625,Puntarenas_OTROS_Hidrometereológico
-0.13365137791198395,0.8708592328262605,15159,GPD,tail,21.39793168391183,0.090625,Puntarenas_OTROS_Hidrometereológico
-0.13365137791198395,0.8708592328262605,15160,GPD,tail,21.39793168391183,0.090625,Puntarenas_OTROS_Hidrometereológico
-0.13365137791198395,0.8708592328262605,15161,GPD,tail,21.39793168391183,0.090625,Puntarenas_OTROS_Hidrometereológico
-0.13365137791198395,0.8708592328262605,15162,GPD,tail,21.39793168391183,0.090625,Puntarenas_OTROS_Hidrometereológico
-0.13365137791198395,0.8708592328262605,15163,GPD,tail,21.39793168391183,0.090625,Puntarenas_OTROS_Hidrometereológico
-0.13365137791198395,0.8708592328262605,15164,GPD,tail,21.39793168391183,0.090625,Puntarenas_OTROS_Hidrometereológico
-0.13365137791198395,0.8708592328262605,15165,GPD,tail,21.39793168391183,0.090625,Puntarenas_OTROS_Hidrometereológico
-0.13365137791198395,0.8708592328262605,15166,GPD,tail,21.39793168391183,0.090625,Puntarenas_OTROS_Hidrometereológico
-0.13365137791198395,0.8708592328262605,15167,GPD,tail,21.39793168391183,0.090625,Puntarenas_OTROS_Hidrometereológico
-0.13365137791198395,0.8708592328262605,15168,GPD,tail,21.39793168391183,0.090625,Puntarenas_OTROS_Hidrometereológico
-0.13365137791198395,0.8708592328262605,15169,GPD,tail,21.39793168391183,0.090625,Puntarenas_OTROS_Hidrometereológico
-0.13747005191587175,0.9579591646155391,15170,GPD,tail,21.39793168391183,0.090625,Puntarenas_OTROS_Hidrometereológico
-0.13747005191587175,0.9579591646155391,15171,GPD,tail,21.39793168391183,0.090625,Puntarenas_OTROS_Hidrometereológico
-0.13747005191587175,0.9579591646155391,15172,GPD,tail,21.39793168391183,0.090625,Puntarenas_OTROS_Hidrometereológico
-0.13747005191587175,0.9579591646155391,15173,GPD,tail,21.39793168391183,0.090625,Puntarenas_OTROS_Hidrometereológico
-0.13747005191587175,0.9579591646155391,15174,GPD,tail,21.39793168391183,0.090625,Puntarenas_OTROS_Hidrometereológico
-0.13747005191587175,0.9579591646155391,15175,GPD,tail,21.39793168391183,0.090625,Puntarenas_OTROS_Hidrometereológico
-0.1349423762825773,0.9568362272676321,15176,GPD,tail,21.39793168391183,0.090625,Puntarenas_OTROS_Hidrometereológico
-0.1349423762825773,0.9568362272676321,15177,GPD,tail,21.39793168391183,0.090625,Puntarenas_OTROS_Hidrometereológico
-0.1349423762825773,0.9568362272676321,15178,GPD,tail,21.39793168391183,0.090625,Puntarenas_OTROS_Hidrometereológico
-0.1349423762825773,0.9568362272676321,15179,GPD,tail,21.39793168391183,0.090625,Puntarenas_OTROS_Hidrometereológico
-0.1349423762825773,0.9568362272676321,15180,GPD,tail,21.39793168391183,0.090625,Puntarenas_OTROS_Hidrometereológico
-0.1349423762825773,0.9568362272676321,15181,GPD,tail,21.39793168391183,0.090625,Puntarenas_OTROS_Hidrometereológico
-0.1349423762825773,0.9568362272676321,15182,GPD,tail,21.39793168391183,0.090625,Puntarenas_OTROS_Hidrometereológico
-0.1349423762825773,0.9568362272676321,15183,GPD,tail,21.39793168391183,0.090625,Puntarenas_OTROS_Hidrometereológico
-0.08916172064065808,0.8428540709660132,15184,GPD,tail,21.39793168391183,0.090625,Puntarenas_OTROS_Hidrometereológico
-0.08916172064065808,0.8428540709660132,15185,GPD,tail,21.39793168391183,0.090625,Puntarenas_OTROS_Hidrometereológico
-0.08916172064065808,0.8428540709660132,15186,GPD,tail,21.39793168391183,0.090625,Puntarenas_OTROS_Hidrometereológico
-0.08916172064065808,0.8428540709660132,15187,GPD,tail,21.39793168391183,0.090625,Puntarenas_OTROS_Hidrometereológico
-0.08916172064065808,0.8428540709660132,15188,GPD,tail,21.39793168391183,0.090625,Puntarenas_OTROS_Hidrometereológico
-0.08916172064065808,0.8428540709660132,15189,GPD,tail,21.39793168391183,0.090625,Puntarenas_OTROS_Hidrometereológico
-0.08916172064065808,0.8428540709660132,15190,GPD,tail,21.39793168391183,0.090625,Puntarenas_OTROS_Hidrometereológico
-0.08916172064065808,0.8428540709660132,15191,GPD,tail,21.39793168391183,0.090625,Puntarenas_OTROS_Hidrometereológico
-0.08916172064065808,0.8428540709660132,15192,GPD,tail,21.39793168391183,0.090625,Puntarenas_OTROS_Hidrometereológico
-0.08916172064065808,0.8428540709660132,15193,GPD,tail,21.39793168391183,0.090625,Puntarenas_OTROS_Hidrometereológico
-0.08916172064065808,0.8428540709660132,15194,GPD,tail,21.39793168391183,0.090625,Puntarenas_OTROS_Hidrometereológico
-0.08916172064065808,0.8428540709660132,15195,GPD,tail,21.39793168391183,0.090625,Puntarenas_OTROS_Hidrometereológico
-0.08916172064065808,0.8428540709660132,15196,GPD,tail,21.39793168391183,0.090625,Puntarenas_OTROS_Hidrometereológico
-0.08916172064065808,0.8428540709660132,15197,GPD,tail,21.39793168391183,0.090625,Puntarenas_OTROS_Hidrometereológico
-0.06349228981733784,0.8125154456566442,15198,GPD,tail,21.39793168391183,0.090625,Puntarenas_OTROS_Hidrometereológico
-0.06349228981733784,0.8125154456566442,15199,GPD,tail,21.39793168391183,0.090625,Puntarenas_OTROS_Hidrometereológico
-0.06279883855275036,0.8932081466760997,15200,GPD,tail,21.39793168391183,0.090625,Puntarenas_OTROS_Hidrometereológico
-0.06279883855275036,0.8932081466760997,15201,GPD,tail,21.39793168391183,0.090625,Puntarenas_OTROS_Hidrometereológico
-0.06279883855275036,0.8932081466760997,15202,GPD,tail,21.39793168391183,0.090625,Puntarenas_OTROS_Hidrometereológico
-0.06279883855275036,0.8932081466760997,15203,GPD,tail,21.39793168391183,0.090625,Puntarenas_OTROS_Hidrometereológico
-0.06279883855275036,0.8932081466760997,15204,GPD,tail,21.39793168391183,0.090625,Puntarenas_OTROS_Hidrometereológico
-0.06279883855275036,0.8932081466760997,15205,GPD,tail,21.39793168391183,0.090625,Puntarenas_OTROS_Hidrometereológico
-0.06279883855275036,0.8932081466760997,15206,GPD,tail,21.39793168391183,0.090625,Puntarenas_OTROS_Hidrometereológico
-0.06279883855275036,0.8932081466760997,15207,GPD,tail,21.39793168391183,0.090625,Puntarenas_OTROS_Hidrometereológico
-0.06279883855275036,0.8932081466760997,15208,GPD,tail,21.39793168391183,0.090625,Puntarenas_OTROS_Hidrometereológico
-0.06279883855275036,0.8932081466760997,15209,GPD,tail,21.39793168391183,0.090625,Puntarenas_OTROS_Hidrometereológico
-0.06279883855275036,0.8932081466760997,15210,GPD,tail,21.39793168391183,0.090625,Puntarenas_OTROS_Hidrometereológico
-0.06279883855275036,0.8932081466760997,15211,GPD,tail,21.39793168391183,0.090625,Puntarenas_OTROS_Hidrometereológico
-0.06279883855275036,0.8932081466760997,15212,GPD,tail,21.39793168391183,0.090625,Puntarenas_OTROS_Hidrometereológico
-0.06279883855275036,0.8932081466760997,15213,GPD,tail,21.39793168391183,0.090625,Puntarenas_OTROS_Hidrometereológico
-0.06279883855275036,0.8932081466760997,15214,GPD,tail,21.39793168391183,0.090625,Puntarenas_OTROS_Hidrometereológico
-0.06279883855275036,0.8932081466760997,15215,GPD,tail,21.39793168391183,0.090625,Puntarenas_OTROS_Hidrometereológico
-0.06279883855275036,0.8932081466760997,15216,GPD,tail,21.39793168391183,0.090625,Puntarenas_OTROS_Hidrometereológico
-0.06279883855275036,0.8932081466760997,15217,GPD,tail,21.39793168391183,0.090625,Puntarenas_OTROS_Hidrometereológico
-0.06279883855275036,0.8932081466760997,15218,GPD,tail,21.39793168391183,0.090625,Puntarenas_OTROS_Hidrometereológico
-0.06279883855275036,0.8932081466760997,15219,GPD,tail,21.39793168391183,0.090625,Puntarenas_OTROS_Hidrometereológico
-0.06279883855275036,0.8932081466760997,15220,GPD,tail,21.39793168391183,0.090625,Puntarenas_OTROS_Hidrometereológico
-0.06279883855275036,0.8932081466760997,15221,GPD,tail,21.39793168391183,0.090625,Puntarenas_OTROS_Hidrometereológico
-0.06279883855275036,0.8932081466760997,15222,GPD,tail,21.39793168391183,0.090625,Puntarenas_OTROS_Hidrometereológico
-0.06279883855275036,0.8932081466760997,15223,GPD,tail,21.39793168391183,0.090625,Puntarenas_OTROS_Hidrometereológico
-0.06279883855275036,0.8932081466760997,15224,GPD,tail,21.39793168391183,0.090625,Puntarenas_OTROS_Hidrometereológico
-0.06279883855275036,0.8932081466760997,15225,GPD,tail,21.39793168391183,0.090625,Puntarenas_OTROS_Hidrometereológico
-0.06279883855275036,0.8932081466760997,15226,GPD,tail,21.39793168391183,0.090625,Puntarenas_OTROS_Hidrometereológico
-0.06279883855275036,0.8932081466760997,15227,GPD,tail,21.39793168391183,0.090625,Puntarenas_OTROS_Hidrometereológico
-0.06279883855275036,0.8932081466760997,15228,GPD,tail,21.39793168391183,0.090625,Puntarenas_OTROS_Hidrometereológico
-0.06279883855275036,0.8932081466760997,15229,GPD,tail,21.39793168391183,0.090625,Puntarenas_OTROS_Hidrometereológico
-0.06279883855275036,0.8932081466760997,15230,GPD,tail,21.39793168391183,0.090625,Puntarenas_OTROS_Hidrometereológico
-0.06279883855275036,0.8932081466760997,15231,GPD,tail,21.39793168391183,0.090625,Puntarenas_OTROS_Hidrometereológico
-0.06279883855275036,0.8932081466760997,15232,GPD,tail,21.39793168391183,0.090625,Puntarenas_OTROS_Hidrometereológico
-0.06279883855275036,0.8932081466760997,15233,GPD,tail,21.39793168391183,0.090625,Puntarenas_OTROS_Hidrometereológico
-0.06279883855275036,0.8932081466760997,15234,GPD,tail,21.39793168391183,0.090625,Puntarenas_OTROS_Hidrometereológico
-0.06279883855275036,0.8932081466760997,15235,GPD,tail,21.39793168391183,0.090625,Puntarenas_OTROS_Hidrometereológico
-0.06279883855275036,0.8932081466760997,15236,GPD,tail,21.39793168391183,0.090625,Puntarenas_OTROS_Hidrometereológico
-0.06279883855275036,0.8932081466760997,15237,GPD,tail,21.39793168391183,0.090625,Puntarenas_OTROS_Hidrometereológico
-0.06279883855275036,0.8932081466760997,15238,GPD,tail,21.39793168391183,0.090625,Puntarenas_OTROS_Hidrometereológico
-0.06279883855275036,0.8932081466760997,15239,GPD,tail,21.39793168391183,0.090625,Puntarenas_OTROS_Hidrometereológico
-0.06279883855275036,0.8932081466760997,15240,GPD,tail,21.39793168391183,0.090625,Puntarenas_OTROS_Hidrometereológico
-0.06279883855275036,0.8932081466760997,15241,GPD,tail,21.39793168391183,0.090625,Puntarenas_OTROS_Hidrometereológico
-0.06279883855275036,0.8932081466760997,15242,GPD,tail,21.39793168391183,0.090625,Puntarenas_OTROS_Hidrometereológico
-0.06279883855275036,0.8932081466760997,15243,GPD,tail,21.39793168391183,0.090625,Puntarenas_OTROS_Hidrometereológico
-0.06279883855275036,0.8932081466760997,15244,GPD,tail,21.39793168391183,0.090625,Puntarenas_OTROS_Hidrometereológico
-0.06279883855275036,0.8932081466760997,15245,GPD,tail,21.39793168391183,0.090625,Puntarenas_OTROS_Hidrometereológico
-0.06279883855275036,0.8932081466760997,15246,GPD,tail,21.39793168391183,0.090625,Puntarenas_OTROS_Hidrometereológico
-0.06279883855275036,0.8932081466760997,15247,GPD,tail,21.39793168391183,0.090625,Puntarenas_OTROS_Hidrometereológico
-0.06279883855275036,0.8932081466760997,15248,GPD,tail,21.39793168391183,0.090625,Puntarenas_OTROS_Hidrometereológico
-0.06279883855275036,0.8932081466760997,15249,GPD,tail,21.39793168391183,0.090625,Puntarenas_OTROS_Hidrometereológico
-0.06279883855275036,0.8932081466760997,15250,GPD,tail,21.39793168391183,0.090625,Puntarenas_OTROS_Hidrometereológico
-0.06279883855275036,0.8932081466760997,15251,GPD,tail,21.39793168391183,0.090625,Puntarenas_OTROS_Hidrometereológico
-0.06279883855275036,0.8932081466760997,15252,GPD,tail,21.39793168391183,0.090625,Puntarenas_OTROS_Hidrometereológico
-0.06279883855275036,0.8932081466760997,15253,GPD,tail,21.39793168391183,0.090625,Puntarenas_OTROS_Hidrometereológico
-0.06279883855275036,0.8932081466760997,15254,GPD,tail,21.39793168391183,0.090625,Puntarenas_OTROS_Hidrometereológico
-0.06279883855275036,0.8932081466760997,15255,GPD,tail,21.39793168391183,0.090625,Puntarenas_OTROS_Hidrometereológico
-0.06279883855275036,0.8932081466760997,15256,GPD,tail,21.39793168391183,0.090625,Puntarenas_OTROS_Hidrometereológico
-0.06279883855275036,0.8932081466760997,15257,GPD,tail,21.39793168391183,0.090625,Puntarenas_OTROS_Hidrometereológico
-0.06279883855275036,0.8932081466760997,15258,GPD,tail,21.39793168391183,0.090625,Puntarenas_OTROS_Hidrometereológico
-0.06279883855275036,0.8932081466760997,15259,GPD,tail,21.39793168391183,0.090625,Puntarenas_OTROS_Hidrometereológico
-0.06279883855275036,0.8932081466760997,15260,GPD,tail,21.39793168391183,0.090625,Puntarenas_OTROS_Hidrometereológico
-0.06279883855275036,0.8932081466760997,15261,GPD,tail,21.39793168391183,0.090625,Puntarenas_OTROS_Hidrometereológico
-0.10333031564016901,0.8809884884842303,15262,GPD,tail,21.39793168391183,0.090625,Puntarenas_OTROS_Hidrometereológico
-0.10333031564016901,0.8809884884842303,15263,GPD,tail,21.39793168391183,0.090625,Puntarenas_OTROS_Hidrometereológico
-0.10333031564016901,0.8809884884842303,15264,GPD,tail,21.39793168391183,0.090625,Puntarenas_OTROS_Hidrometereológico
-0.10333031564016901,0.8809884884842303,15265,GPD,tail,21.39793168391183,0.090625,Puntarenas_OTROS_Hidrometereológico
-0.10333031564016901,0.8809884884842303,15266,GPD,tail,21.39793168391183,0.090625,Puntarenas_OTROS_Hidrometereológico
-0.10333031564016901,0.8809884884842303,15267,GPD,tail,21.39793168391183,0.090625,Puntarenas_OTROS_Hidrometereológico
-0.10333031564016901,0.8809884884842303,15268,GPD,tail,21.39793168391183,0.090625,Puntarenas_OTROS_Hidrometereológico
-0.10333031564016901,0.8809884884842303,15269,GPD,tail,21.39793168391183,0.090625,Puntarenas_OTROS_Hidrometereológico
-0.10333031564016901,0.8809884884842303,15270,GPD,tail,21.39793168391183,0.090625,Puntarenas_OTROS_Hidrometereológico
-0.10333031564016901,0.8809884884842303,15271,GPD,tail,21.39793168391183,0.090625,Puntarenas_OTROS_Hidrometereológico
-0.10333031564016901,0.8809884884842303,15272,GPD,tail,21.39793168391183,0.090625,Puntarenas_OTROS_Hidrometereológico
-0.10333031564016901,0.8809884884842303,15273,GPD,tail,21.39793168391183,0.090625,Puntarenas_OTROS_Hidrometereológico
-0.10333031564016901,0.8809884884842303,15274,GPD,tail,21.39793168391183,0.090625,Puntarenas_OTROS_Hidrometereológico
-0.10333031564016901,0.8809884884842303,15275,GPD,tail,21.39793168391183,0.090625,Puntarenas_OTROS_Hidrometereológico
-0.10333031564016901,0.8809884884842303,15276,GPD,tail,21.39793168391183,0.090625,Puntarenas_OTROS_Hidrometereológico
-0.10333031564016901,0.8809884884842303,15277,GPD,tail,21.39793168391183,0.090625,Puntarenas_OTROS_Hidrometereológico
-0.10333031564016901,0.8809884884842303,15278,GPD,tail,21.39793168391183,0.090625,Puntarenas_OTROS_Hidrometereológico
-0.10333031564016901,0.8809884884842303,15279,GPD,tail,21.39793168391183,0.090625,Puntarenas_OTROS_Hidrometereológico
-0.10333031564016901,0.8809884884842303,15280,GPD,tail,21.39793168391183,0.090625,Puntarenas_OTROS_Hidrometereológico
-0.10333031564016901,0.8809884884842303,15281,GPD,tail,21.39793168391183,0.090625,Puntarenas_OTROS_Hidrometereológico
-0.10333031564016901,0.8809884884842303,15282,GPD,tail,21.39793168391183,0.090625,Puntarenas_OTROS_Hidrometereológico
-0.10333031564016901,0.8809884884842303,15283,GPD,tail,21.39793168391183,0.090625,Puntarenas_OTROS_Hidrometereológico
-0.10333031564016901,0.8809884884842303,15284,GPD,tail,21.39793168391183,0.090625,Puntarenas_OTROS_Hidrometereológico
-0.10333031564016901,0.8809884884842303,15285,GPD,tail,21.39793168391183,0.090625,Puntarenas_OTROS_Hidrometereológico
-0.10333031564016901,0.8809884884842303,15286,GPD,tail,21.39793168391183,0.090625,Puntarenas_OTROS_Hidrometereológico
-0.10333031564016901,0.8809884884842303,15287,GPD,tail,21.39793168391183,0.090625,Puntarenas_OTROS_Hidrometereológico
-0.10333031564016901,0.8809884884842303,15288,GPD,tail,21.39793168391183,0.090625,Puntarenas_OTROS_Hidrometereológico
-0.10333031564016901,0.8809884884842303,15289,GPD,tail,21.39793168391183,0.090625,Puntarenas_OTROS_Hidrometereológico
-0.10333031564016901,0.8809884884842303,15290,GPD,tail,21.39793168391183,0.090625,Puntarenas_OTROS_Hidrometereológico
-0.10333031564016901,0.8809884884842303,15291,GPD,tail,21.39793168391183,0.090625,Puntarenas_OTROS_Hidrometereológico
-0.10333031564016901,0.8809884884842303,15292,GPD,tail,21.39793168391183,0.090625,Puntarenas_OTROS_Hidrometereológico
-0.10333031564016901,0.8809884884842303,15293,GPD,tail,21.39793168391183,0.090625,Puntarenas_OTROS_Hidrometereológico
-0.10333031564016901,0.8809884884842303,15294,GPD,tail,21.39793168391183,0.090625,Puntarenas_OTROS_Hidrometereológico
-0.10333031564016901,0.8809884884842303,15295,GPD,tail,21.39793168391183,0.090625,Puntarenas_OTROS_Hidrometereológico
-0.10333031564016901,0.8809884884842303,15296,GPD,tail,21.39793168391183,0.090625,Puntarenas_OTROS_Hidrometereológico
-0.10333031564016901,0.8809884884842303,15297,GPD,tail,21.39793168391183,0.090625,Puntarenas_OTROS_Hidrometereológico
-0.10333031564016901,0.8809884884842303,15298,GPD,tail,21.39793168391183,0.090625,Puntarenas_OTROS_Hidrometereológico
-0.10333031564016901,0.8809884884842303,15299,GPD,tail,21.39793168391183,0.090625,Puntarenas_OTROS_Hidrometereológico
-0.10333031564016901,0.8809884884842303,15300,GPD,tail,21.39793168391183,0.090625,Puntarenas_OTROS_Hidrometereológico
-0.10333031564016901,0.8809884884842303,15301,GPD,tail,21.39793168391183,0.090625,Puntarenas_OTROS_Hidrometereológico
-0.10333031564016901,0.8809884884842303,15302,GPD,tail,21.39793168391183,0.090625,Puntarenas_OTROS_Hidrometereológico
-0.10333031564016901,0.8809884884842303,15303,GPD,tail,21.39793168391183,0.090625,Puntarenas_OTROS_Hidrometereológico
-0.12040329741942998,0.845992131307767,15304,GPD,tail,21.39793168391183,0.090625,Puntarenas_OTROS_Hidrometereológico
-0.12040329741942998,0.845992131307767,15305,GPD,tail,21.39793168391183,0.090625,Puntarenas_OTROS_Hidrometereológico
-0.12040329741942998,0.845992131307767,15306,GPD,tail,21.39793168391183,0.090625,Puntarenas_OTROS_Hidrometereológico
-0.12040329741942998,0.845992131307767,15307,GPD,tail,21.39793168391183,0.090625,Puntarenas_OTROS_Hidrometereológico
-0.12040329741942998,0.845992131307767,15308,GPD,tail,21.39793168391183,0.090625,Puntarenas_OTROS_Hidrometereológico
-0.12040329741942998,0.845992131307767,15309,GPD,tail,21.39793168391183,0.090625,Puntarenas_OTROS_Hidrometereológico
-0.14920738404640682,0.9931878281934039,15310,GPD,tail,21.39793168391183,0.090625,Puntarenas_OTROS_Hidrometereológico
-0.14920738404640682,0.9931878281934039,15311,GPD,tail,21.39793168391183,0.090625,Puntarenas_OTROS_Hidrometereológico
-0.14920738404640682,0.9931878281934039,15312,GPD,tail,21.39793168391183,0.090625,Puntarenas_OTROS_Hidrometereológico
-0.14920738404640682,0.9931878281934039,15313,GPD,tail,21.39793168391183,0.090625,Puntarenas_OTROS_Hidrometereológico
-0.14920738404640682,0.9931878281934039,15314,GPD,tail,21.39793168391183,0.090625,Puntarenas_OTROS_Hidrometereológico
-0.14920738404640682,0.9931878281934039,15315,GPD,tail,21.39793168391183,0.090625,Puntarenas_OTROS_Hidrometereológico
-0.14920738404640682,0.9931878281934039,15316,GPD,tail,21.39793168391183,0.090625,Puntarenas_OTROS_Hidrometereológico
-0.14920738404640682,0.9931878281934039,15317,GPD,tail,21.39793168391183,0.090625,Puntarenas_OTROS_Hidrometereológico
-0.14920738404640682,0.9931878281934039,15318,GPD,tail,21.39793168391183,0.090625,Puntarenas_OTROS_Hidrometereológico
-0.14920738404640682,0.9931878281934039,15319,GPD,tail,21.39793168391183,0.090625,Puntarenas_OTROS_Hidrometereológico
-0.14920738404640682,0.9931878281934039,15320,GPD,tail,21.39793168391183,0.090625,Puntarenas_OTROS_Hidrometereológico
-0.14920738404640682,0.9931878281934039,15321,GPD,tail,21.39793168391183,0.090625,Puntarenas_OTROS_Hidrometereológico
-0.14920738404640682,0.9931878281934039,15322,GPD,tail,21.39793168391183,0.090625,Puntarenas_OTROS_Hidrometereológico
-0.14920738404640682,0.9931878281934039,15323,GPD,tail,21.39793168391183,0.090625,Puntarenas_OTROS_Hidrometereológico
-0.14920738404640682,0.9931878281934039,15324,GPD,tail,21.39793168391183,0.090625,Puntarenas_OTROS_Hidrometereológico
-0.14920738404640682,0.9931878281934039,15325,GPD,tail,21.39793168391183,0.090625,Puntarenas_OTROS_Hidrometereológico
-0.14920738404640682,0.9931878281934039,15326,GPD,tail,21.39793168391183,0.090625,Puntarenas_OTROS_Hidrometereológico
-0.14920738404640682,0.9931878281934039,15327,GPD,tail,21.39793168391183,0.090625,Puntarenas_OTROS_Hidrometereológico
-0.14920738404640682,0.9931878281934039,15328,GPD,tail,21.39793168391183,0.090625,Puntarenas_OTROS_Hidrometereológico
-0.14920738404640682,0.9931878281934039,15329,GPD,tail,21.39793168391183,0.090625,Puntarenas_OTROS_Hidrometereológico
-0.15606323124433008,0.944638150901072,15330,GPD,tail,21.39793168391183,0.090625,Puntarenas_OTROS_Hidrometereológico
-0.15606323124433008,0.944638150901072,15331,GPD,tail,21.39793168391183,0.090625,Puntarenas_OTROS_Hidrometereológico
-0.15606323124433008,0.944638150901072,15332,GPD,tail,21.39793168391183,0.090625,Puntarenas_OTROS_Hidrometereológico
-0.15606323124433008,0.944638150901072,15333,GPD,tail,21.39793168391183,0.090625,Puntarenas_OTROS_Hidrometereológico
-0.15606323124433008,0.944638150901072,15334,GPD,tail,21.39793168391183,0.090625,Puntarenas_OTROS_Hidrometereológico
-0.15606323124433008,0.944638150901072,15335,GPD,tail,21.39793168391183,0.090625,Puntarenas_OTROS_Hidrometereológico
-0.15606323124433008,0.944638150901072,15336,GPD,tail,21.39793168391183,0.090625,Puntarenas_OTROS_Hidrometereológico
-0.15606323124433008,0.944638150901072,15337,GPD,tail,21.39793168391183,0.090625,Puntarenas_OTROS_Hidrometereológico
-0.15606323124433008,0.944638150901072,15338,GPD,tail,21.39793168391183,0.090625,Puntarenas_OTROS_Hidrometereológico
-0.15606323124433008,0.944638150901072,15339,GPD,tail,21.39793168391183,0.090625,Puntarenas_OTROS_Hidrometereológico
-0.15606323124433008,0.944638150901072,15340,GPD,tail,21.39793168391183,0.090625,Puntarenas_OTROS_Hidrometereológico
-0.15606323124433008,0.944638150901072,15341,GPD,tail,21.39793168391183,0.090625,Puntarenas_OTROS_Hidrometereológico
-0.15606323124433008,0.944638150901072,15342,GPD,tail,21.39793168391183,0.090625,Puntarenas_OTROS_Hidrometereológico
-0.15606323124433008,0.944638150901072,15343,GPD,tail,21.39793168391183,0.090625,Puntarenas_OTROS_Hidrometereológico
-0.15606323124433008,0.944638150901072,15344,GPD,tail,21.39793168391183,0.090625,Puntarenas_OTROS_Hidrometereológico
-0.15606323124433008,0.944638150901072,15345,GPD,tail,21.39793168391183,0.090625,Puntarenas_OTROS_Hidrometereológico
-0.15606323124433008,0.944638150901072,15346,GPD,tail,21.39793168391183,0.090625,Puntarenas_OTROS_Hidrometereológico
-0.15606323124433008,0.944638150901072,15347,GPD,tail,21.39793168391183,0.090625,Puntarenas_OTROS_Hidrometereológico
-0.15606323124433008,0.944638150901072,15348,GPD,tail,21.39793168391183,0.090625,Puntarenas_OTROS_Hidrometereológico
-0.15606323124433008,0.944638150901072,15349,GPD,tail,21.39793168391183,0.090625,Puntarenas_OTROS_Hidrometereológico
-0.15606323124433008,0.944638150901072,15350,GPD,tail,21.39793168391183,0.090625,Puntarenas_OTROS_Hidrometereológico
-0.15606323124433008,0.944638150901072,15351,GPD,tail,21.39793168391183,0.090625,Puntarenas_OTROS_Hidrometereológico
-0.15606323124433008,0.944638150901072,15352,GPD,tail,21.39793168391183,0.090625,Puntarenas_OTROS_Hidrometereológico
-0.15606323124433008,0.944638150901072,15353,GPD,tail,21.39793168391183,0.090625,Puntarenas_OTROS_Hidrometereológico
-0.15606323124433008,0.944638150901072,15354,GPD,tail,21.39793168391183,0.090625,Puntarenas_OTROS_Hidrometereológico
-0.15606323124433008,0.944638150901072,15355,GPD,tail,21.39793168391183,0.090625,Puntarenas_OTROS_Hidrometereológico
-0.15606323124433008,0.944638150901072,15356,GPD,tail,21.39793168391183,0.090625,Puntarenas_OTROS_Hidrometereológico
-0.15606323124433008,0.944638150901072,15357,GPD,tail,21.39793168391183,0.090625,Puntarenas_OTROS_Hidrometereológico
-0.15606323124433008,0.944638150901072,15358,GPD,tail,21.39793168391183,0.090625,Puntarenas_OTROS_Hidrometereológico
-0.15606323124433008,0.944638150901072,15359,GPD,tail,21.39793168391183,0.090625,Puntarenas_OTROS_Hidrometereológico
-0.15606323124433008,0.944638150901072,15360,GPD,tail,21.39793168391183,0.090625,Puntarenas_OTROS_Hidrometereológico
-0.15606323124433008,0.944638150901072,15361,GPD,tail,21.39793168391183,0.090625,Puntarenas_OTROS_Hidrometereológico
-0.15606323124433008,0.944638150901072,15362,GPD,tail,21.39793168391183,0.090625,Puntarenas_OTROS_Hidrometereológico
-0.15606323124433008,0.944638150901072,15363,GPD,tail,21.39793168391183,0.090625,Puntarenas_OTROS_Hidrometereológico
-0.15606323124433008,0.944638150901072,15364,GPD,tail,21.39793168391183,0.090625,Puntarenas_OTROS_Hidrometereológico
-0.15606323124433008,0.944638150901072,15365,GPD,tail,21.39793168391183,0.090625,Puntarenas_OTROS_Hidrometereológico
-0.15606323124433008,0.944638150901072,15366,GPD,tail,21.39793168391183,0.090625,Puntarenas_OTROS_Hidrometereológico
-0.15606323124433008,0.944638150901072,15367,GPD,tail,21.39793168391183,0.090625,Puntarenas_OTROS_Hidrometereológico
-0.15606323124433008,0.944638150901072,15368,GPD,tail,21.39793168391183,0.090625,Puntarenas_OTROS_Hidrometereológico
-0.15606323124433008,0.944638150901072,15369,GPD,tail,21.39793168391183,0.090625,Puntarenas_OTROS_Hidrometereológico
-0.15606323124433008,0.944638150901072,15370,GPD,tail,21.39793168391183,0.090625,Puntarenas_OTROS_Hidrometereológico
-0.15606323124433008,0.944638150901072,15371,GPD,tail,21.39793168391183,0.090625,Puntarenas_OTROS_Hidrometereológico
-0.15606323124433008,0.944638150901072,15372,GPD,tail,21.39793168391183,0.090625,Puntarenas_OTROS_Hidrometereológico
-0.15606323124433008,0.944638150901072,15373,GPD,tail,21.39793168391183,0.090625,Puntarenas_OTROS_Hidrometereológico
-0.15606323124433008,0.944638150901072,15374,GPD,tail,21.39793168391183,0.090625,Puntarenas_OTROS_Hidrometereológico
-0.15606323124433008,0.944638150901072,15375,GPD,tail,21.39793168391183,0.090625,Puntarenas_OTROS_Hidrometereológico
-0.15606323124433008,0.944638150901072,15376,GPD,tail,21.39793168391183,0.090625,Puntarenas_OTROS_Hidrometereológico
-0.15606323124433008,0.944638150901072,15377,GPD,tail,21.39793168391183,0.090625,Puntarenas_OTROS_Hidrometereológico
-0.15606323124433008,0.944638150901072,15378,GPD,tail,21.39793168391183,0.090625,Puntarenas_OTROS_Hidrometereológico
-0.15606323124433008,0.944638150901072,15379,GPD,tail,21.39793168391183,0.090625,Puntarenas_OTROS_Hidrometereológico
-0.15606323124433008,0.944638150901072,15380,GPD,tail,21.39793168391183,0.090625,Puntarenas_OTROS_Hidrometereológico
-0.15606323124433008,0.944638150901072,15381,GPD,tail,21.39793168391183,0.090625,Puntarenas_OTROS_Hidrometereológico
-0.15606323124433008,0.944638150901072,15382,GPD,tail,21.39793168391183,0.090625,Puntarenas_OTROS_Hidrometereológico
-0.15606323124433008,0.944638150901072,15383,GPD,tail,21.39793168391183,0.090625,Puntarenas_OTROS_Hidrometereológico
-0.15606323124433008,0.944638150901072,15384,GPD,tail,21.39793168391183,0.090625,Puntarenas_OTROS_Hidrometereológico
-0.15606323124433008,0.944638150901072,15385,GPD,tail,21.39793168391183,0.090625,Puntarenas_OTROS_Hidrometereológico
-0.15606323124433008,0.944638150901072,15386,GPD,tail,21.39793168391183,0.090625,Puntarenas_OTROS_Hidrometereológico
-0.15606323124433008,0.944638150901072,15387,GPD,tail,21.39793168391183,0.090625,Puntarenas_OTROS_Hidrometereológico
-0.15606323124433008,0.944638150901072,15388,GPD,tail,21.39793168391183,0.090625,Puntarenas_OTROS_Hidrometereológico
-0.15606323124433008,0.944638150901072,15389,GPD,tail,21.39793168391183,0.090625,Puntarenas_OTROS_Hidrometereológico
-0.15606323124433008,0.944638150901072,15390,GPD,tail,21.39793168391183,0.090625,Puntarenas_OTROS_Hidrometereológico
-0.15606323124433008,0.944638150901072,15391,GPD,tail,21.39793168391183,0.090625,Puntarenas_OTROS_Hidrometereológico
-0.15606323124433008,0.944638150901072,15392,GPD,tail,21.39793168391183,0.090625,Puntarenas_OTROS_Hidrometereológico
-0.15606323124433008,0.944638150901072,15393,GPD,tail,21.39793168391183,0.090625,Puntarenas_OTROS_Hidrometereológico
-0.15606323124433008,0.944638150901072,15394,GPD,tail,21.39793168391183,0.090625,Puntarenas_OTROS_Hidrometereológico
-0.15606323124433008,0.944638150901072,15395,GPD,tail,21.39793168391183,0.090625,Puntarenas_OTROS_Hidrometereológico
-0.15606323124433008,0.944638150901072,15396,GPD,tail,21.39793168391183,0.090625,Puntarenas_OTROS_Hidrometereológico
-0.15606323124433008,0.944638150901072,15397,GPD,tail,21.39793168391183,0.090625,Puntarenas_OTROS_Hidrometereológico
-0.15606323124433008,0.944638150901072,15398,GPD,tail,21.39793168391183,0.090625,Puntarenas_OTROS_Hidrometereológico
-0.15606323124433008,0.944638150901072,15399,GPD,tail,21.39793168391183,0.090625,Puntarenas_OTROS_Hidrometereológico
-0.15606323124433008,0.944638150901072,15400,GPD,tail,21.39793168391183,0.090625,Puntarenas_OTROS_Hidrometereológico
-0.15606323124433008,0.944638150901072,15401,GPD,tail,21.39793168391183,0.090625,Puntarenas_OTROS_Hidrometereológico
-0.15606323124433008,0.944638150901072,15402,GPD,tail,21.39793168391183,0.090625,Puntarenas_OTROS_Hidrometereológico
-0.15606323124433008,0.944638150901072,15403,GPD,tail,21.39793168391183,0.090625,Puntarenas_OTROS_Hidrometereológico
-0.15606323124433008,0.944638150901072,15404,GPD,tail,21.39793168391183,0.090625,Puntarenas_OTROS_Hidrometereológico
-0.15606323124433008,0.944638150901072,15405,GPD,tail,21.39793168391183,0.090625,Puntarenas_OTROS_Hidrometereológico
-0.15606323124433008,0.944638150901072,15406,GPD,tail,21.39793168391183,0.090625,Puntarenas_OTROS_Hidrometereológico
-0.15606323124433008,0.944638150901072,15407,GPD,tail,21.39793168391183,0.090625,Puntarenas_OTROS_Hidrometereológico
-0.15606323124433008,0.944638150901072,15408,GPD,tail,21.39793168391183,0.090625,Puntarenas_OTROS_Hidrometereológico
-0.15606323124433008,0.944638150901072,15409,GPD,tail,21.39793168391183,0.090625,Puntarenas_OTROS_Hidrometereológico
-0.15606323124433008,0.944638150901072,15410,GPD,tail,21.39793168391183,0.090625,Puntarenas_OTROS_Hidrometereológico
-0.15606323124433008,0.944638150901072,15411,GPD,tail,21.39793168391183,0.090625,Puntarenas_OTROS_Hidrometereológico
-0.15606323124433008,0.944638150901072,15412,GPD,tail,21.39793168391183,0.090625,Puntarenas_OTROS_Hidrometereológico
-0.15606323124433008,0.944638150901072,15413,GPD,tail,21.39793168391183,0.090625,Puntarenas_OTROS_Hidrometereológico
-0.15606323124433008,0.944638150901072,15414,GPD,tail,21.39793168391183,0.090625,Puntarenas_OTROS_Hidrometereológico
-0.15606323124433008,0.944638150901072,15415,GPD,tail,21.39793168391183,0.090625,Puntarenas_OTROS_Hidrometereológico
-0.15606323124433008,0.944638150901072,15416,GPD,tail,21.39793168391183,0.090625,Puntarenas_OTROS_Hidrometereológico
-0.15606323124433008,0.944638150901072,15417,GPD,tail,21.39793168391183,0.090625,Puntarenas_OTROS_Hidrometereológico
-0.15606323124433008,0.944638150901072,15418,GPD,tail,21.39793168391183,0.090625,Puntarenas_OTROS_Hidrometereológico
-0.15606323124433008,0.944638150901072,15419,GPD,tail,21.39793168391183,0.090625,Puntarenas_OTROS_Hidrometereológico
-0.15606323124433008,0.944638150901072,15420,GPD,tail,21.39793168391183,0.090625,Puntarenas_OTROS_Hidrometereológico
-0.15606323124433008,0.944638150901072,15421,GPD,tail,21.39793168391183,0.090625,Puntarenas_OTROS_Hidrometereológico
-0.15606323124433008,0.944638150901072,15422,GPD,tail,21.39793168391183,0.090625,Puntarenas_OTROS_Hidrometereológico
-0.15606323124433008,0.944638150901072,15423,GPD,tail,21.39793168391183,0.090625,Puntarenas_OTROS_Hidrometereológico
-0.15606323124433008,0.944638150901072,15424,GPD,tail,21.39793168391183,0.090625,Puntarenas_OTROS_Hidrometereológico
-0.15606323124433008,0.944638150901072,15425,GPD,tail,21.39793168391183,0.090625,Puntarenas_OTROS_Hidrometereológico
-0.15606323124433008,0.944638150901072,15426,GPD,tail,21.39793168391183,0.090625,Puntarenas_OTROS_Hidrometereológico
-0.15606323124433008,0.944638150901072,15427,GPD,tail,21.39793168391183,0.090625,Puntarenas_OTROS_Hidrometereológico
-0.15606323124433008,0.944638150901072,15428,GPD,tail,21.39793168391183,0.090625,Puntarenas_OTROS_Hidrometereológico
-0.15606323124433008,0.944638150901072,15429,GPD,tail,21.39793168391183,0.090625,Puntarenas_OTROS_Hidrometereológico
-0.15606323124433008,0.944638150901072,15430,GPD,tail,21.39793168391183,0.090625,Puntarenas_OTROS_Hidrometereológico
-0.15606323124433008,0.944638150901072,15431,GPD,tail,21.39793168391183,0.090625,Puntarenas_OTROS_Hidrometereológico
-0.15606323124433008,0.944638150901072,15432,GPD,tail,21.39793168391183,0.090625,Puntarenas_OTROS_Hidrometereológico
-0.1222738983213919,0.7866218761161721,15433,GPD,tail,21.39793168391183,0.090625,Puntarenas_OTROS_Hidrometereológico
-0.1222738983213919,0.7866218761161721,15434,GPD,tail,21.39793168391183,0.090625,Puntarenas_OTROS_Hidrometereológico
-0.1222738983213919,0.7866218761161721,15435,GPD,tail,21.39793168391183,0.090625,Puntarenas_OTROS_Hidrometereológico
-0.1222738983213919,0.7866218761161721,15436,GPD,tail,21.39793168391183,0.090625,Puntarenas_OTROS_Hidrometereológico
0.011906322793522606,0.7639931421260222,15437,GPD,tail,21.39793168391183,0.090625,Puntarenas_OTROS_Hidrometereológico
0.011906322793522606,0.7639931421260222,15438,GPD,tail,21.39793168391183,0.090625,Puntarenas_OTROS_Hidrometereológico
0.011906322793522606,0.7639931421260222,15439,GPD,tail,21.39793168391183,0.090625,Puntarenas_OTROS_Hidrometereológico
0.011906322793522606,0.7639931421260222,15440,GPD,tail,21.39793168391183,0.090625,Puntarenas_OTROS_Hidrometereológico
0.011906322793522606,0.7639931421260222,15441,GPD,tail,21.39793168391183,0.090625,Puntarenas_OTROS_Hidrometereológico
0.011906322793522606,0.7639931421260222,15442,GPD,tail,21.39793168391183,0.090625,Puntarenas_OTROS_Hidrometereológico
0.034873569530207205,0.7157145243541992,15443,GPD,tail,21.39793168391183,0.090625,Puntarenas_OTROS_Hidrometereológico
0.034873569530207205,0.7157145243541992,15444,GPD,tail,21.39793168391183,0.090625,Puntarenas_OTROS_Hidrometereológico
0.06913158617695464,0.7191461725889629,15445,GPD,tail,21.39793168391183,0.090625,Puntarenas_OTROS_Hidrometereológico
0.06913158617695464,0.7191461725889629,15446,GPD,tail,21.39793168391183,0.090625,Puntarenas_OTROS_Hidrometereológico
0.06913158617695464,0.7191461725889629,15447,GPD,tail,21.39793168391183,0.090625,Puntarenas_OTROS_Hidrometereológico
0.06913158617695464,0.7191461725889629,15448,GPD,tail,21.39793168391183,0.090625,Puntarenas_OTROS_Hidrometereológico
0.06913158617695464,0.7191461725889629,15449,GPD,tail,21.39793168391183,0.090625,Puntarenas_OTROS_Hidrometereológico
-0.019261585192879085,0.9491936103483988,15450,GPD,tail,21.39793168391183,0.090625,Puntarenas_OTROS_Hidrometereológico
-0.019261585192879085,0.9491936103483988,15451,GPD,tail,21.39793168391183,0.090625,Puntarenas_OTROS_Hidrometereológico
-0.019261585192879085,0.9491936103483988,15452,GPD,tail,21.39793168391183,0.090625,Puntarenas_OTROS_Hidrometereológico
-0.019261585192879085,0.9491936103483988,15453,GPD,tail,21.39793168391183,0.090625,Puntarenas_OTROS_Hidrometereológico
-0.019261585192879085,0.9491936103483988,15454,GPD,tail,21.39793168391183,0.090625,Puntarenas_OTROS_Hidrometereológico
-0.019261585192879085,0.9491936103483988,15455,GPD,tail,21.39793168391183,0.090625,Puntarenas_OTROS_Hidrometereológico
-0.019261585192879085,0.9491936103483988,15456,GPD,tail,21.39793168391183,0.090625,Puntarenas_OTROS_Hidrometereológico
-0.019261585192879085,0.9491936103483988,15457,GPD,tail,21.39793168391183,0.090625,Puntarenas_OTROS_Hidrometereológico
-0.019261585192879085,0.9491936103483988,15458,GPD,tail,21.39793168391183,0.090625,Puntarenas_OTROS_Hidrometereológico
-0.019261585192879085,0.9491936103483988,15459,GPD,tail,21.39793168391183,0.090625,Puntarenas_OTROS_Hidrometereológico
-0.0004816460133900309,0.9230789497093915,15460,GPD,tail,21.39793168391183,0.090625,Puntarenas_OTROS_Hidrometereológico
-0.0004816460133900309,0.9230789497093915,15461,GPD,tail,21.39793168391183,0.090625,Puntarenas_OTROS_Hidrometereológico
-0.0004816460133900309,0.9230789497093915,15462,GPD,tail,21.39793168391183,0.090625,Puntarenas_OTROS_Hidrometereológico
-0.005611543402866548,0.7068293667649277,15463,GPD,tail,21.39793168391183,0.090625,Puntarenas_OTROS_Hidrometereológico
-0.005611543402866548,0.7068293667649277,15464,GPD,tail,21.39793168391183,0.090625,Puntarenas_OTROS_Hidrometereológico
0.018747777663007587,0.862622047936323,15465,GPD,tail,21.39793168391183,0.090625,Puntarenas_OTROS_Hidrometereológico
0.018747777663007587,0.862622047936323,15466,GPD,tail,21.39793168391183,0.090625,Puntarenas_OTROS_Hidrometereológico
0.018747777663007587,0.862622047936323,15467,GPD,tail,21.39793168391183,0.090625,Puntarenas_OTROS_Hidrometereológico
0.018747777663007587,0.862622047936323,15468,GPD,tail,21.39793168391183,0.090625,Puntarenas_OTROS_Hidrometereológico
-0.02041453611801832,0.8009237344667939,15469,GPD,tail,21.39793168391183,0.090625,Puntarenas_OTROS_Hidrometereológico
-0.02041453611801832,0.8009237344667939,15470,GPD,tail,21.39793168391183,0.090625,Puntarenas_OTROS_Hidrometereológico
-0.02041453611801832,0.8009237344667939,15471,GPD,tail,21.39793168391183,0.090625,Puntarenas_OTROS_Hidrometereológico
-0.02041453611801832,0.8009237344667939,15472,GPD,tail,21.39793168391183,0.090625,Puntarenas_OTROS_Hidrometereológico
-0.02041453611801832,0.8009237344667939,15473,GPD,tail,21.39793168391183,0.090625,Puntarenas_OTROS_Hidrometereológico
-0.02041453611801832,0.8009237344667939,15474,GPD,tail,21.39793168391183,0.090625,Puntarenas_OTROS_Hidrometereológico
-0.02041453611801832,0.8009237344667939,15475,GPD,tail,21.39793168391183,0.090625,Puntarenas_OTROS_Hidrometereológico
-0.02041453611801832,0.8009237344667939,15476,GPD,tail,21.39793168391183,0.090625,Puntarenas_OTROS_Hidrometereológico
-0.02041453611801832,0.8009237344667939,15477,GPD,tail,21.39793168391183,0.090625,Puntarenas_OTROS_Hidrometereológico
-0.02041453611801832,0.8009237344667939,15478,GPD,tail,21.39793168391183,0.090625,Puntarenas_OTROS_Hidrometereológico
-0.02041453611801832,0.8009237344667939,15479,GPD,tail,21.39793168391183,0.090625,Puntarenas_OTROS_Hidrometereológico
-0.02041453611801832,0.8009237344667939,15480,GPD,tail,21.39793168391183,0.090625,Puntarenas_OTROS_Hidrometereológico
-0.02041453611801832,0.8009237344667939,15481,GPD,tail,21.39793168391183,0.090625,Puntarenas_OTROS_Hidrometereológico
-0.030577517508284052,0.7644126266357963,15482,GPD,tail,21.39793168391183,0.090625,Puntarenas_OTROS_Hidrometereológico
-0.030577517508284052,0.7644126266357963,15483,GPD,tail,21.39793168391183,0.090625,Puntarenas_OTROS_Hidrometereológico
-0.030577517508284052,0.7644126266357963,15484,GPD,tail,21.39793168391183,0.090625,Puntarenas_OTROS_Hidrometereológico
-0.030577517508284052,0.7644126266357963,15485,GPD,tail,21.39793168391183,0.090625,Puntarenas_OTROS_Hidrometereológico
-0.10654697697201052,0.9678070062201375,15486,GPD,tail,21.39793168391183,0.090625,Puntarenas_OTROS_Hidrometereológico
-0.10654697697201052,0.9678070062201375,15487,GPD,tail,21.39793168391183,0.090625,Puntarenas_OTROS_Hidrometereológico
-0.10654697697201052,0.9678070062201375,15488,GPD,tail,21.39793168391183,0.090625,Puntarenas_OTROS_Hidrometereológico
-0.035815949202042785,0.7818924422668321,15489,GPD,tail,21.39793168391183,0.090625,Puntarenas_OTROS_Hidrometereológico
-0.04258627224691114,0.8343450042279636,15490,GPD,tail,21.39793168391183,0.090625,Puntarenas_OTROS_Hidrometereológico
-0.04258627224691114,0.8343450042279636,15491,GPD,tail,21.39793168391183,0.090625,Puntarenas_OTROS_Hidrometereológico
-0.04258627224691114,0.8343450042279636,15492,GPD,tail,21.39793168391183,0.090625,Puntarenas_OTROS_Hidrometereológico
-0.04258627224691114,0.8343450042279636,15493,GPD,tail,21.39793168391183,0.090625,Puntarenas_OTROS_Hidrometereológico
-0.04258627224691114,0.8343450042279636,15494,GPD,tail,21.39793168391183,0.090625,Puntarenas_OTROS_Hidrometereológico
-0.04258627224691114,0.8343450042279636,15495,GPD,tail,21.39793168391183,0.090625,Puntarenas_OTROS_Hidrometereológico
-0.04258627224691114,0.8343450042279636,15496,GPD,tail,21.39793168391183,0.090625,Puntarenas_OTROS_Hidrometereológico
-0.04258627224691114,0.8343450042279636,15497,GPD,tail,21.39793168391183,0.090625,Puntarenas_OTROS_Hidrometereológico
-0.04258627224691114,0.8343450042279636,15498,GPD,tail,21.39793168391183,0.090625,Puntarenas_OTROS_Hidrometereológico
-0.04258627224691114,0.8343450042279636,15499,GPD,tail,21.39793168391183,0.090625,Puntarenas_OTROS_Hidrometereológico
-0.04258627224691114,0.8343450042279636,15500,GPD,tail,21.39793168391183,0.090625,Puntarenas_OTROS_Hidrometereológico
-0.04258627224691114,0.8343450042279636,15501,GPD,tail,21.39793168391183,0.090625,Puntarenas_OTROS_Hidrometereológico
-0.04258627224691114,0.8343450042279636,15502,GPD,tail,21.39793168391183,0.090625,Puntarenas_OTROS_Hidrometereológico
-0.04258627224691114,0.8343450042279636,15503,GPD,tail,21.39793168391183,0.090625,Puntarenas_OTROS_Hidrometereológico
-0.04258627224691114,0.8343450042279636,15504,GPD,tail,21.39793168391183,0.090625,Puntarenas_OTROS_Hidrometereológico
-0.04258627224691114,0.8343450042279636,15505,GPD,tail,21.39793168391183,0.090625,Puntarenas_OTROS_Hidrometereológico
-0.04258627224691114,0.8343450042279636,15506,GPD,tail,21.39793168391183,0.090625,Puntarenas_OTROS_Hidrometereológico
-0.04258627224691114,0.8343450042279636,15507,GPD,tail,21.39793168391183,0.090625,Puntarenas_OTROS_Hidrometereológico
-0.04258627224691114,0.8343450042279636,15508,GPD,tail,21.39793168391183,0.090625,Puntarenas_OTROS_Hidrometereológico
-0.04258627224691114,0.8343450042279636,15509,GPD,tail,21.39793168391183,0.090625,Puntarenas_OTROS_Hidrometereológico
-0.04258627224691114,0.8343450042279636,15510,GPD,tail,21.39793168391183,0.090625,Puntarenas_OTROS_Hidrometereológico
-0.04258627224691114,0.8343450042279636,15511,GPD,tail,21.39793168391183,0.090625,Puntarenas_OTROS_Hidrometereológico
-0.04258627224691114,0.8343450042279636,15512,GPD,tail,21.39793168391183,0.090625,Puntarenas_OTROS_Hidrometereológico
-0.04258627224691114,0.8343450042279636,15513,GPD,tail,21.39793168391183,0.090625,Puntarenas_OTROS_Hidrometereológico
-0.04258627224691114,0.8343450042279636,15514,GPD,tail,21.39793168391183,0.090625,Puntarenas_OTROS_Hidrometereológico
-0.04258627224691114,0.8343450042279636,15515,GPD,tail,21.39793168391183,0.090625,Puntarenas_OTROS_Hidrometereológico
-0.04258627224691114,0.8343450042279636,15516,GPD,tail,21.39793168391183,0.090625,Puntarenas_OTROS_Hidrometereológico
-0.04258627224691114,0.8343450042279636,15517,GPD,tail,21.39793168391183,0.090625,Puntarenas_OTROS_Hidrometereológico
-0.04258627224691114,0.8343450042279636,15518,GPD,tail,21.39793168391183,0.090625,Puntarenas_OTROS_Hidrometereológico
-0.04258627224691114,0.8343450042279636,15519,GPD,tail,21.39793168391183,0.090625,Puntarenas_OTROS_Hidrometereológico
-0.04258627224691114,0.8343450042279636,15520,GPD,tail,21.39793168391183,0.090625,Puntarenas_OTROS_Hidrometereológico
-0.04258627224691114,0.8343450042279636,15521,GPD,tail,21.39793168391183,0.090625,Puntarenas_OTROS_Hidrometereológico
-0.04258627224691114,0.8343450042279636,15522,GPD,tail,21.39793168391183,0.090625,Puntarenas_OTROS_Hidrometereológico
-0.04258627224691114,0.8343450042279636,15523,GPD,tail,21.39793168391183,0.090625,Puntarenas_OTROS_Hidrometereológico
-0.04258627224691114,0.8343450042279636,15524,GPD,tail,21.39793168391183,0.090625,Puntarenas_OTROS_Hidrometereológico
-0.04258627224691114,0.8343450042279636,15525,GPD,tail,21.39793168391183,0.090625,Puntarenas_OTROS_Hidrometereológico
0.0004601798345422667,0.8085903064205039,15526,GPD,tail,21.39793168391183,0.090625,Puntarenas_OTROS_Hidrometereológico
0.0004601798345422667,0.8085903064205039,15527,GPD,tail,21.39793168391183,0.090625,Puntarenas_OTROS_Hidrometereológico
0.0004601798345422667,0.8085903064205039,15528,GPD,tail,21.39793168391183,0.090625,Puntarenas_OTROS_Hidrometereológico
0.0004601798345422667,0.8085903064205039,15529,GPD,tail,21.39793168391183,0.090625,Puntarenas_OTROS_Hidrometereológico
0.0004601798345422667,0.8085903064205039,15530,GPD,tail,21.39793168391183,0.090625,Puntarenas_OTROS_Hidrometereológico
0.0004601798345422667,0.8085903064205039,15531,GPD,tail,21.39793168391183,0.090625,Puntarenas_OTROS_Hidrometereológico
0.0004601798345422667,0.8085903064205039,15532,GPD,tail,21.39793168391183,0.090625,Puntarenas_OTROS_Hidrometereológico
0.0004601798345422667,0.8085903064205039,15533,GPD,tail,21.39793168391183,0.090625,Puntarenas_OTROS_Hidrometereológico
0.0004601798345422667,0.8085903064205039,15534,GPD,tail,21.39793168391183,0.090625,Puntarenas_OTROS_Hidrometereológico
0.0004601798345422667,0.8085903064205039,15535,GPD,tail,21.39793168391183,0.090625,Puntarenas_OTROS_Hidrometereológico
0.0004601798345422667,0.8085903064205039,15536,GPD,tail,21.39793168391183,0.090625,Puntarenas_OTROS_Hidrometereológico
0.0004601798345422667,0.8085903064205039,15537,GPD,tail,21.39793168391183,0.090625,Puntarenas_OTROS_Hidrometereológico
0.0004601798345422667,0.8085903064205039,15538,GPD,tail,21.39793168391183,0.090625,Puntarenas_OTROS_Hidrometereológico
0.0004601798345422667,0.8085903064205039,15539,GPD,tail,21.39793168391183,0.090625,Puntarenas_OTROS_Hidrometereológico
0.0004601798345422667,0.8085903064205039,15540,GPD,tail,21.39793168391183,0.090625,Puntarenas_OTROS_Hidrometereológico
0.0004601798345422667,0.8085903064205039,15541,GPD,tail,21.39793168391183,0.090625,Puntarenas_OTROS_Hidrometereológico
0.0004601798345422667,0.8085903064205039,15542,GPD,tail,21.39793168391183,0.090625,Puntarenas_OTROS_Hidrometereológico
0.0004601798345422667,0.8085903064205039,15543,GPD,tail,21.39793168391183,0.090625,Puntarenas_OTROS_Hidrometereológico
0.0004601798345422667,0.8085903064205039,15544,GPD,tail,21.39793168391183,0.090625,Puntarenas_OTROS_Hidrometereológico
0.0004601798345422667,0.8085903064205039,15545,GPD,tail,21.39793168391183,0.090625,Puntarenas_OTROS_Hidrometereológico
0.0004601798345422667,0.8085903064205039,15546,GPD,tail,21.39793168391183,0.090625,Puntarenas_OTROS_Hidrometereológico
0.0004601798345422667,0.8085903064205039,15547,GPD,tail,21.39793168391183,0.090625,Puntarenas_OTROS_Hidrometereológico
0.0004601798345422667,0.8085903064205039,15548,GPD,tail,21.39793168391183,0.090625,Puntarenas_OTROS_Hidrometereológico
0.0004601798345422667,0.8085903064205039,15549,GPD,tail,21.39793168391183,0.090625,Puntarenas_OTROS_Hidrometereológico
0.0004601798345422667,0.8085903064205039,15550,GPD,tail,21.39793168391183,0.090625,Puntarenas_OTROS_Hidrometereológico
0.0004601798345422667,0.8085903064205039,15551,GPD,tail,21.39793168391183,0.090625,Puntarenas_OTROS_Hidrometereológico
0.0004601798345422667,0.8085903064205039,15552,GPD,tail,21.39793168391183,0.090625,Puntarenas_OTROS_Hidrometereológico
0.0004601798345422667,0.8085903064205039,15553,GPD,tail,21.39793168391183,0.090625,Puntarenas_OTROS_Hidrometereológico
0.0004601798345422667,0.8085903064205039,15554,GPD,tail,21.39793168391183,0.090625,Puntarenas_OTROS_Hidrometereológico
-0.09006680564654368,0.9033773658310922,15555,GPD,tail,21.39793168391183,0.090625,Puntarenas_OTROS_Hidrometereológico
-0.09006680564654368,0.9033773658310922,15556,GPD,tail,21.39793168391183,0.090625,Puntarenas_OTROS_Hidrometereológico
-0.09006680564654368,0.9033773658310922,15557,GPD,tail,21.39793168391183,0.090625,Puntarenas_OTROS_Hidrometereológico
-0.09006680564654368,0.9033773658310922,15558,GPD,tail,21.39793168391183,0.090625,Puntarenas_OTROS_Hidrometereológico
-0.09006680564654368,0.9033773658310922,15559,GPD,tail,21.39793168391183,0.090625,Puntarenas_OTROS_Hidrometereológico
-0.09006680564654368,0.9033773658310922,15560,GPD,tail,21.39793168391183,0.090625,Puntarenas_OTROS_Hidrometereológico
-0.09006680564654368,0.9033773658310922,15561,GPD,tail,21.39793168391183,0.090625,Puntarenas_OTROS_Hidrometereológico
-0.09006680564654368,0.9033773658310922,15562,GPD,tail,21.39793168391183,0.090625,Puntarenas_OTROS_Hidrometereológico
-0.09006680564654368,0.9033773658310922,15563,GPD,tail,21.39793168391183,0.090625,Puntarenas_OTROS_Hidrometereológico
-0.09006680564654368,0.9033773658310922,15564,GPD,tail,21.39793168391183,0.090625,Puntarenas_OTROS_Hidrometereológico
-0.09006680564654368,0.9033773658310922,15565,GPD,tail,21.39793168391183,0.090625,Puntarenas_OTROS_Hidrometereológico
-0.09006680564654368,0.9033773658310922,15566,GPD,tail,21.39793168391183,0.090625,Puntarenas_OTROS_Hidrometereológico
-0.09006680564654368,0.9033773658310922,15567,GPD,tail,21.39793168391183,0.090625,Puntarenas_OTROS_Hidrometereológico
-0.09006680564654368,0.9033773658310922,15568,GPD,tail,21.39793168391183,0.090625,Puntarenas_OTROS_Hidrometereológico
-0.09006680564654368,0.9033773658310922,15569,GPD,tail,21.39793168391183,0.090625,Puntarenas_OTROS_Hidrometereológico
-0.09006680564654368,0.9033773658310922,15570,GPD,tail,21.39793168391183,0.090625,Puntarenas_OTROS_Hidrometereológico
-0.09006680564654368,0.9033773658310922,15571,GPD,tail,21.39793168391183,0.090625,Puntarenas_OTROS_Hidrometereológico
-0.09006680564654368,0.9033773658310922,15572,GPD,tail,21.39793168391183,0.090625,Puntarenas_OTROS_Hidrometereológico
-0.09006680564654368,0.9033773658310922,15573,GPD,tail,21.39793168391183,0.090625,Puntarenas_OTROS_Hidrometereológico
-0.09006680564654368,0.9033773658310922,15574,GPD,tail,21.39793168391183,0.090625,Puntarenas_OTROS_Hidrometereológico
-0.09006680564654368,0.9033773658310922,15575,GPD,tail,21.39793168391183,0.090625,Puntarenas_OTROS_Hidrometereológico
-0.09006680564654368,0.9033773658310922,15576,GPD,tail,21.39793168391183,0.090625,Puntarenas_OTROS_Hidrometereológico
-0.09006680564654368,0.9033773658310922,15577,GPD,tail,21.39793168391183,0.090625,Puntarenas_OTROS_Hidrometereológico
-0.09006680564654368,0.9033773658310922,15578,GPD,tail,21.39793168391183,0.090625,Puntarenas_OTROS_Hidrometereológico
-0.09006680564654368,0.9033773658310922,15579,GPD,tail,21.39793168391183,0.090625,Puntarenas_OTROS_Hidrometereológico
-0.09006680564654368,0.9033773658310922,15580,GPD,tail,21.39793168391183,0.090625,Puntarenas_OTROS_Hidrometereológico
-0.09006680564654368,0.9033773658310922,15581,GPD,tail,21.39793168391183,0.090625,Puntarenas_OTROS_Hidrometereológico
-0.09006680564654368,0.9033773658310922,15582,GPD,tail,21.39793168391183,0.090625,Puntarenas_OTROS_Hidrometereológico
-0.09006680564654368,0.9033773658310922,15583,GPD,tail,21.39793168391183,0.090625,Puntarenas_OTROS_Hidrometereológico
-0.09006680564654368,0.9033773658310922,15584,GPD,tail,21.39793168391183,0.090625,Puntarenas_OTROS_Hidrometereológico
-0.09006680564654368,0.9033773658310922,15585,GPD,tail,21.39793168391183,0.090625,Puntarenas_OTROS_Hidrometereológico
-0.09006680564654368,0.9033773658310922,15586,GPD,tail,21.39793168391183,0.090625,Puntarenas_OTROS_Hidrometereológico
-0.09006680564654368,0.9033773658310922,15587,GPD,tail,21.39793168391183,0.090625,Puntarenas_OTROS_Hidrometereológico
-0.09006680564654368,0.9033773658310922,15588,GPD,tail,21.39793168391183,0.090625,Puntarenas_OTROS_Hidrometereológico
-0.09006680564654368,0.9033773658310922,15589,GPD,tail,21.39793168391183,0.090625,Puntarenas_OTROS_Hidrometereológico
-0.09006680564654368,0.9033773658310922,15590,GPD,tail,21.39793168391183,0.090625,Puntarenas_OTROS_Hidrometereológico
-0.09006680564654368,0.9033773658310922,15591,GPD,tail,21.39793168391183,0.090625,Puntarenas_OTROS_Hidrometereológico
-0.09006680564654368,0.9033773658310922,15592,GPD,tail,21.39793168391183,0.090625,Puntarenas_OTROS_Hidrometereológico
-0.09006680564654368,0.9033773658310922,15593,GPD,tail,21.39793168391183,0.090625,Puntarenas_OTROS_Hidrometereológico
-0.09006680564654368,0.9033773658310922,15594,GPD,tail,21.39793168391183,0.090625,Puntarenas_OTROS_Hidrometereológico
-0.09006680564654368,0.9033773658310922,15595,GPD,tail,21.39793168391183,0.090625,Puntarenas_OTROS_Hidrometereológico
-0.09006680564654368,0.9033773658310922,15596,GPD,tail,21.39793168391183,0.090625,Puntarenas_OTROS_Hidrometereológico
-0.09006680564654368,0.9033773658310922,15597,GPD,tail,21.39793168391183,0.090625,Puntarenas_OTROS_Hidrometereológico
-0.09006680564654368,0.9033773658310922,15598,GPD,tail,21.39793168391183,0.090625,Puntarenas_OTROS_Hidrometereológico
-0.09006680564654368,0.9033773658310922,15599,GPD,tail,21.39793168391183,0.090625,Puntarenas_OTROS_Hidrometereológico
-0.1350226943658911,0.8922269511616026,15600,GPD,tail,21.39793168391183,0.090625,Puntarenas_OTROS_Hidrometereológico
-0.1350226943658911,0.8922269511616026,15601,GPD,tail,21.39793168391183,0.090625,Puntarenas_OTROS_Hidrometereológico
-0.1350226943658911,0.8922269511616026,15602,GPD,tail,21.39793168391183,0.090625,Puntarenas_OTROS_Hidrometereológico
-0.1350226943658911,0.8922269511616026,15603,GPD,tail,21.39793168391183,0.090625,Puntarenas_OTROS_Hidrometereológico
-0.1350226943658911,0.8922269511616026,15604,GPD,tail,21.39793168391183,0.090625,Puntarenas_OTROS_Hidrometereológico
-0.1350226943658911,0.8922269511616026,15605,GPD,tail,21.39793168391183,0.090625,Puntarenas_OTROS_Hidrometereológico
-0.1350226943658911,0.8922269511616026,15606,GPD,tail,21.39793168391183,0.090625,Puntarenas_OTROS_Hidrometereológico
-0.1350226943658911,0.8922269511616026,15607,GPD,tail,21.39793168391183,0.090625,Puntarenas_OTROS_Hidrometereológico
-0.1350226943658911,0.8922269511616026,15608,GPD,tail,21.39793168391183,0.090625,Puntarenas_OTROS_Hidrometereológico
-0.1350226943658911,0.8922269511616026,15609,GPD,tail,21.39793168391183,0.090625,Puntarenas_OTROS_Hidrometereológico
-0.1350226943658911,0.8922269511616026,15610,GPD,tail,21.39793168391183,0.090625,Puntarenas_OTROS_Hidrometereológico
-0.1350226943658911,0.8922269511616026,15611,GPD,tail,21.39793168391183,0.090625,Puntarenas_OTROS_Hidrometereológico
-0.1350226943658911,0.8922269511616026,15612,GPD,tail,21.39793168391183,0.090625,Puntarenas_OTROS_Hidrometereológico
-0.1350226943658911,0.8922269511616026,15613,GPD,tail,21.39793168391183,0.090625,Puntarenas_OTROS_Hidrometereológico
-0.1350226943658911,0.8922269511616026,15614,GPD,tail,21.39793168391183,0.090625,Puntarenas_OTROS_Hidrometereológico
-0.1350226943658911,0.8922269511616026,15615,GPD,tail,21.39793168391183,0.090625,Puntarenas_OTROS_Hidrometereológico
-0.1350226943658911,0.8922269511616026,15616,GPD,tail,21.39793168391183,0.090625,Puntarenas_OTROS_Hidrometereológico
-0.04526637198145746,0.7740777969327356,15617,GPD,tail,21.39793168391183,0.090625,Puntarenas_OTROS_Hidrometereológico
-0.04526637198145746,0.7740777969327356,15618,GPD,tail,21.39793168391183,0.090625,Puntarenas_OTROS_Hidrometereológico
-0.04526637198145746,0.7740777969327356,15619,GPD,tail,21.39793168391183,0.090625,Puntarenas_OTROS_Hidrometereológico
-0.04526637198145746,0.7740777969327356,15620,GPD,tail,21.39793168391183,0.090625,Puntarenas_OTROS_Hidrometereológico
-0.04526637198145746,0.7740777969327356,15621,GPD,tail,21.39793168391183,0.090625,Puntarenas_OTROS_Hidrometereológico
-0.04526637198145746,0.7740777969327356,15622,GPD,tail,21.39793168391183,0.090625,Puntarenas_OTROS_Hidrometereológico
-0.04526637198145746,0.7740777969327356,15623,GPD,tail,21.39793168391183,0.090625,Puntarenas_OTROS_Hidrometereológico
-0.04526637198145746,0.7740777969327356,15624,GPD,tail,21.39793168391183,0.090625,Puntarenas_OTROS_Hidrometereológico
-0.04526637198145746,0.7740777969327356,15625,GPD,tail,21.39793168391183,0.090625,Puntarenas_OTROS_Hidrometereológico
-0.04526637198145746,0.7740777969327356,15626,GPD,tail,21.39793168391183,0.090625,Puntarenas_OTROS_Hidrometereológico
-0.04526637198145746,0.7740777969327356,15627,GPD,tail,21.39793168391183,0.090625,Puntarenas_OTROS_Hidrometereológico
-0.04526637198145746,0.7740777969327356,15628,GPD,tail,21.39793168391183,0.090625,Puntarenas_OTROS_Hidrometereológico
-0.04526637198145746,0.7740777969327356,15629,GPD,tail,21.39793168391183,0.090625,Puntarenas_OTROS_Hidrometereológico
-0.04526637198145746,0.7740777969327356,15630,GPD,tail,21.39793168391183,0.090625,Puntarenas_OTROS_Hidrometereológico
-0.04526637198145746,0.7740777969327356,15631,GPD,tail,21.39793168391183,0.090625,Puntarenas_OTROS_Hidrometereológico
-0.04526637198145746,0.7740777969327356,15632,GPD,tail,21.39793168391183,0.090625,Puntarenas_OTROS_Hidrometereológico
-0.04526637198145746,0.7740777969327356,15633,GPD,tail,21.39793168391183,0.090625,Puntarenas_OTROS_Hidrometereológico
-0.04526637198145746,0.7740777969327356,15634,GPD,tail,21.39793168391183,0.090625,Puntarenas_OTROS_Hidrometereológico
-0.04526637198145746,0.7740777969327356,15635,GPD,tail,21.39793168391183,0.090625,Puntarenas_OTROS_Hidrometereológico
-0.04526637198145746,0.7740777969327356,15636,GPD,tail,21.39793168391183,0.090625,Puntarenas_OTROS_Hidrometereológico
-0.04526637198145746,0.7740777969327356,15637,GPD,tail,21.39793168391183,0.090625,Puntarenas_OTROS_Hidrometereológico
-0.04526637198145746,0.7740777969327356,15638,GPD,tail,21.39793168391183,0.090625,Puntarenas_OTROS_Hidrometereológico
-0.04526637198145746,0.7740777969327356,15639,GPD,tail,21.39793168391183,0.090625,Puntarenas_OTROS_Hidrometereológico
-0.04526637198145746,0.7740777969327356,15640,GPD,tail,21.39793168391183,0.090625,Puntarenas_OTROS_Hidrometereológico
-0.04526637198145746,0.7740777969327356,15641,GPD,tail,21.39793168391183,0.090625,Puntarenas_OTROS_Hidrometereológico
-0.07816817167781151,0.9273033923695582,15642,GPD,tail,21.39793168391183,0.090625,Puntarenas_OTROS_Hidrometereológico
-0.07816817167781151,0.9273033923695582,15643,GPD,tail,21.39793168391183,0.090625,Puntarenas_OTROS_Hidrometereológico
-0.07816817167781151,0.9273033923695582,15644,GPD,tail,21.39793168391183,0.090625,Puntarenas_OTROS_Hidrometereológico
-0.07816817167781151,0.9273033923695582,15645,GPD,tail,21.39793168391183,0.090625,Puntarenas_OTROS_Hidrometereológico
-0.07816817167781151,0.9273033923695582,15646,GPD,tail,21.39793168391183,0.090625,Puntarenas_OTROS_Hidrometereológico
-0.07816817167781151,0.9273033923695582,15647,GPD,tail,21.39793168391183,0.090625,Puntarenas_OTROS_Hidrometereológico
-0.07816817167781151,0.9273033923695582,15648,GPD,tail,21.39793168391183,0.090625,Puntarenas_OTROS_Hidrometereológico
-0.07816817167781151,0.9273033923695582,15649,GPD,tail,21.39793168391183,0.090625,Puntarenas_OTROS_Hidrometereológico
-0.12871034437807358,0.9048063545444687,15650,GPD,tail,21.39793168391183,0.090625,Puntarenas_OTROS_Hidrometereológico
-0.12871034437807358,0.9048063545444687,15651,GPD,tail,21.39793168391183,0.090625,Puntarenas_OTROS_Hidrometereológico
-0.12871034437807358,0.9048063545444687,15652,GPD,tail,21.39793168391183,0.090625,Puntarenas_OTROS_Hidrometereológico
-0.12871034437807358,0.9048063545444687,15653,GPD,tail,21.39793168391183,0.090625,Puntarenas_OTROS_Hidrometereológico
-0.12871034437807358,0.9048063545444687,15654,GPD,tail,21.39793168391183,0.090625,Puntarenas_OTROS_Hidrometereológico
-0.12871034437807358,0.9048063545444687,15655,GPD,tail,21.39793168391183,0.090625,Puntarenas_OTROS_Hidrometereológico
-0.12871034437807358,0.9048063545444687,15656,GPD,tail,21.39793168391183,0.090625,Puntarenas_OTROS_Hidrometereológico
-0.12871034437807358,0.9048063545444687,15657,GPD,tail,21.39793168391183,0.090625,Puntarenas_OTROS_Hidrometereológico
-0.12871034437807358,0.9048063545444687,15658,GPD,tail,21.39793168391183,0.090625,Puntarenas_OTROS_Hidrometereológico
-0.12871034437807358,0.9048063545444687,15659,GPD,tail,21.39793168391183,0.090625,Puntarenas_OTROS_Hidrometereológico
-0.12871034437807358,0.9048063545444687,15660,GPD,tail,21.39793168391183,0.090625,Puntarenas_OTROS_Hidrometereológico
-0.12871034437807358,0.9048063545444687,15661,GPD,tail,21.39793168391183,0.090625,Puntarenas_OTROS_Hidrometereológico
-0.12871034437807358,0.9048063545444687,15662,GPD,tail,21.39793168391183,0.090625,Puntarenas_OTROS_Hidrometereológico
-0.12871034437807358,0.9048063545444687,15663,GPD,tail,21.39793168391183,0.090625,Puntarenas_OTROS_Hidrometereológico
-0.12871034437807358,0.9048063545444687,15664,GPD,tail,21.39793168391183,0.090625,Puntarenas_OTROS_Hidrometereológico
-0.12871034437807358,0.9048063545444687,15665,GPD,tail,21.39793168391183,0.090625,Puntarenas_OTROS_Hidrometereológico
-0.12871034437807358,0.9048063545444687,15666,GPD,tail,21.39793168391183,0.090625,Puntarenas_OTROS_Hidrometereológico
-0.12871034437807358,0.9048063545444687,15667,GPD,tail,21.39793168391183,0.090625,Puntarenas_OTROS_Hidrometereológico
-0.12871034437807358,0.9048063545444687,15668,GPD,tail,21.39793168391183,0.090625,Puntarenas_OTROS_Hidrometereológico
-0.12871034437807358,0.9048063545444687,15669,GPD,tail,21.39793168391183,0.090625,Puntarenas_OTROS_Hidrometereológico
-0.12871034437807358,0.9048063545444687,15670,GPD,tail,21.39793168391183,0.090625,Puntarenas_OTROS_Hidrometereológico
-0.12871034437807358,0.9048063545444687,15671,GPD,tail,21.39793168391183,0.090625,Puntarenas_OTROS_Hidrometereológico
-0.12871034437807358,0.9048063545444687,15672,GPD,tail,21.39793168391183,0.090625,Puntarenas_OTROS_Hidrometereológico
-0.12871034437807358,0.9048063545444687,15673,GPD,tail,21.39793168391183,0.090625,Puntarenas_OTROS_Hidrometereológico
-0.12871034437807358,0.9048063545444687,15674,GPD,tail,21.39793168391183,0.090625,Puntarenas_OTROS_Hidrometereológico
-0.12871034437807358,0.9048063545444687,15675,GPD,tail,21.39793168391183,0.090625,Puntarenas_OTROS_Hidrometereológico
-0.12871034437807358,0.9048063545444687,15676,GPD,tail,21.39793168391183,0.090625,Puntarenas_OTROS_Hidrometereológico
-0.12871034437807358,0.9048063545444687,15677,GPD,tail,21.39793168391183,0.090625,Puntarenas_OTROS_Hidrometereológico
-0.12871034437807358,0.9048063545444687,15678,GPD,tail,21.39793168391183,0.090625,Puntarenas_OTROS_Hidrometereológico
-0.12871034437807358,0.9048063545444687,15679,GPD,tail,21.39793168391183,0.090625,Puntarenas_OTROS_Hidrometereológico
-0.12871034437807358,0.9048063545444687,15680,GPD,tail,21.39793168391183,0.090625,Puntarenas_OTROS_Hidrometereológico
-0.12871034437807358,0.9048063545444687,15681,GPD,tail,21.39793168391183,0.090625,Puntarenas_OTROS_Hidrometereológico
-0.12871034437807358,0.9048063545444687,15682,GPD,tail,21.39793168391183,0.090625,Puntarenas_OTROS_Hidrometereológico
-0.12871034437807358,0.9048063545444687,15683,GPD,tail,21.39793168391183,0.090625,Puntarenas_OTROS_Hidrometereológico
-0.12871034437807358,0.9048063545444687,15684,GPD,tail,21.39793168391183,0.090625,Puntarenas_OTROS_Hidrometereológico
-0.12871034437807358,0.9048063545444687,15685,GPD,tail,21.39793168391183,0.090625,Puntarenas_OTROS_Hidrometereológico
-0.12871034437807358,0.9048063545444687,15686,GPD,tail,21.39793168391183,0.090625,Puntarenas_OTROS_Hidrometereológico
-0.12871034437807358,0.9048063545444687,15687,GPD,tail,21.39793168391183,0.090625,Puntarenas_OTROS_Hidrometereológico
-0.12871034437807358,0.9048063545444687,15688,GPD,tail,21.39793168391183,0.090625,Puntarenas_OTROS_Hidrometereológico
-0.12871034437807358,0.9048063545444687,15689,GPD,tail,21.39793168391183,0.090625,Puntarenas_OTROS_Hidrometereológico
-0.12871034437807358,0.9048063545444687,15690,GPD,tail,21.39793168391183,0.090625,Puntarenas_OTROS_Hidrometereológico
-0.12871034437807358,0.9048063545444687,15691,GPD,tail,21.39793168391183,0.090625,Puntarenas_OTROS_Hidrometereológico
-0.12871034437807358,0.9048063545444687,15692,GPD,tail,21.39793168391183,0.090625,Puntarenas_OTROS_Hidrometereológico
-0.12871034437807358,0.9048063545444687,15693,GPD,tail,21.39793168391183,0.090625,Puntarenas_OTROS_Hidrometereológico
-0.12871034437807358,0.9048063545444687,15694,GPD,tail,21.39793168391183,0.090625,Puntarenas_OTROS_Hidrometereológico
-0.12871034437807358,0.9048063545444687,15695,GPD,tail,21.39793168391183,0.090625,Puntarenas_OTROS_Hidrometereológico
-0.12871034437807358,0.9048063545444687,15696,GPD,tail,21.39793168391183,0.090625,Puntarenas_OTROS_Hidrometereológico
-0.12871034437807358,0.9048063545444687,15697,GPD,tail,21.39793168391183,0.090625,Puntarenas_OTROS_Hidrometereológico
-0.12871034437807358,0.9048063545444687,15698,GPD,tail,21.39793168391183,0.090625,Puntarenas_OTROS_Hidrometereológico
-0.12871034437807358,0.9048063545444687,15699,GPD,tail,21.39793168391183,0.090625,Puntarenas_OTROS_Hidrometereológico
-0.12871034437807358,0.9048063545444687,15700,GPD,tail,21.39793168391183,0.090625,Puntarenas_OTROS_Hidrometereológico
-0.12871034437807358,0.9048063545444687,15701,GPD,tail,21.39793168391183,0.090625,Puntarenas_OTROS_Hidrometereológico
-0.12871034437807358,0.9048063545444687,15702,GPD,tail,21.39793168391183,0.090625,Puntarenas_OTROS_Hidrometereológico
-0.12871034437807358,0.9048063545444687,15703,GPD,tail,21.39793168391183,0.090625,Puntarenas_OTROS_Hidrometereológico
-0.12871034437807358,0.9048063545444687,15704,GPD,tail,21.39793168391183,0.090625,Puntarenas_OTROS_Hidrometereológico
-0.12871034437807358,0.9048063545444687,15705,GPD,tail,21.39793168391183,0.090625,Puntarenas_OTROS_Hidrometereológico
-0.1688575361622791,0.9807935503883984,15706,GPD,tail,21.39793168391183,0.090625,Puntarenas_OTROS_Hidrometereológico
-0.1688575361622791,0.9807935503883984,15707,GPD,tail,21.39793168391183,0.090625,Puntarenas_OTROS_Hidrometereológico
-0.1688575361622791,0.9807935503883984,15708,GPD,tail,21.39793168391183,0.090625,Puntarenas_OTROS_Hidrometereológico
-0.1688575361622791,0.9807935503883984,15709,GPD,tail,21.39793168391183,0.090625,Puntarenas_OTROS_Hidrometereológico
-0.1688575361622791,0.9807935503883984,15710,GPD,tail,21.39793168391183,0.090625,Puntarenas_OTROS_Hidrometereológico
-0.1688575361622791,0.9807935503883984,15711,GPD,tail,21.39793168391183,0.090625,Puntarenas_OTROS_Hidrometereológico
-0.1688575361622791,0.9807935503883984,15712,GPD,tail,21.39793168391183,0.090625,Puntarenas_OTROS_Hidrometereológico
-0.1688575361622791,0.9807935503883984,15713,GPD,tail,21.39793168391183,0.090625,Puntarenas_OTROS_Hidrometereológico
-0.1688575361622791,0.9807935503883984,15714,GPD,tail,21.39793168391183,0.090625,Puntarenas_OTROS_Hidrometereológico
-0.1688575361622791,0.9807935503883984,15715,GPD,tail,21.39793168391183,0.090625,Puntarenas_OTROS_Hidrometereológico
-0.1688575361622791,0.9807935503883984,15716,GPD,tail,21.39793168391183,0.090625,Puntarenas_OTROS_Hidrometereológico
-0.1688575361622791,0.9807935503883984,15717,GPD,tail,21.39793168391183,0.090625,Puntarenas_OTROS_Hidrometereológico
-0.1688575361622791,0.9807935503883984,15718,GPD,tail,21.39793168391183,0.090625,Puntarenas_OTROS_Hidrometereológico
-0.1688575361622791,0.9807935503883984,15719,GPD,tail,21.39793168391183,0.090625,Puntarenas_OTROS_Hidrometereológico
-0.1688575361622791,0.9807935503883984,15720,GPD,tail,21.39793168391183,0.090625,Puntarenas_OTROS_Hidrometereológico
-0.1688575361622791,0.9807935503883984,15721,GPD,tail,21.39793168391183,0.090625,Puntarenas_OTROS_Hidrometereológico
-0.1688575361622791,0.9807935503883984,15722,GPD,tail,21.39793168391183,0.090625,Puntarenas_OTROS_Hidrometereológico
-0.1688575361622791,0.9807935503883984,15723,GPD,tail,21.39793168391183,0.090625,Puntarenas_OTROS_Hidrometereológico
-0.1688575361622791,0.9807935503883984,15724,GPD,tail,21.39793168391183,0.090625,Puntarenas_OTROS_Hidrometereológico
-0.1688575361622791,0.9807935503883984,15725,GPD,tail,21.39793168391183,0.090625,Puntarenas_OTROS_Hidrometereológico
-0.1688575361622791,0.9807935503883984,15726,GPD,tail,21.39793168391183,0.090625,Puntarenas_OTROS_Hidrometereológico
-0.1688575361622791,0.9807935503883984,15727,GPD,tail,21.39793168391183,0.090625,Puntarenas_OTROS_Hidrometereológico
-0.1688575361622791,0.9807935503883984,15728,GPD,tail,21.39793168391183,0.090625,Puntarenas_OTROS_Hidrometereológico
-0.1688575361622791,0.9807935503883984,15729,GPD,tail,21.39793168391183,0.090625,Puntarenas_OTROS_Hidrometereológico
-0.1688575361622791,0.9807935503883984,15730,GPD,tail,21.39793168391183,0.090625,Puntarenas_OTROS_Hidrometereológico
-0.1688575361622791,0.9807935503883984,15731,GPD,tail,21.39793168391183,0.090625,Puntarenas_OTROS_Hidrometereológico
-0.1688575361622791,0.9807935503883984,15732,GPD,tail,21.39793168391183,0.090625,Puntarenas_OTROS_Hidrometereológico
-0.1688575361622791,0.9807935503883984,15733,GPD,tail,21.39793168391183,0.090625,Puntarenas_OTROS_Hidrometereológico
-0.1688575361622791,0.9807935503883984,15734,GPD,tail,21.39793168391183,0.090625,Puntarenas_OTROS_Hidrometereológico
-0.1688575361622791,0.9807935503883984,15735,GPD,tail,21.39793168391183,0.090625,Puntarenas_OTROS_Hidrometereológico
-0.1688575361622791,0.9807935503883984,15736,GPD,tail,21.39793168391183,0.090625,Puntarenas_OTROS_Hidrometereológico
-0.1688575361622791,0.9807935503883984,15737,GPD,tail,21.39793168391183,0.090625,Puntarenas_OTROS_Hidrometereológico
-0.1688575361622791,0.9807935503883984,15738,GPD,tail,21.39793168391183,0.090625,Puntarenas_OTROS_Hidrometereológico
-0.1688575361622791,0.9807935503883984,15739,GPD,tail,21.39793168391183,0.090625,Puntarenas_OTROS_Hidrometereológico
-0.1688575361622791,0.9807935503883984,15740,GPD,tail,21.39793168391183,0.090625,Puntarenas_OTROS_Hidrometereológico
-0.1688575361622791,0.9807935503883984,15741,GPD,tail,21.39793168391183,0.090625,Puntarenas_OTROS_Hidrometereológico
-0.1688575361622791,0.9807935503883984,15742,GPD,tail,21.39793168391183,0.090625,Puntarenas_OTROS_Hidrometereológico
-0.1688575361622791,0.9807935503883984,15743,GPD,tail,21.39793168391183,0.090625,Puntarenas_OTROS_Hidrometereológico
-0.1688575361622791,0.9807935503883984,15744,GPD,tail,21.39793168391183,0.090625,Puntarenas_OTROS_Hidrometereológico
-0.1688575361622791,0.9807935503883984,15745,GPD,tail,21.39793168391183,0.090625,Puntarenas_OTROS_Hidrometereológico
-0.1688575361622791,0.9807935503883984,15746,GPD,tail,21.39793168391183,0.090625,Puntarenas_OTROS_Hidrometereológico
-0.1688575361622791,0.9807935503883984,15747,GPD,tail,21.39793168391183,0.090625,Puntarenas_OTROS_Hidrometereológico
-0.1688575361622791,0.9807935503883984,15748,GPD,tail,21.39793168391183,0.090625,Puntarenas_OTROS_Hidrometereológico
-0.1688575361622791,0.9807935503883984,15749,GPD,tail,21.39793168391183,0.090625,Puntarenas_OTROS_Hidrometereológico
-0.1688575361622791,0.9807935503883984,15750,GPD,tail,21.39793168391183,0.090625,Puntarenas_OTROS_Hidrometereológico
-0.1688575361622791,0.9807935503883984,15751,GPD,tail,21.39793168391183,0.090625,Puntarenas_OTROS_Hidrometereológico
-0.1688575361622791,0.9807935503883984,15752,GPD,tail,21.39793168391183,0.090625,Puntarenas_OTROS_Hidrometereológico
-0.1688575361622791,0.9807935503883984,15753,GPD,tail,21.39793168391183,0.090625,Puntarenas_OTROS_Hidrometereológico
-0.1688575361622791,0.9807935503883984,15754,GPD,tail,21.39793168391183,0.090625,Puntarenas_OTROS_Hidrometereológico
-0.1688575361622791,0.9807935503883984,15755,GPD,tail,21.39793168391183,0.090625,Puntarenas_OTROS_Hidrometereológico
-0.1688575361622791,0.9807935503883984,15756,GPD,tail,21.39793168391183,0.090625,Puntarenas_OTROS_Hidrometereológico
-0.1688575361622791,0.9807935503883984,15757,GPD,tail,21.39793168391183,0.090625,Puntarenas_OTROS_Hidrometereológico
-0.1688575361622791,0.9807935503883984,15758,GPD,tail,21.39793168391183,0.090625,Puntarenas_OTROS_Hidrometereológico
-0.1688575361622791,0.9807935503883984,15759,GPD,tail,21.39793168391183,0.090625,Puntarenas_OTROS_Hidrometereológico
-0.1688575361622791,0.9807935503883984,15760,GPD,tail,21.39793168391183,0.090625,Puntarenas_OTROS_Hidrometereológico
-0.1688575361622791,0.9807935503883984,15761,GPD,tail,21.39793168391183,0.090625,Puntarenas_OTROS_Hidrometereológico
-0.1688575361622791,0.9807935503883984,15762,GPD,tail,21.39793168391183,0.090625,Puntarenas_OTROS_Hidrometereológico
-0.1688575361622791,0.9807935503883984,15763,GPD,tail,21.39793168391183,0.090625,Puntarenas_OTROS_Hidrometereológico
-0.1688575361622791,0.9807935503883984,15764,GPD,tail,21.39793168391183,0.090625,Puntarenas_OTROS_Hidrometereológico
-0.1688575361622791,0.9807935503883984,15765,GPD,tail,21.39793168391183,0.090625,Puntarenas_OTROS_Hidrometereológico
-0.1688575361622791,0.9807935503883984,15766,GPD,tail,21.39793168391183,0.090625,Puntarenas_OTROS_Hidrometereológico
-0.1688575361622791,0.9807935503883984,15767,GPD,tail,21.39793168391183,0.090625,Puntarenas_OTROS_Hidrometereológico
-0.1688575361622791,0.9807935503883984,15768,GPD,tail,21.39793168391183,0.090625,Puntarenas_OTROS_Hidrometereológico
-0.1688575361622791,0.9807935503883984,15769,GPD,tail,21.39793168391183,0.090625,Puntarenas_OTROS_Hidrometereológico
-0.1688575361622791,0.9807935503883984,15770,GPD,tail,21.39793168391183,0.090625,Puntarenas_OTROS_Hidrometereológico
-0.1688575361622791,0.9807935503883984,15771,GPD,tail,21.39793168391183,0.090625,Puntarenas_OTROS_Hidrometereológico
-0.1688575361622791,0.9807935503883984,15772,GPD,tail,21.39793168391183,0.090625,Puntarenas_OTROS_Hidrometereológico
-0.1688575361622791,0.9807935503883984,15773,GPD,tail,21.39793168391183,0.090625,Puntarenas_OTROS_Hidrometereológico
-0.13670027248783573,1.0149851726394232,15774,GPD,tail,21.39793168391183,0.090625,Puntarenas_OTROS_Hidrometereológico
-0.13670027248783573,1.0149851726394232,15775,GPD,tail,21.39793168391183,0.090625,Puntarenas_OTROS_Hidrometereológico
-0.13670027248783573,1.0149851726394232,15776,GPD,tail,21.39793168391183,0.090625,Puntarenas_OTROS_Hidrometereológico
-0.13670027248783573,1.0149851726394232,15777,GPD,tail,21.39793168391183,0.090625,Puntarenas_OTROS_Hidrometereológico
-0.13670027248783573,1.0149851726394232,15778,GPD,tail,21.39793168391183,0.090625,Puntarenas_OTROS_Hidrometereológico
-0.13670027248783573,1.0149851726394232,15779,GPD,tail,21.39793168391183,0.090625,Puntarenas_OTROS_Hidrometereológico
-0.13670027248783573,1.0149851726394232,15780,GPD,tail,21.39793168391183,0.090625,Puntarenas_OTROS_Hidrometereológico
-0.13670027248783573,1.0149851726394232,15781,GPD,tail,21.39793168391183,0.090625,Puntarenas_OTROS_Hidrometereológico
-0.13670027248783573,1.0149851726394232,15782,GPD,tail,21.39793168391183,0.090625,Puntarenas_OTROS_Hidrometereológico
-0.13670027248783573,1.0149851726394232,15783,GPD,tail,21.39793168391183,0.090625,Puntarenas_OTROS_Hidrometereológico
-0.13670027248783573,1.0149851726394232,15784,GPD,tail,21.39793168391183,0.090625,Puntarenas_OTROS_Hidrometereológico
-0.13670027248783573,1.0149851726394232,15785,GPD,tail,21.39793168391183,0.090625,Puntarenas_OTROS_Hidrometereológico
-0.13670027248783573,1.0149851726394232,15786,GPD,tail,21.39793168391183,0.090625,Puntarenas_OTROS_Hidrometereológico
-0.13670027248783573,1.0149851726394232,15787,GPD,tail,21.39793168391183,0.090625,Puntarenas_OTROS_Hidrometereológico
-0.03271809767641755,0.819524599250573,15788,GPD,tail,21.39793168391183,0.090625,Puntarenas_OTROS_Hidrometereológico
-0.03271809767641755,0.819524599250573,15789,GPD,tail,21.39793168391183,0.090625,Puntarenas_OTROS_Hidrometereológico
-0.03271809767641755,0.819524599250573,15790,GPD,tail,21.39793168391183,0.090625,Puntarenas_OTROS_Hidrometereológico
-0.03271809767641755,0.819524599250573,15791,GPD,tail,21.39793168391183,0.090625,Puntarenas_OTROS_Hidrometereológico
-0.03271809767641755,0.819524599250573,15792,GPD,tail,21.39793168391183,0.090625,Puntarenas_OTROS_Hidrometereológico
-0.03271809767641755,0.819524599250573,15793,GPD,tail,21.39793168391183,0.090625,Puntarenas_OTROS_Hidrometereológico
-0.03271809767641755,0.819524599250573,15794,GPD,tail,21.39793168391183,0.090625,Puntarenas_OTROS_Hidrometereológico
-0.03271809767641755,0.819524599250573,15795,GPD,tail,21.39793168391183,0.090625,Puntarenas_OTROS_Hidrometereológico
-0.03271809767641755,0.819524599250573,15796,GPD,tail,21.39793168391183,0.090625,Puntarenas_OTROS_Hidrometereológico
-0.03271809767641755,0.819524599250573,15797,GPD,tail,21.39793168391183,0.090625,Puntarenas_OTROS_Hidrometereológico
-0.03271809767641755,0.819524599250573,15798,GPD,tail,21.39793168391183,0.090625,Puntarenas_OTROS_Hidrometereológico
-0.03271809767641755,0.819524599250573,15799,GPD,tail,21.39793168391183,0.090625,Puntarenas_OTROS_Hidrometereológico
-0.03271809767641755,0.819524599250573,15800,GPD,tail,21.39793168391183,0.090625,Puntarenas_OTROS_Hidrometereológico
-0.03271809767641755,0.819524599250573,15801,GPD,tail,21.39793168391183,0.090625,Puntarenas_OTROS_Hidrometereológico
-0.03271809767641755,0.819524599250573,15802,GPD,tail,21.39793168391183,0.090625,Puntarenas_OTROS_Hidrometereológico
-0.03271809767641755,0.819524599250573,15803,GPD,tail,21.39793168391183,0.090625,Puntarenas_OTROS_Hidrometereológico
-0.03271809767641755,0.819524599250573,15804,GPD,tail,21.39793168391183,0.090625,Puntarenas_OTROS_Hidrometereológico
-0.03271809767641755,0.819524599250573,15805,GPD,tail,21.39793168391183,0.090625,Puntarenas_OTROS_Hidrometereológico
-0.03271809767641755,0.819524599250573,15806,GPD,tail,21.39793168391183,0.090625,Puntarenas_OTROS_Hidrometereológico
-0.03271809767641755,0.819524599250573,15807,GPD,tail,21.39793168391183,0.090625,Puntarenas_OTROS_Hidrometereológico
-0.03271809767641755,0.819524599250573,15808,GPD,tail,21.39793168391183,0.090625,Puntarenas_OTROS_Hidrometereológico
-0.03271809767641755,0.819524599250573,15809,GPD,tail,21.39793168391183,0.090625,Puntarenas_OTROS_Hidrometereológico
-0.03271809767641755,0.819524599250573,15810,GPD,tail,21.39793168391183,0.090625,Puntarenas_OTROS_Hidrometereológico
-0.03271809767641755,0.819524599250573,15811,GPD,tail,21.39793168391183,0.090625,Puntarenas_OTROS_Hidrometereológico
-0.03271809767641755,0.819524599250573,15812,GPD,tail,21.39793168391183,0.090625,Puntarenas_OTROS_Hidrometereológico
-0.03271809767641755,0.819524599250573,15813,GPD,tail,21.39793168391183,0.090625,Puntarenas_OTROS_Hidrometereológico
-0.03271809767641755,0.819524599250573,15814,GPD,tail,21.39793168391183,0.090625,Puntarenas_OTROS_Hidrometereológico
-0.03271809767641755,0.819524599250573,15815,GPD,tail,21.39793168391183,0.090625,Puntarenas_OTROS_Hidrometereológico
-0.03271809767641755,0.819524599250573,15816,GPD,tail,21.39793168391183,0.090625,Puntarenas_OTROS_Hidrometereológico
-0.03271809767641755,0.819524599250573,15817,GPD,tail,21.39793168391183,0.090625,Puntarenas_OTROS_Hidrometereológico
-0.03271809767641755,0.819524599250573,15818,GPD,tail,21.39793168391183,0.090625,Puntarenas_OTROS_Hidrometereológico
-0.03271809767641755,0.819524599250573,15819,GPD,tail,21.39793168391183,0.090625,Puntarenas_OTROS_Hidrometereológico
-0.03271809767641755,0.819524599250573,15820,GPD,tail,21.39793168391183,0.090625,Puntarenas_OTROS_Hidrometereológico
-0.03271809767641755,0.819524599250573,15821,GPD,tail,21.39793168391183,0.090625,Puntarenas_OTROS_Hidrometereológico
-0.03271809767641755,0.819524599250573,15822,GPD,tail,21.39793168391183,0.090625,Puntarenas_OTROS_Hidrometereológico
-0.03271809767641755,0.819524599250573,15823,GPD,tail,21.39793168391183,0.090625,Puntarenas_OTROS_Hidrometereológico
-0.03271809767641755,0.819524599250573,15824,GPD,tail,21.39793168391183,0.090625,Puntarenas_OTROS_Hidrometereológico
-0.03271809767641755,0.819524599250573,15825,GPD,tail,21.39793168391183,0.090625,Puntarenas_OTROS_Hidrometereológico
-0.03271809767641755,0.819524599250573,15826,GPD,tail,21.39793168391183,0.090625,Puntarenas_OTROS_Hidrometereológico
-0.03271809767641755,0.819524599250573,15827,GPD,tail,21.39793168391183,0.090625,Puntarenas_OTROS_Hidrometereológico
-0.03271809767641755,0.819524599250573,15828,GPD,tail,21.39793168391183,0.090625,Puntarenas_OTROS_Hidrometereológico
-0.03271809767641755,0.819524599250573,15829,GPD,tail,21.39793168391183,0.090625,Puntarenas_OTROS_Hidrometereológico
-0.03271809767641755,0.819524599250573,15830,GPD,tail,21.39793168391183,0.090625,Puntarenas_OTROS_Hidrometereológico
-0.03271809767641755,0.819524599250573,15831,GPD,tail,21.39793168391183,0.090625,Puntarenas_OTROS_Hidrometereológico
-0.03271809767641755,0.819524599250573,15832,GPD,tail,21.39793168391183,0.090625,Puntarenas_OTROS_Hidrometereológico
-0.03271809767641755,0.819524599250573,15833,GPD,tail,21.39793168391183,0.090625,Puntarenas_OTROS_Hidrometereológico
-0.03271809767641755,0.819524599250573,15834,GPD,tail,21.39793168391183,0.090625,Puntarenas_OTROS_Hidrometereológico
-0.03271809767641755,0.819524599250573,15835,GPD,tail,21.39793168391183,0.090625,Puntarenas_OTROS_Hidrometereológico
-0.03271809767641755,0.819524599250573,15836,GPD,tail,21.39793168391183,0.090625,Puntarenas_OTROS_Hidrometereológico
-0.03271809767641755,0.819524599250573,15837,GPD,tail,21.39793168391183,0.090625,Puntarenas_OTROS_Hidrometereológico
-0.03271809767641755,0.819524599250573,15838,GPD,tail,21.39793168391183,0.090625,Puntarenas_OTROS_Hidrometereológico
-0.03271809767641755,0.819524599250573,15839,GPD,tail,21.39793168391183,0.090625,Puntarenas_OTROS_Hidrometereológico
-0.03271809767641755,0.819524599250573,15840,GPD,tail,21.39793168391183,0.090625,Puntarenas_OTROS_Hidrometereológico
-0.03271809767641755,0.819524599250573,15841,GPD,tail,21.39793168391183,0.090625,Puntarenas_OTROS_Hidrometereológico
-0.03271809767641755,0.819524599250573,15842,GPD,tail,21.39793168391183,0.090625,Puntarenas_OTROS_Hidrometereológico
-0.03271809767641755,0.819524599250573,15843,GPD,tail,21.39793168391183,0.090625,Puntarenas_OTROS_Hidrometereológico
-0.03271809767641755,0.819524599250573,15844,GPD,tail,21.39793168391183,0.090625,Puntarenas_OTROS_Hidrometereológico
-0.03271809767641755,0.819524599250573,15845,GPD,tail,21.39793168391183,0.090625,Puntarenas_OTROS_Hidrometereológico
-0.03271809767641755,0.819524599250573,15846,GPD,tail,21.39793168391183,0.090625,Puntarenas_OTROS_Hidrometereológico
-0.03271809767641755,0.819524599250573,15847,GPD,tail,21.39793168391183,0.090625,Puntarenas_OTROS_Hidrometereológico
-0.03271809767641755,0.819524599250573,15848,GPD,tail,21.39793168391183,0.090625,Puntarenas_OTROS_Hidrometereológico
-0.03271809767641755,0.819524599250573,15849,GPD,tail,21.39793168391183,0.090625,Puntarenas_OTROS_Hidrometereológico
-0.03271809767641755,0.819524599250573,15850,GPD,tail,21.39793168391183,0.090625,Puntarenas_OTROS_Hidrometereológico
-0.03271809767641755,0.819524599250573,15851,GPD,tail,21.39793168391183,0.090625,Puntarenas_OTROS_Hidrometereológico
-0.03271809767641755,0.819524599250573,15852,GPD,tail,21.39793168391183,0.090625,Puntarenas_OTROS_Hidrometereológico
-0.03271809767641755,0.819524599250573,15853,GPD,tail,21.39793168391183,0.090625,Puntarenas_OTROS_Hidrometereológico
-0.03271809767641755,0.819524599250573,15854,GPD,tail,21.39793168391183,0.090625,Puntarenas_OTROS_Hidrometereológico
-0.03551331573130863,0.817331625451969,15855,GPD,tail,21.39793168391183,0.090625,Puntarenas_OTROS_Hidrometereológico
-0.03551331573130863,0.817331625451969,15856,GPD,tail,21.39793168391183,0.090625,Puntarenas_OTROS_Hidrometereológico
-0.03551331573130863,0.817331625451969,15857,GPD,tail,21.39793168391183,0.090625,Puntarenas_OTROS_Hidrometereológico
-0.03551331573130863,0.817331625451969,15858,GPD,tail,21.39793168391183,0.090625,Puntarenas_OTROS_Hidrometereológico
-0.03551331573130863,0.817331625451969,15859,GPD,tail,21.39793168391183,0.090625,Puntarenas_OTROS_Hidrometereológico
-0.03551331573130863,0.817331625451969,15860,GPD,tail,21.39793168391183,0.090625,Puntarenas_OTROS_Hidrometereológico
-0.03551331573130863,0.817331625451969,15861,GPD,tail,21.39793168391183,0.090625,Puntarenas_OTROS_Hidrometereológico
-0.03551331573130863,0.817331625451969,15862,GPD,tail,21.39793168391183,0.090625,Puntarenas_OTROS_Hidrometereológico
-0.03551331573130863,0.817331625451969,15863,GPD,tail,21.39793168391183,0.090625,Puntarenas_OTROS_Hidrometereológico
-0.03551331573130863,0.817331625451969,15864,GPD,tail,21.39793168391183,0.090625,Puntarenas_OTROS_Hidrometereológico
-0.03551331573130863,0.817331625451969,15865,GPD,tail,21.39793168391183,0.090625,Puntarenas_OTROS_Hidrometereológico
-0.03551331573130863,0.817331625451969,15866,GPD,tail,21.39793168391183,0.090625,Puntarenas_OTROS_Hidrometereológico
-0.03551331573130863,0.817331625451969,15867,GPD,tail,21.39793168391183,0.090625,Puntarenas_OTROS_Hidrometereológico
-0.03551331573130863,0.817331625451969,15868,GPD,tail,21.39793168391183,0.090625,Puntarenas_OTROS_Hidrometereológico
-0.03551331573130863,0.817331625451969,15869,GPD,tail,21.39793168391183,0.090625,Puntarenas_OTROS_Hidrometereológico
-0.03551331573130863,0.817331625451969,15870,GPD,tail,21.39793168391183,0.090625,Puntarenas_OTROS_Hidrometereológico
-0.03551331573130863,0.817331625451969,15871,GPD,tail,21.39793168391183,0.090625,Puntarenas_OTROS_Hidrometereológico
-0.03551331573130863,0.817331625451969,15872,GPD,tail,21.39793168391183,0.090625,Puntarenas_OTROS_Hidrometereológico
-0.03551331573130863,0.817331625451969,15873,GPD,tail,21.39793168391183,0.090625,Puntarenas_OTROS_Hidrometereológico
-0.03551331573130863,0.817331625451969,15874,GPD,tail,21.39793168391183,0.090625,Puntarenas_OTROS_Hidrometereológico
-0.03551331573130863,0.817331625451969,15875,GPD,tail,21.39793168391183,0.090625,Puntarenas_OTROS_Hidrometereológico
-0.08934236683960131,0.8327993067459649,15876,GPD,tail,21.39793168391183,0.090625,Puntarenas_OTROS_Hidrometereológico
-0.08934236683960131,0.8327993067459649,15877,GPD,tail,21.39793168391183,0.090625,Puntarenas_OTROS_Hidrometereológico
-0.08934236683960131,0.8327993067459649,15878,GPD,tail,21.39793168391183,0.090625,Puntarenas_OTROS_Hidrometereológico
-0.08934236683960131,0.8327993067459649,15879,GPD,tail,21.39793168391183,0.090625,Puntarenas_OTROS_Hidrometereológico
-0.08934236683960131,0.8327993067459649,15880,GPD,tail,21.39793168391183,0.090625,Puntarenas_OTROS_Hidrometereológico
-0.08934236683960131,0.8327993067459649,15881,GPD,tail,21.39793168391183,0.090625,Puntarenas_OTROS_Hidrometereológico
-0.08934236683960131,0.8327993067459649,15882,GPD,tail,21.39793168391183,0.090625,Puntarenas_OTROS_Hidrometereológico
-0.08934236683960131,0.8327993067459649,15883,GPD,tail,21.39793168391183,0.090625,Puntarenas_OTROS_Hidrometereológico
-0.08934236683960131,0.8327993067459649,15884,GPD,tail,21.39793168391183,0.090625,Puntarenas_OTROS_Hidrometereológico
-0.08934236683960131,0.8327993067459649,15885,GPD,tail,21.39793168391183,0.090625,Puntarenas_OTROS_Hidrometereológico
-0.08934236683960131,0.8327993067459649,15886,GPD,tail,21.39793168391183,0.090625,Puntarenas_OTROS_Hidrometereológico
-0.08934236683960131,0.8327993067459649,15887,GPD,tail,21.39793168391183,0.090625,Puntarenas_OTROS_Hidrometereológico
-0.08934236683960131,0.8327993067459649,15888,GPD,tail,21.39793168391183,0.090625,Puntarenas_OTROS_Hidrometereológico
-0.08934236683960131,0.8327993067459649,15889,GPD,tail,21.39793168391183,0.090625,Puntarenas_OTROS_Hidrometereológico
-0.08934236683960131,0.8327993067459649,15890,GPD,tail,21.39793168391183,0.090625,Puntarenas_OTROS_Hidrometereológico
-0.08934236683960131,0.8327993067459649,15891,GPD,tail,21.39793168391183,0.090625,Puntarenas_OTROS_Hidrometereológico
-0.08934236683960131,0.8327993067459649,15892,GPD,tail,21.39793168391183,0.090625,Puntarenas_OTROS_Hidrometereológico
-0.08934236683960131,0.8327993067459649,15893,GPD,tail,21.39793168391183,0.090625,Puntarenas_OTROS_Hidrometereológico
-0.08934236683960131,0.8327993067459649,15894,GPD,tail,21.39793168391183,0.090625,Puntarenas_OTROS_Hidrometereológico
-0.08934236683960131,0.8327993067459649,15895,GPD,tail,21.39793168391183,0.090625,Puntarenas_OTROS_Hidrometereológico
-0.08934236683960131,0.8327993067459649,15896,GPD,tail,21.39793168391183,0.090625,Puntarenas_OTROS_Hidrometereológico
-0.08934236683960131,0.8327993067459649,15897,GPD,tail,21.39793168391183,0.090625,Puntarenas_OTROS_Hidrometereológico
-0.08934236683960131,0.8327993067459649,15898,GPD,tail,21.39793168391183,0.090625,Puntarenas_OTROS_Hidrometereológico
-0.08934236683960131,0.8327993067459649,15899,GPD,tail,21.39793168391183,0.090625,Puntarenas_OTROS_Hidrometereológico
-0.08934236683960131,0.8327993067459649,15900,GPD,tail,21.39793168391183,0.090625,Puntarenas_OTROS_Hidrometereológico
-0.08934236683960131,0.8327993067459649,15901,GPD,tail,21.39793168391183,0.090625,Puntarenas_OTROS_Hidrometereológico
-0.08934236683960131,0.8327993067459649,15902,GPD,tail,21.39793168391183,0.090625,Puntarenas_OTROS_Hidrometereológico
-0.08934236683960131,0.8327993067459649,15903,GPD,tail,21.39793168391183,0.090625,Puntarenas_OTROS_Hidrometereológico
-0.030864966296588053,0.8827919672843908,15904,GPD,tail,21.39793168391183,0.090625,Puntarenas_OTROS_Hidrometereológico
-0.030864966296588053,0.8827919672843908,15905,GPD,tail,21.39793168391183,0.090625,Puntarenas_OTROS_Hidrometereológico
-0.030864966296588053,0.8827919672843908,15906,GPD,tail,21.39793168391183,0.090625,Puntarenas_OTROS_Hidrometereológico
-0.030864966296588053,0.8827919672843908,15907,GPD,tail,21.39793168391183,0.090625,Puntarenas_OTROS_Hidrometereológico
-0.030864966296588053,0.8827919672843908,15908,GPD,tail,21.39793168391183,0.090625,Puntarenas_OTROS_Hidrometereológico
-0.030864966296588053,0.8827919672843908,15909,GPD,tail,21.39793168391183,0.090625,Puntarenas_OTROS_Hidrometereológico
-0.030864966296588053,0.8827919672843908,15910,GPD,tail,21.39793168391183,0.090625,Puntarenas_OTROS_Hidrometereológico
-0.030864966296588053,0.8827919672843908,15911,GPD,tail,21.39793168391183,0.090625,Puntarenas_OTROS_Hidrometereológico
-0.030864966296588053,0.8827919672843908,15912,GPD,tail,21.39793168391183,0.090625,Puntarenas_OTROS_Hidrometereológico
-0.030864966296588053,0.8827919672843908,15913,GPD,tail,21.39793168391183,0.090625,Puntarenas_OTROS_Hidrometereológico
-0.030864966296588053,0.8827919672843908,15914,GPD,tail,21.39793168391183,0.090625,Puntarenas_OTROS_Hidrometereológico
-0.030864966296588053,0.8827919672843908,15915,GPD,tail,21.39793168391183,0.090625,Puntarenas_OTROS_Hidrometereológico
-0.030864966296588053,0.8827919672843908,15916,GPD,tail,21.39793168391183,0.090625,Puntarenas_OTROS_Hidrometereológico
-0.030864966296588053,0.8827919672843908,15917,GPD,tail,21.39793168391183,0.090625,Puntarenas_OTROS_Hidrometereológico
-0.030864966296588053,0.8827919672843908,15918,GPD,tail,21.39793168391183,0.090625,Puntarenas_OTROS_Hidrometereológico
-0.030864966296588053,0.8827919672843908,15919,GPD,tail,21.39793168391183,0.090625,Puntarenas_OTROS_Hidrometereológico
-0.030864966296588053,0.8827919672843908,15920,GPD,tail,21.39793168391183,0.090625,Puntarenas_OTROS_Hidrometereológico
-0.030864966296588053,0.8827919672843908,15921,GPD,tail,21.39793168391183,0.090625,Puntarenas_OTROS_Hidrometereológico
-0.030864966296588053,0.8827919672843908,15922,GPD,tail,21.39793168391183,0.090625,Puntarenas_OTROS_Hidrometereológico
-0.030864966296588053,0.8827919672843908,15923,GPD,tail,21.39793168391183,0.090625,Puntarenas_OTROS_Hidrometereológico
-0.030864966296588053,0.8827919672843908,15924,GPD,tail,21.39793168391183,0.090625,Puntarenas_OTROS_Hidrometereológico
-0.030864966296588053,0.8827919672843908,15925,GPD,tail,21.39793168391183,0.090625,Puntarenas_OTROS_Hidrometereológico
-0.030864966296588053,0.8827919672843908,15926,GPD,tail,21.39793168391183,0.090625,Puntarenas_OTROS_Hidrometereológico
-0.030864966296588053,0.8827919672843908,15927,GPD,tail,21.39793168391183,0.090625,Puntarenas_OTROS_Hidrometereológico
-0.030864966296588053,0.8827919672843908,15928,GPD,tail,21.39793168391183,0.090625,Puntarenas_OTROS_Hidrometereológico
-0.030864966296588053,0.8827919672843908,15929,GPD,tail,21.39793168391183,0.090625,Puntarenas_OTROS_Hidrometereológico
-0.030864966296588053,0.8827919672843908,15930,GPD,tail,21.39793168391183,0.090625,Puntarenas_OTROS_Hidrometereológico
-0.030864966296588053,0.8827919672843908,15931,GPD,tail,21.39793168391183,0.090625,Puntarenas_OTROS_Hidrometereológico
-0.030864966296588053,0.8827919672843908,15932,GPD,tail,21.39793168391183,0.090625,Puntarenas_OTROS_Hidrometereológico
-0.030864966296588053,0.8827919672843908,15933,GPD,tail,21.39793168391183,0.090625,Puntarenas_OTROS_Hidrometereológico
-0.030864966296588053,0.8827919672843908,15934,GPD,tail,21.39793168391183,0.090625,Puntarenas_OTROS_Hidrometereológico
-0.030864966296588053,0.8827919672843908,15935,GPD,tail,21.39793168391183,0.090625,Puntarenas_OTROS_Hidrometereológico
-0.044200612266007924,0.8031018345983594,15936,GPD,tail,21.39793168391183,0.090625,Puntarenas_OTROS_Hidrometereológico
-0.044200612266007924,0.8031018345983594,15937,GPD,tail,21.39793168391183,0.090625,Puntarenas_OTROS_Hidrometereológico
-0.044200612266007924,0.8031018345983594,15938,GPD,tail,21.39793168391183,0.090625,Puntarenas_OTROS_Hidrometereológico
-0.044200612266007924,0.8031018345983594,15939,GPD,tail,21.39793168391183,0.090625,Puntarenas_OTROS_Hidrometereológico
-0.044200612266007924,0.8031018345983594,15940,GPD,tail,21.39793168391183,0.090625,Puntarenas_OTROS_Hidrometereológico
-0.044200612266007924,0.8031018345983594,15941,GPD,tail,21.39793168391183,0.090625,Puntarenas_OTROS_Hidrometereológico
-0.044200612266007924,0.8031018345983594,15942,GPD,tail,21.39793168391183,0.090625,Puntarenas_OTROS_Hidrometereológico
-0.044200612266007924,0.8031018345983594,15943,GPD,tail,21.39793168391183,0.090625,Puntarenas_OTROS_Hidrometereológico
-0.044200612266007924,0.8031018345983594,15944,GPD,tail,21.39793168391183,0.090625,Puntarenas_OTROS_Hidrometereológico
-0.044200612266007924,0.8031018345983594,15945,GPD,tail,21.39793168391183,0.090625,Puntarenas_OTROS_Hidrometereológico
-0.044200612266007924,0.8031018345983594,15946,GPD,tail,21.39793168391183,0.090625,Puntarenas_OTROS_Hidrometereológico
-0.044200612266007924,0.8031018345983594,15947,GPD,tail,21.39793168391183,0.090625,Puntarenas_OTROS_Hidrometereológico
-0.044200612266007924,0.8031018345983594,15948,GPD,tail,21.39793168391183,0.090625,Puntarenas_OTROS_Hidrometereológico
-0.044200612266007924,0.8031018345983594,15949,GPD,tail,21.39793168391183,0.090625,Puntarenas_OTROS_Hidrometereológico
-0.044200612266007924,0.8031018345983594,15950,GPD,tail,21.39793168391183,0.090625,Puntarenas_OTROS_Hidrometereológico
-0.044200612266007924,0.8031018345983594,15951,GPD,tail,21.39793168391183,0.090625,Puntarenas_OTROS_Hidrometereológico
-0.044200612266007924,0.8031018345983594,15952,GPD,tail,21.39793168391183,0.090625,Puntarenas_OTROS_Hidrometereológico
-0.044200612266007924,0.8031018345983594,15953,GPD,tail,21.39793168391183,0.090625,Puntarenas_OTROS_Hidrometereológico
-0.044200612266007924,0.8031018345983594,15954,GPD,tail,21.39793168391183,0.090625,Puntarenas_OTROS_Hidrometereológico
-0.044200612266007924,0.8031018345983594,15955,GPD,tail,21.39793168391183,0.090625,Puntarenas_OTROS_Hidrometereológico
-0.044200612266007924,0.8031018345983594,15956,GPD,tail,21.39793168391183,0.090625,Puntarenas_OTROS_Hidrometereológico
-0.044200612266007924,0.8031018345983594,15957,GPD,tail,21.39793168391183,0.090625,Puntarenas_OTROS_Hidrometereológico
-0.044200612266007924,0.8031018345983594,15958,GPD,tail,21.39793168391183,0.090625,Puntarenas_OTROS_Hidrometereológico
-0.044200612266007924,0.8031018345983594,15959,GPD,tail,21.39793168391183,0.090625,Puntarenas_OTROS_Hidrometereológico
-0.044200612266007924,0.8031018345983594,15960,GPD,tail,21.39793168391183,0.090625,Puntarenas_OTROS_Hidrometereológico
-0.08420095006635303,0.8835406580981273,15961,GPD,tail,21.39793168391183,0.090625,Puntarenas_OTROS_Hidrometereológico
-0.08420095006635303,0.8835406580981273,15962,GPD,tail,21.39793168391183,0.090625,Puntarenas_OTROS_Hidrometereológico
-0.08420095006635303,0.8835406580981273,15963,GPD,tail,21.39793168391183,0.090625,Puntarenas_OTROS_Hidrometereológico
-0.08420095006635303,0.8835406580981273,15964,GPD,tail,21.39793168391183,0.090625,Puntarenas_OTROS_Hidrometereológico
-0.08420095006635303,0.8835406580981273,15965,GPD,tail,21.39793168391183,0.090625,Puntarenas_OTROS_Hidrometereológico
-0.08420095006635303,0.8835406580981273,15966,GPD,tail,21.39793168391183,0.090625,Puntarenas_OTROS_Hidrometereológico
-0.08420095006635303,0.8835406580981273,15967,GPD,tail,21.39793168391183,0.090625,Puntarenas_OTROS_Hidrometereológico
-0.08420095006635303,0.8835406580981273,15968,GPD,tail,21.39793168391183,0.090625,Puntarenas_OTROS_Hidrometereológico
-0.08420095006635303,0.8835406580981273,15969,GPD,tail,21.39793168391183,0.090625,Puntarenas_OTROS_Hidrometereológico
-0.08420095006635303,0.8835406580981273,15970,GPD,tail,21.39793168391183,0.090625,Puntarenas_OTROS_Hidrometereológico
-0.08420095006635303,0.8835406580981273,15971,GPD,tail,21.39793168391183,0.090625,Puntarenas_OTROS_Hidrometereológico
-0.08420095006635303,0.8835406580981273,15972,GPD,tail,21.39793168391183,0.090625,Puntarenas_OTROS_Hidrometereológico
-0.08420095006635303,0.8835406580981273,15973,GPD,tail,21.39793168391183,0.090625,Puntarenas_OTROS_Hidrometereológico
-0.08420095006635303,0.8835406580981273,15974,GPD,tail,21.39793168391183,0.090625,Puntarenas_OTROS_Hidrometereológico
-0.08420095006635303,0.8835406580981273,15975,GPD,tail,21.39793168391183,0.090625,Puntarenas_OTROS_Hidrometereológico
-0.08420095006635303,0.8835406580981273,15976,GPD,tail,21.39793168391183,0.090625,Puntarenas_OTROS_Hidrometereológico
-0.08420095006635303,0.8835406580981273,15977,GPD,tail,21.39793168391183,0.090625,Puntarenas_OTROS_Hidrometereológico
-0.08420095006635303,0.8835406580981273,15978,GPD,tail,21.39793168391183,0.090625,Puntarenas_OTROS_Hidrometereológico
-0.08420095006635303,0.8835406580981273,15979,GPD,tail,21.39793168391183,0.090625,Puntarenas_OTROS_Hidrometereológico
-0.08420095006635303,0.8835406580981273,15980,GPD,tail,21.39793168391183,0.090625,Puntarenas_OTROS_Hidrometereológico
-0.08420095006635303,0.8835406580981273,15981,GPD,tail,21.39793168391183,0.090625,Puntarenas_OTROS_Hidrometereológico
-0.08420095006635303,0.8835406580981273,15982,GPD,tail,21.39793168391183,0.090625,Puntarenas_OTROS_Hidrometereológico
-0.08420095006635303,0.8835406580981273,15983,GPD,tail,21.39793168391183,0.090625,Puntarenas_OTROS_Hidrometereológico
-0.08420095006635303,0.8835406580981273,15984,GPD,tail,21.39793168391183,0.090625,Puntarenas_OTROS_Hidrometereológico
-0.08420095006635303,0.8835406580981273,15985,GPD,tail,21.39793168391183,0.090625,Puntarenas_OTROS_Hidrometereológico
-0.08420095006635303,0.8835406580981273,15986,GPD,tail,21.39793168391183,0.090625,Puntarenas_OTROS_Hidrometereológico
-0.08420095006635303,0.8835406580981273,15987,GPD,tail,21.39793168391183,0.090625,Puntarenas_OTROS_Hidrometereológico
-0.08420095006635303,0.8835406580981273,15988,GPD,tail,21.39793168391183,0.090625,Puntarenas_OTROS_Hidrometereológico
-0.08420095006635303,0.8835406580981273,15989,GPD,tail,21.39793168391183,0.090625,Puntarenas_OTROS_Hidrometereológico
-0.08420095006635303,0.8835406580981273,15990,GPD,tail,21.39793168391183,0.090625,Puntarenas_OTROS_Hidrometereológico
-0.08420095006635303,0.8835406580981273,15991,GPD,tail,21.39793168391183,0.090625,Puntarenas_OTROS_Hidrometereológico
-0.08420095006635303,0.8835406580981273,15992,GPD,tail,21.39793168391183,0.090625,Puntarenas_OTROS_Hidrometereológico
-0.08420095006635303,0.8835406580981273,15993,GPD,tail,21.39793168391183,0.090625,Puntarenas_OTROS_Hidrometereológico
-0.08420095006635303,0.8835406580981273,15994,GPD,tail,21.39793168391183,0.090625,Puntarenas_OTROS_Hidrometereológico
-0.08420095006635303,0.8835406580981273,15995,GPD,tail,21.39793168391183,0.090625,Puntarenas_OTROS_Hidrometereológico
-0.08420095006635303,0.8835406580981273,15996,GPD,tail,21.39793168391183,0.090625,Puntarenas_OTROS_Hidrometereológico
-0.08420095006635303,0.8835406580981273,15997,GPD,tail,21.39793168391183,0.090625,Puntarenas_OTROS_Hidrometereológico
-0.08420095006635303,0.8835406580981273,15998,GPD,tail,21.39793168391183,0.090625,Puntarenas_OTROS_Hidrometereológico
-0.08420095006635303,0.8835406580981273,15999,GPD,tail,21.39793168391183,0.090625,Puntarenas_OTROS_Hidrometereológico
-0.08420095006635303,0.8835406580981273,16000,GPD,tail,21.39793168391183,0.090625,Puntarenas_OTROS_Hidrometereológico
-0.08420095006635303,0.8835406580981273,16001,GPD,tail,21.39793168391183,0.090625,Puntarenas_OTROS_Hidrometereológico
-0.08420095006635303,0.8835406580981273,16002,GPD,tail,21.39793168391183,0.090625,Puntarenas_OTROS_Hidrometereológico
-0.08420095006635303,0.8835406580981273,16003,GPD,tail,21.39793168391183,0.090625,Puntarenas_OTROS_Hidrometereológico
-0.08420095006635303,0.8835406580981273,16004,GPD,tail,21.39793168391183,0.090625,Puntarenas_OTROS_Hidrometereológico
-0.08420095006635303,0.8835406580981273,16005,GPD,tail,21.39793168391183,0.090625,Puntarenas_OTROS_Hidrometereológico
-0.08420095006635303,0.8835406580981273,16006,GPD,tail,21.39793168391183,0.090625,Puntarenas_OTROS_Hidrometereológico
-0.08420095006635303,0.8835406580981273,16007,GPD,tail,21.39793168391183,0.090625,Puntarenas_OTROS_Hidrometereológico
-0.08420095006635303,0.8835406580981273,16008,GPD,tail,21.39793168391183,0.090625,Puntarenas_OTROS_Hidrometereológico
-0.08420095006635303,0.8835406580981273,16009,GPD,tail,21.39793168391183,0.090625,Puntarenas_OTROS_Hidrometereológico
-0.08420095006635303,0.8835406580981273,16010,GPD,tail,21.39793168391183,0.090625,Puntarenas_OTROS_Hidrometereológico
-0.08420095006635303,0.8835406580981273,16011,GPD,tail,21.39793168391183,0.090625,Puntarenas_OTROS_Hidrometereológico
-0.08420095006635303,0.8835406580981273,16012,GPD,tail,21.39793168391183,0.090625,Puntarenas_OTROS_Hidrometereológico
-0.02833005215143479,0.815354001951193,16013,GPD,tail,21.39793168391183,0.090625,Puntarenas_OTROS_Hidrometereológico
-0.02833005215143479,0.815354001951193,16014,GPD,tail,21.39793168391183,0.090625,Puntarenas_OTROS_Hidrometereológico
-0.02833005215143479,0.815354001951193,16015,GPD,tail,21.39793168391183,0.090625,Puntarenas_OTROS_Hidrometereológico
-0.02833005215143479,0.815354001951193,16016,GPD,tail,21.39793168391183,0.090625,Puntarenas_OTROS_Hidrometereológico
-0.02833005215143479,0.815354001951193,16017,GPD,tail,21.39793168391183,0.090625,Puntarenas_OTROS_Hidrometereológico
-0.02833005215143479,0.815354001951193,16018,GPD,tail,21.39793168391183,0.090625,Puntarenas_OTROS_Hidrometereológico
-0.02833005215143479,0.815354001951193,16019,GPD,tail,21.39793168391183,0.090625,Puntarenas_OTROS_Hidrometereológico
-0.02833005215143479,0.815354001951193,16020,GPD,tail,21.39793168391183,0.090625,Puntarenas_OTROS_Hidrometereológico
-0.02833005215143479,0.815354001951193,16021,GPD,tail,21.39793168391183,0.090625,Puntarenas_OTROS_Hidrometereológico
-0.02833005215143479,0.815354001951193,16022,GPD,tail,21.39793168391183,0.090625,Puntarenas_OTROS_Hidrometereológico
-0.02833005215143479,0.815354001951193,16023,GPD,tail,21.39793168391183,0.090625,Puntarenas_OTROS_Hidrometereológico
-0.02833005215143479,0.815354001951193,16024,GPD,tail,21.39793168391183,0.090625,Puntarenas_OTROS_Hidrometereológico
-0.02833005215143479,0.815354001951193,16025,GPD,tail,21.39793168391183,0.090625,Puntarenas_OTROS_Hidrometereológico
-0.02833005215143479,0.815354001951193,16026,GPD,tail,21.39793168391183,0.090625,Puntarenas_OTROS_Hidrometereológico
-0.02833005215143479,0.815354001951193,16027,GPD,tail,21.39793168391183,0.090625,Puntarenas_OTROS_Hidrometereológico
-0.02833005215143479,0.815354001951193,16028,GPD,tail,21.39793168391183,0.090625,Puntarenas_OTROS_Hidrometereológico
-0.02833005215143479,0.815354001951193,16029,GPD,tail,21.39793168391183,0.090625,Puntarenas_OTROS_Hidrometereológico
-0.02833005215143479,0.815354001951193,16030,GPD,tail,21.39793168391183,0.090625,Puntarenas_OTROS_Hidrometereológico
-0.02833005215143479,0.815354001951193,16031,GPD,tail,21.39793168391183,0.090625,Puntarenas_OTROS_Hidrometereológico
-0.02833005215143479,0.815354001951193,16032,GPD,tail,21.39793168391183,0.090625,Puntarenas_OTROS_Hidrometereológico
-0.02833005215143479,0.815354001951193,16033,GPD,tail,21.39793168391183,0.090625,Puntarenas_OTROS_Hidrometereológico
-0.02833005215143479,0.815354001951193,16034,GPD,tail,21.39793168391183,0.090625,Puntarenas_OTROS_Hidrometereológico
-0.02833005215143479,0.815354001951193,16035,GPD,tail,21.39793168391183,0.090625,Puntarenas_OTROS_Hidrometereológico
-0.02833005215143479,0.815354001951193,16036,GPD,tail,21.39793168391183,0.090625,Puntarenas_OTROS_Hidrometereológico
-0.02833005215143479,0.815354001951193,16037,GPD,tail,21.39793168391183,0.090625,Puntarenas_OTROS_Hidrometereológico
-0.02833005215143479,0.815354001951193,16038,GPD,tail,21.39793168391183,0.090625,Puntarenas_OTROS_Hidrometereológico
-0.02833005215143479,0.815354001951193,16039,GPD,tail,21.39793168391183,0.090625,Puntarenas_OTROS_Hidrometereológico
-0.02833005215143479,0.815354001951193,16040,GPD,tail,21.39793168391183,0.090625,Puntarenas_OTROS_Hidrometereológico
-0.02833005215143479,0.815354001951193,16041,GPD,tail,21.39793168391183,0.090625,Puntarenas_OTROS_Hidrometereológico
-0.02833005215143479,0.815354001951193,16042,GPD,tail,21.39793168391183,0.090625,Puntarenas_OTROS_Hidrometereológico
-0.02833005215143479,0.815354001951193,16043,GPD,tail,21.39793168391183,0.090625,Puntarenas_OTROS_Hidrometereológico
-0.02833005215143479,0.815354001951193,16044,GPD,tail,21.39793168391183,0.090625,Puntarenas_OTROS_Hidrometereológico
-0.02833005215143479,0.815354001951193,16045,GPD,tail,21.39793168391183,0.090625,Puntarenas_OTROS_Hidrometereológico
-0.02833005215143479,0.815354001951193,16046,GPD,tail,21.39793168391183,0.090625,Puntarenas_OTROS_Hidrometereológico
-0.02833005215143479,0.815354001951193,16047,GPD,tail,21.39793168391183,0.090625,Puntarenas_OTROS_Hidrometereológico
-0.02833005215143479,0.815354001951193,16048,GPD,tail,21.39793168391183,0.090625,Puntarenas_OTROS_Hidrometereológico
-0.02833005215143479,0.815354001951193,16049,GPD,tail,21.39793168391183,0.090625,Puntarenas_OTROS_Hidrometereológico
-0.02833005215143479,0.815354001951193,16050,GPD,tail,21.39793168391183,0.090625,Puntarenas_OTROS_Hidrometereológico
-0.10217135019605011,0.988730679434368,16051,GPD,tail,21.39793168391183,0.090625,Puntarenas_OTROS_Hidrometereológico
-0.10217135019605011,0.988730679434368,16052,GPD,tail,21.39793168391183,0.090625,Puntarenas_OTROS_Hidrometereológico
-0.10217135019605011,0.988730679434368,16053,GPD,tail,21.39793168391183,0.090625,Puntarenas_OTROS_Hidrometereológico
-0.10217135019605011,0.988730679434368,16054,GPD,tail,21.39793168391183,0.090625,Puntarenas_OTROS_Hidrometereológico
-0.10217135019605011,0.988730679434368,16055,GPD,tail,21.39793168391183,0.090625,Puntarenas_OTROS_Hidrometereológico
-0.17319607145824154,1.0032203462105291,16056,GPD,tail,21.39793168391183,0.090625,Puntarenas_OTROS_Hidrometereológico
-0.17319607145824154,1.0032203462105291,16057,GPD,tail,21.39793168391183,0.090625,Puntarenas_OTROS_Hidrometereológico
-0.17319607145824154,1.0032203462105291,16058,GPD,tail,21.39793168391183,0.090625,Puntarenas_OTROS_Hidrometereológico
-0.17319607145824154,1.0032203462105291,16059,GPD,tail,21.39793168391183,0.090625,Puntarenas_OTROS_Hidrometereológico
-0.17319607145824154,1.0032203462105291,16060,GPD,tail,21.39793168391183,0.090625,Puntarenas_OTROS_Hidrometereológico
-0.17319607145824154,1.0032203462105291,16061,GPD,tail,21.39793168391183,0.090625,Puntarenas_OTROS_Hidrometereológico
-0.17319607145824154,1.0032203462105291,16062,GPD,tail,21.39793168391183,0.090625,Puntarenas_OTROS_Hidrometereológico
-0.17319607145824154,1.0032203462105291,16063,GPD,tail,21.39793168391183,0.090625,Puntarenas_OTROS_Hidrometereológico
-0.17319607145824154,1.0032203462105291,16064,GPD,tail,21.39793168391183,0.090625,Puntarenas_OTROS_Hidrometereológico
-0.17319607145824154,1.0032203462105291,16065,GPD,tail,21.39793168391183,0.090625,Puntarenas_OTROS_Hidrometereológico
-0.17319607145824154,1.0032203462105291,16066,GPD,tail,21.39793168391183,0.090625,Puntarenas_OTROS_Hidrometereológico
-0.16925106268151371,0.922189067723617,16067,GPD,tail,21.39793168391183,0.090625,Puntarenas_OTROS_Hidrometereológico
-0.16925106268151371,0.922189067723617,16068,GPD,tail,21.39793168391183,0.090625,Puntarenas_OTROS_Hidrometereológico
-0.16925106268151371,0.922189067723617,16069,GPD,tail,21.39793168391183,0.090625,Puntarenas_OTROS_Hidrometereológico
-0.16925106268151371,0.922189067723617,16070,GPD,tail,21.39793168391183,0.090625,Puntarenas_OTROS_Hidrometereológico
-0.16925106268151371,0.922189067723617,16071,GPD,tail,21.39793168391183,0.090625,Puntarenas_OTROS_Hidrometereológico
-0.16925106268151371,0.922189067723617,16072,GPD,tail,21.39793168391183,0.090625,Puntarenas_OTROS_Hidrometereológico
-0.16925106268151371,0.922189067723617,16073,GPD,tail,21.39793168391183,0.090625,Puntarenas_OTROS_Hidrometereológico
-0.16925106268151371,0.922189067723617,16074,GPD,tail,21.39793168391183,0.090625,Puntarenas_OTROS_Hidrometereológico
-0.16925106268151371,0.922189067723617,16075,GPD,tail,21.39793168391183,0.090625,Puntarenas_OTROS_Hidrometereológico
-0.16925106268151371,0.922189067723617,16076,GPD,tail,21.39793168391183,0.090625,Puntarenas_OTROS_Hidrometereológico
-0.16925106268151371,0.922189067723617,16077,GPD,tail,21.39793168391183,0.090625,Puntarenas_OTROS_Hidrometereológico
-0.16925106268151371,0.922189067723617,16078,GPD,tail,21.39793168391183,0.090625,Puntarenas_OTROS_Hidrometereológico
-0.09172972665180408,0.9233510893288002,16079,GPD,tail,21.39793168391183,0.090625,Puntarenas_OTROS_Hidrometereológico
-0.09172972665180408,0.9233510893288002,16080,GPD,tail,21.39793168391183,0.090625,Puntarenas_OTROS_Hidrometereológico
-0.09172972665180408,0.9233510893288002,16081,GPD,tail,21.39793168391183,0.090625,Puntarenas_OTROS_Hidrometereológico
-0.09172972665180408,0.9233510893288002,16082,GPD,tail,21.39793168391183,0.090625,Puntarenas_OTROS_Hidrometereológico
-0.09172972665180408,0.9233510893288002,16083,GPD,tail,21.39793168391183,0.090625,Puntarenas_OTROS_Hidrometereológico
-0.09172972665180408,0.9233510893288002,16084,GPD,tail,21.39793168391183,0.090625,Puntarenas_OTROS_Hidrometereológico
-0.09172972665180408,0.9233510893288002,16085,GPD,tail,21.39793168391183,0.090625,Puntarenas_OTROS_Hidrometereológico
-0.09172972665180408,0.9233510893288002,16086,GPD,tail,21.39793168391183,0.090625,Puntarenas_OTROS_Hidrometereológico
-0.09172972665180408,0.9233510893288002,16087,GPD,tail,21.39793168391183,0.090625,Puntarenas_OTROS_Hidrometereológico
-0.09172972665180408,0.9233510893288002,16088,GPD,tail,21.39793168391183,0.090625,Puntarenas_OTROS_Hidrometereológico
-0.09172972665180408,0.9233510893288002,16089,GPD,tail,21.39793168391183,0.090625,Puntarenas_OTROS_Hidrometereológico
-0.09172972665180408,0.9233510893288002,16090,GPD,tail,21.39793168391183,0.090625,Puntarenas_OTROS_Hidrometereológico
-0.09172972665180408,0.9233510893288002,16091,GPD,tail,21.39793168391183,0.090625,Puntarenas_OTROS_Hidrometereológico
-0.09172972665180408,0.9233510893288002,16092,GPD,tail,21.39793168391183,0.090625,Puntarenas_OTROS_Hidrometereológico
-0.09172972665180408,0.9233510893288002,16093,GPD,tail,21.39793168391183,0.090625,Puntarenas_OTROS_Hidrometereológico
-0.09172972665180408,0.9233510893288002,16094,GPD,tail,21.39793168391183,0.090625,Puntarenas_OTROS_Hidrometereológico
-0.09172972665180408,0.9233510893288002,16095,GPD,tail,21.39793168391183,0.090625,Puntarenas_OTROS_Hidrometereológico
-0.09172972665180408,0.9233510893288002,16096,GPD,tail,21.39793168391183,0.090625,Puntarenas_OTROS_Hidrometereológico
-0.09172972665180408,0.9233510893288002,16097,GPD,tail,21.39793168391183,0.090625,Puntarenas_OTROS_Hidrometereológico
-0.09172972665180408,0.9233510893288002,16098,GPD,tail,21.39793168391183,0.090625,Puntarenas_OTROS_Hidrometereológico
-0.09172972665180408,0.9233510893288002,16099,GPD,tail,21.39793168391183,0.090625,Puntarenas_OTROS_Hidrometereológico
-0.09172972665180408,0.9233510893288002,16100,GPD,tail,21.39793168391183,0.090625,Puntarenas_OTROS_Hidrometereológico
-0.09172972665180408,0.9233510893288002,16101,GPD,tail,21.39793168391183,0.090625,Puntarenas_OTROS_Hidrometereológico
-0.09172972665180408,0.9233510893288002,16102,GPD,tail,21.39793168391183,0.090625,Puntarenas_OTROS_Hidrometereológico
-0.030743443220627505,0.9250782326531014,16103,GPD,tail,21.39793168391183,0.090625,Puntarenas_OTROS_Hidrometereológico
-0.030743443220627505,0.9250782326531014,16104,GPD,tail,21.39793168391183,0.090625,Puntarenas_OTROS_Hidrometereológico
-0.030743443220627505,0.9250782326531014,16105,GPD,tail,21.39793168391183,0.090625,Puntarenas_OTROS_Hidrometereológico
-0.030743443220627505,0.9250782326531014,16106,GPD,tail,21.39793168391183,0.090625,Puntarenas_OTROS_Hidrometereológico
-0.07178451144090287,0.8365849264616504,16107,GPD,tail,21.39793168391183,0.090625,Puntarenas_OTROS_Hidrometereológico
-0.07178451144090287,0.8365849264616504,16108,GPD,tail,21.39793168391183,0.090625,Puntarenas_OTROS_Hidrometereológico
-0.07178451144090287,0.8365849264616504,16109,GPD,tail,21.39793168391183,0.090625,Puntarenas_OTROS_Hidrometereológico
-0.07178451144090287,0.8365849264616504,16110,GPD,tail,21.39793168391183,0.090625,Puntarenas_OTROS_Hidrometereológico
-0.07178451144090287,0.8365849264616504,16111,GPD,tail,21.39793168391183,0.090625,Puntarenas_OTROS_Hidrometereológico
-0.07178451144090287,0.8365849264616504,16112,GPD,tail,21.39793168391183,0.090625,Puntarenas_OTROS_Hidrometereológico
-0.07178451144090287,0.8365849264616504,16113,GPD,tail,21.39793168391183,0.090625,Puntarenas_OTROS_Hidrometereológico
-0.07178451144090287,0.8365849264616504,16114,GPD,tail,21.39793168391183,0.090625,Puntarenas_OTROS_Hidrometereológico
-0.07178451144090287,0.8365849264616504,16115,GPD,tail,21.39793168391183,0.090625,Puntarenas_OTROS_Hidrometereológico
-0.07178451144090287,0.8365849264616504,16116,GPD,tail,21.39793168391183,0.090625,Puntarenas_OTROS_Hidrometereológico
-0.07178451144090287,0.8365849264616504,16117,GPD,tail,21.39793168391183,0.090625,Puntarenas_OTROS_Hidrometereológico
-0.07178451144090287,0.8365849264616504,16118,GPD,tail,21.39793168391183,0.090625,Puntarenas_OTROS_Hidrometereológico
-0.07178451144090287,0.8365849264616504,16119,GPD,tail,21.39793168391183,0.090625,Puntarenas_OTROS_Hidrometereológico
-0.07178451144090287,0.8365849264616504,16120,GPD,tail,21.39793168391183,0.090625,Puntarenas_OTROS_Hidrometereológico
-0.07178451144090287,0.8365849264616504,16121,GPD,tail,21.39793168391183,0.090625,Puntarenas_OTROS_Hidrometereológico
-0.07178451144090287,0.8365849264616504,16122,GPD,tail,21.39793168391183,0.090625,Puntarenas_OTROS_Hidrometereológico
-0.07178451144090287,0.8365849264616504,16123,GPD,tail,21.39793168391183,0.090625,Puntarenas_OTROS_Hidrometereológico
-0.07178451144090287,0.8365849264616504,16124,GPD,tail,21.39793168391183,0.090625,Puntarenas_OTROS_Hidrometereológico
-0.07178451144090287,0.8365849264616504,16125,GPD,tail,21.39793168391183,0.090625,Puntarenas_OTROS_Hidrometereológico
-0.07178451144090287,0.8365849264616504,16126,GPD,tail,21.39793168391183,0.090625,Puntarenas_OTROS_Hidrometereológico
-0.07178451144090287,0.8365849264616504,16127,GPD,tail,21.39793168391183,0.090625,Puntarenas_OTROS_Hidrometereológico
-0.07178451144090287,0.8365849264616504,16128,GPD,tail,21.39793168391183,0.090625,Puntarenas_OTROS_Hidrometereológico
-0.07178451144090287,0.8365849264616504,16129,GPD,tail,21.39793168391183,0.090625,Puntarenas_OTROS_Hidrometereológico
-0.07178451144090287,0.8365849264616504,16130,GPD,tail,21.39793168391183,0.090625,Puntarenas_OTROS_Hidrometereológico
-0.07178451144090287,0.8365849264616504,16131,GPD,tail,21.39793168391183,0.090625,Puntarenas_OTROS_Hidrometereológico
-0.07178451144090287,0.8365849264616504,16132,GPD,tail,21.39793168391183,0.090625,Puntarenas_OTROS_Hidrometereológico
-0.07178451144090287,0.8365849264616504,16133,GPD,tail,21.39793168391183,0.090625,Puntarenas_OTROS_Hidrometereológico
-0.07178451144090287,0.8365849264616504,16134,GPD,tail,21.39793168391183,0.090625,Puntarenas_OTROS_Hidrometereológico
-0.07178451144090287,0.8365849264616504,16135,GPD,tail,21.39793168391183,0.090625,Puntarenas_OTROS_Hidrometereológico
-0.07178451144090287,0.8365849264616504,16136,GPD,tail,21.39793168391183,0.090625,Puntarenas_OTROS_Hidrometereológico
-0.12869025118695995,0.9595924598232238,16137,GPD,tail,21.39793168391183,0.090625,Puntarenas_OTROS_Hidrometereológico
-0.12869025118695995,0.9595924598232238,16138,GPD,tail,21.39793168391183,0.090625,Puntarenas_OTROS_Hidrometereológico
-0.12869025118695995,0.9595924598232238,16139,GPD,tail,21.39793168391183,0.090625,Puntarenas_OTROS_Hidrometereológico
-0.12869025118695995,0.9595924598232238,16140,GPD,tail,21.39793168391183,0.090625,Puntarenas_OTROS_Hidrometereológico
-0.12869025118695995,0.9595924598232238,16141,GPD,tail,21.39793168391183,0.090625,Puntarenas_OTROS_Hidrometereológico
-0.12869025118695995,0.9595924598232238,16142,GPD,tail,21.39793168391183,0.090625,Puntarenas_OTROS_Hidrometereológico
-0.12869025118695995,0.9595924598232238,16143,GPD,tail,21.39793168391183,0.090625,Puntarenas_OTROS_Hidrometereológico
-0.12869025118695995,0.9595924598232238,16144,GPD,tail,21.39793168391183,0.090625,Puntarenas_OTROS_Hidrometereológico
-0.12869025118695995,0.9595924598232238,16145,GPD,tail,21.39793168391183,0.090625,Puntarenas_OTROS_Hidrometereológico
-0.12869025118695995,0.9595924598232238,16146,GPD,tail,21.39793168391183,0.090625,Puntarenas_OTROS_Hidrometereológico
-0.12869025118695995,0.9595924598232238,16147,GPD,tail,21.39793168391183,0.090625,Puntarenas_OTROS_Hidrometereológico
-0.12869025118695995,0.9595924598232238,16148,GPD,tail,21.39793168391183,0.090625,Puntarenas_OTROS_Hidrometereológico
-0.12869025118695995,0.9595924598232238,16149,GPD,tail,21.39793168391183,0.090625,Puntarenas_OTROS_Hidrometereológico
-0.12869025118695995,0.9595924598232238,16150,GPD,tail,21.39793168391183,0.090625,Puntarenas_OTROS_Hidrometereológico
-0.12869025118695995,0.9595924598232238,16151,GPD,tail,21.39793168391183,0.090625,Puntarenas_OTROS_Hidrometereológico
-0.12869025118695995,0.9595924598232238,16152,GPD,tail,21.39793168391183,0.090625,Puntarenas_OTROS_Hidrometereológico
-0.12869025118695995,0.9595924598232238,16153,GPD,tail,21.39793168391183,0.090625,Puntarenas_OTROS_Hidrometereológico
-0.12869025118695995,0.9595924598232238,16154,GPD,tail,21.39793168391183,0.090625,Puntarenas_OTROS_Hidrometereológico
-0.12869025118695995,0.9595924598232238,16155,GPD,tail,21.39793168391183,0.090625,Puntarenas_OTROS_Hidrometereológico
-0.12869025118695995,0.9595924598232238,16156,GPD,tail,21.39793168391183,0.090625,Puntarenas_OTROS_Hidrometereológico
-0.12869025118695995,0.9595924598232238,16157,GPD,tail,21.39793168391183,0.090625,Puntarenas_OTROS_Hidrometereológico
-0.12869025118695995,0.9595924598232238,16158,GPD,tail,21.39793168391183,0.090625,Puntarenas_OTROS_Hidrometereológico
-0.07683987912073656,0.8895965857755844,16159,GPD,tail,21.39793168391183,0.090625,Puntarenas_OTROS_Hidrometereológico
-0.07683987912073656,0.8895965857755844,16160,GPD,tail,21.39793168391183,0.090625,Puntarenas_OTROS_Hidrometereológico
-0.07683987912073656,0.8895965857755844,16161,GPD,tail,21.39793168391183,0.090625,Puntarenas_OTROS_Hidrometereológico
-0.07683987912073656,0.8895965857755844,16162,GPD,tail,21.39793168391183,0.090625,Puntarenas_OTROS_Hidrometereológico
-0.07683987912073656,0.8895965857755844,16163,GPD,tail,21.39793168391183,0.090625,Puntarenas_OTROS_Hidrometereológico
-0.07683987912073656,0.8895965857755844,16164,GPD,tail,21.39793168391183,0.090625,Puntarenas_OTROS_Hidrometereológico
-0.07683987912073656,0.8895965857755844,16165,GPD,tail,21.39793168391183,0.090625,Puntarenas_OTROS_Hidrometereológico
-0.07683987912073656,0.8895965857755844,16166,GPD,tail,21.39793168391183,0.090625,Puntarenas_OTROS_Hidrometereológico
0.06337628392025704,0.8249095650758426,16167,GPD,tail,21.39793168391183,0.090625,Puntarenas_OTROS_Hidrometereológico
0.06337628392025704,0.8249095650758426,16168,GPD,tail,21.39793168391183,0.090625,Puntarenas_OTROS_Hidrometereológico
0.06337628392025704,0.8249095650758426,16169,GPD,tail,21.39793168391183,0.090625,Puntarenas_OTROS_Hidrometereológico
0.06337628392025704,0.8249095650758426,16170,GPD,tail,21.39793168391183,0.090625,Puntarenas_OTROS_Hidrometereológico
0.06337628392025704,0.8249095650758426,16171,GPD,tail,21.39793168391183,0.090625,Puntarenas_OTROS_Hidrometereológico
-0.11241796958902348,0.9252115243071918,16172,GPD,tail,21.39793168391183,0.090625,Puntarenas_OTROS_Hidrometereológico
-0.11241796958902348,0.9252115243071918,16173,GPD,tail,21.39793168391183,0.090625,Puntarenas_OTROS_Hidrometereológico
-0.11241796958902348,0.9252115243071918,16174,GPD,tail,21.39793168391183,0.090625,Puntarenas_OTROS_Hidrometereológico
-0.11241796958902348,0.9252115243071918,16175,GPD,tail,21.39793168391183,0.090625,Puntarenas_OTROS_Hidrometereológico
-0.11241796958902348,0.9252115243071918,16176,GPD,tail,21.39793168391183,0.090625,Puntarenas_OTROS_Hidrometereológico
-0.11241796958902348,0.9252115243071918,16177,GPD,tail,21.39793168391183,0.090625,Puntarenas_OTROS_Hidrometereológico
-0.11241796958902348,0.9252115243071918,16178,GPD,tail,21.39793168391183,0.090625,Puntarenas_OTROS_Hidrometereológico
-0.11241796958902348,0.9252115243071918,16179,GPD,tail,21.39793168391183,0.090625,Puntarenas_OTROS_Hidrometereológico
-0.11241796958902348,0.9252115243071918,16180,GPD,tail,21.39793168391183,0.090625,Puntarenas_OTROS_Hidrometereológico
-0.11241796958902348,0.9252115243071918,16181,GPD,tail,21.39793168391183,0.090625,Puntarenas_OTROS_Hidrometereológico
-0.11241796958902348,0.9252115243071918,16182,GPD,tail,21.39793168391183,0.090625,Puntarenas_OTROS_Hidrometereológico
-0.11241796958902348,0.9252115243071918,16183,GPD,tail,21.39793168391183,0.090625,Puntarenas_OTROS_Hidrometereológico
-0.11241796958902348,0.9252115243071918,16184,GPD,tail,21.39793168391183,0.090625,Puntarenas_OTROS_Hidrometereológico
-0.11241796958902348,0.9252115243071918,16185,GPD,tail,21.39793168391183,0.090625,Puntarenas_OTROS_Hidrometereológico
-0.11241796958902348,0.9252115243071918,16186,GPD,tail,21.39793168391183,0.090625,Puntarenas_OTROS_Hidrometereológico
-0.11241796958902348,0.9252115243071918,16187,GPD,tail,21.39793168391183,0.090625,Puntarenas_OTROS_Hidrometereológico
-0.11241796958902348,0.9252115243071918,16188,GPD,tail,21.39793168391183,0.090625,Puntarenas_OTROS_Hidrometereológico
-0.11488658252257254,0.8488247253206043,16189,GPD,tail,21.39793168391183,0.090625,Puntarenas_OTROS_Hidrometereológico
-0.11488658252257254,0.8488247253206043,16190,GPD,tail,21.39793168391183,0.090625,Puntarenas_OTROS_Hidrometereológico
-0.11488658252257254,0.8488247253206043,16191,GPD,tail,21.39793168391183,0.090625,Puntarenas_OTROS_Hidrometereológico
-0.11488658252257254,0.8488247253206043,16192,GPD,tail,21.39793168391183,0.090625,Puntarenas_OTROS_Hidrometereológico
-0.11488658252257254,0.8488247253206043,16193,GPD,tail,21.39793168391183,0.090625,Puntarenas_OTROS_Hidrometereológico
-0.031778379788579614,0.8056698160701654,16194,GPD,tail,21.39793168391183,0.090625,Puntarenas_OTROS_Hidrometereológico
-0.031778379788579614,0.8056698160701654,16195,GPD,tail,21.39793168391183,0.090625,Puntarenas_OTROS_Hidrometereológico
-0.031778379788579614,0.8056698160701654,16196,GPD,tail,21.39793168391183,0.090625,Puntarenas_OTROS_Hidrometereológico
-0.031778379788579614,0.8056698160701654,16197,GPD,tail,21.39793168391183,0.090625,Puntarenas_OTROS_Hidrometereológico
-0.031778379788579614,0.8056698160701654,16198,GPD,tail,21.39793168391183,0.090625,Puntarenas_OTROS_Hidrometereológico
-0.031778379788579614,0.8056698160701654,16199,GPD,tail,21.39793168391183,0.090625,Puntarenas_OTROS_Hidrometereológico
-0.031778379788579614,0.8056698160701654,16200,GPD,tail,21.39793168391183,0.090625,Puntarenas_OTROS_Hidrometereológico
-0.031778379788579614,0.8056698160701654,16201,GPD,tail,21.39793168391183,0.090625,Puntarenas_OTROS_Hidrometereológico
-0.031778379788579614,0.8056698160701654,16202,GPD,tail,21.39793168391183,0.090625,Puntarenas_OTROS_Hidrometereológico
-0.031778379788579614,0.8056698160701654,16203,GPD,tail,21.39793168391183,0.090625,Puntarenas_OTROS_Hidrometereológico
-0.04914637132849393,0.8764631985044883,16204,GPD,tail,21.39793168391183,0.090625,Puntarenas_OTROS_Hidrometereológico
-0.04914637132849393,0.8764631985044883,16205,GPD,tail,21.39793168391183,0.090625,Puntarenas_OTROS_Hidrometereológico
-0.04914637132849393,0.8764631985044883,16206,GPD,tail,21.39793168391183,0.090625,Puntarenas_OTROS_Hidrometereológico
-0.04914637132849393,0.8764631985044883,16207,GPD,tail,21.39793168391183,0.090625,Puntarenas_OTROS_Hidrometereológico
-0.04914637132849393,0.8764631985044883,16208,GPD,tail,21.39793168391183,0.090625,Puntarenas_OTROS_Hidrometereológico
-0.04914637132849393,0.8764631985044883,16209,GPD,tail,21.39793168391183,0.090625,Puntarenas_OTROS_Hidrometereológico
-0.04914637132849393,0.8764631985044883,16210,GPD,tail,21.39793168391183,0.090625,Puntarenas_OTROS_Hidrometereológico
-0.04914637132849393,0.8764631985044883,16211,GPD,tail,21.39793168391183,0.090625,Puntarenas_OTROS_Hidrometereológico
-0.04914637132849393,0.8764631985044883,16212,GPD,tail,21.39793168391183,0.090625,Puntarenas_OTROS_Hidrometereológico
-0.04914637132849393,0.8764631985044883,16213,GPD,tail,21.39793168391183,0.090625,Puntarenas_OTROS_Hidrometereológico
0.07886670999647225,0.7396909819362562,16214,GPD,tail,21.39793168391183,0.090625,Puntarenas_OTROS_Hidrometereológico
0.07886670999647225,0.7396909819362562,16215,GPD,tail,21.39793168391183,0.090625,Puntarenas_OTROS_Hidrometereológico
0.07886670999647225,0.7396909819362562,16216,GPD,tail,21.39793168391183,0.090625,Puntarenas_OTROS_Hidrometereológico
0.07886670999647225,0.7396909819362562,16217,GPD,tail,21.39793168391183,0.090625,Puntarenas_OTROS_Hidrometereológico
0.07886670999647225,0.7396909819362562,16218,GPD,tail,21.39793168391183,0.090625,Puntarenas_OTROS_Hidrometereológico
0.07886670999647225,0.7396909819362562,16219,GPD,tail,21.39793168391183,0.090625,Puntarenas_OTROS_Hidrometereológico
0.07886670999647225,0.7396909819362562,16220,GPD,tail,21.39793168391183,0.090625,Puntarenas_OTROS_Hidrometereológico
-0.005472189013898204,0.8331239187484585,16221,GPD,tail,21.39793168391183,0.090625,Puntarenas_OTROS_Hidrometereológico
-0.005472189013898204,0.8331239187484585,16222,GPD,tail,21.39793168391183,0.090625,Puntarenas_OTROS_Hidrometereológico
-0.005472189013898204,0.8331239187484585,16223,GPD,tail,21.39793168391183,0.090625,Puntarenas_OTROS_Hidrometereológico
-0.005472189013898204,0.8331239187484585,16224,GPD,tail,21.39793168391183,0.090625,Puntarenas_OTROS_Hidrometereológico
0.08948342853454719,0.8068437267078765,16225,GPD,tail,21.39793168391183,0.090625,Puntarenas_OTROS_Hidrometereológico
0.08948342853454719,0.8068437267078765,16226,GPD,tail,21.39793168391183,0.090625,Puntarenas_OTROS_Hidrometereológico
0.08948342853454719,0.8068437267078765,16227,GPD,tail,21.39793168391183,0.090625,Puntarenas_OTROS_Hidrometereológico
0.08948342853454719,0.8068437267078765,16228,GPD,tail,21.39793168391183,0.090625,Puntarenas_OTROS_Hidrometereológico
0.08948342853454719,0.8068437267078765,16229,GPD,tail,21.39793168391183,0.090625,Puntarenas_OTROS_Hidrometereológico
0.08948342853454719,0.8068437267078765,16230,GPD,tail,21.39793168391183,0.090625,Puntarenas_OTROS_Hidrometereológico
0.08948342853454719,0.8068437267078765,16231,GPD,tail,21.39793168391183,0.090625,Puntarenas_OTROS_Hidrometereológico
0.08948342853454719,0.8068437267078765,16232,GPD,tail,21.39793168391183,0.090625,Puntarenas_OTROS_Hidrometereológico
0.08948342853454719,0.8068437267078765,16233,GPD,tail,21.39793168391183,0.090625,Puntarenas_OTROS_Hidrometereológico
0.08948342853454719,0.8068437267078765,16234,GPD,tail,21.39793168391183,0.090625,Puntarenas_OTROS_Hidrometereológico
0.08948342853454719,0.8068437267078765,16235,GPD,tail,21.39793168391183,0.090625,Puntarenas_OTROS_Hidrometereológico
0.08948342853454719,0.8068437267078765,16236,GPD,tail,21.39793168391183,0.090625,Puntarenas_OTROS_Hidrometereológico
0.08948342853454719,0.8068437267078765,16237,GPD,tail,21.39793168391183,0.090625,Puntarenas_OTROS_Hidrometereológico
0.08948342853454719,0.8068437267078765,16238,GPD,tail,21.39793168391183,0.090625,Puntarenas_OTROS_Hidrometereológico
0.08948342853454719,0.8068437267078765,16239,GPD,tail,21.39793168391183,0.090625,Puntarenas_OTROS_Hidrometereológico
0.08948342853454719,0.8068437267078765,16240,GPD,tail,21.39793168391183,0.090625,Puntarenas_OTROS_Hidrometereológico
0.020776286510272454,0.8900701265003491,16241,GPD,tail,21.39793168391183,0.090625,Puntarenas_OTROS_Hidrometereológico
0.020776286510272454,0.8900701265003491,16242,GPD,tail,21.39793168391183,0.090625,Puntarenas_OTROS_Hidrometereológico
0.020776286510272454,0.8900701265003491,16243,GPD,tail,21.39793168391183,0.090625,Puntarenas_OTROS_Hidrometereológico
0.020776286510272454,0.8900701265003491,16244,GPD,tail,21.39793168391183,0.090625,Puntarenas_OTROS_Hidrometereológico
0.020776286510272454,0.8900701265003491,16245,GPD,tail,21.39793168391183,0.090625,Puntarenas_OTROS_Hidrometereológico
0.020776286510272454,0.8900701265003491,16246,GPD,tail,21.39793168391183,0.090625,Puntarenas_OTROS_Hidrometereológico
-0.12909980558316653,0.916947537212538,16247,GPD,tail,21.39793168391183,0.090625,Puntarenas_OTROS_Hidrometereológico
-0.12909980558316653,0.916947537212538,16248,GPD,tail,21.39793168391183,0.090625,Puntarenas_OTROS_Hidrometereológico
-0.12909980558316653,0.916947537212538,16249,GPD,tail,21.39793168391183,0.090625,Puntarenas_OTROS_Hidrometereológico
-0.12909980558316653,0.916947537212538,16250,GPD,tail,21.39793168391183,0.090625,Puntarenas_OTROS_Hidrometereológico
-0.12909980558316653,0.916947537212538,16251,GPD,tail,21.39793168391183,0.090625,Puntarenas_OTROS_Hidrometereológico
-0.12909980558316653,0.916947537212538,16252,GPD,tail,21.39793168391183,0.090625,Puntarenas_OTROS_Hidrometereológico
-0.12909980558316653,0.916947537212538,16253,GPD,tail,21.39793168391183,0.090625,Puntarenas_OTROS_Hidrometereológico
-0.12909980558316653,0.916947537212538,16254,GPD,tail,21.39793168391183,0.090625,Puntarenas_OTROS_Hidrometereológico
-0.12909980558316653,0.916947537212538,16255,GPD,tail,21.39793168391183,0.090625,Puntarenas_OTROS_Hidrometereológico
-0.12909980558316653,0.916947537212538,16256,GPD,tail,21.39793168391183,0.090625,Puntarenas_OTROS_Hidrometereológico
-0.12909980558316653,0.916947537212538,16257,GPD,tail,21.39793168391183,0.090625,Puntarenas_OTROS_Hidrometereológico
-0.12909980558316653,0.916947537212538,16258,GPD,tail,21.39793168391183,0.090625,Puntarenas_OTROS_Hidrometereológico
-0.12909980558316653,0.916947537212538,16259,GPD,tail,21.39793168391183,0.090625,Puntarenas_OTROS_Hidrometereológico
-0.12909980558316653,0.916947537212538,16260,GPD,tail,21.39793168391183,0.090625,Puntarenas_OTROS_Hidrometereológico
-0.12909980558316653,0.916947537212538,16261,GPD,tail,21.39793168391183,0.090625,Puntarenas_OTROS_Hidrometereológico
-0.12909980558316653,0.916947537212538,16262,GPD,tail,21.39793168391183,0.090625,Puntarenas_OTROS_Hidrometereológico
-0.12909980558316653,0.916947537212538,16263,GPD,tail,21.39793168391183,0.090625,Puntarenas_OTROS_Hidrometereológico
-0.12909980558316653,0.916947537212538,16264,GPD,tail,21.39793168391183,0.090625,Puntarenas_OTROS_Hidrometereológico
-0.12909980558316653,0.916947537212538,16265,GPD,tail,21.39793168391183,0.090625,Puntarenas_OTROS_Hidrometereológico
-0.12909980558316653,0.916947537212538,16266,GPD,tail,21.39793168391183,0.090625,Puntarenas_OTROS_Hidrometereológico
-0.12909980558316653,0.916947537212538,16267,GPD,tail,21.39793168391183,0.090625,Puntarenas_OTROS_Hidrometereológico
-0.12909980558316653,0.916947537212538,16268,GPD,tail,21.39793168391183,0.090625,Puntarenas_OTROS_Hidrometereológico
-0.12909980558316653,0.916947537212538,16269,GPD,tail,21.39793168391183,0.090625,Puntarenas_OTROS_Hidrometereológico
-0.12909980558316653,0.916947537212538,16270,GPD,tail,21.39793168391183,0.090625,Puntarenas_OTROS_Hidrometereológico
-0.12909980558316653,0.916947537212538,16271,GPD,tail,21.39793168391183,0.090625,Puntarenas_OTROS_Hidrometereológico
-0.12909980558316653,0.916947537212538,16272,GPD,tail,21.39793168391183,0.090625,Puntarenas_OTROS_Hidrometereológico
-0.07514535153356691,0.8774968921667716,16273,GPD,tail,21.39793168391183,0.090625,Puntarenas_OTROS_Hidrometereológico
-0.07514535153356691,0.8774968921667716,16274,GPD,tail,21.39793168391183,0.090625,Puntarenas_OTROS_Hidrometereológico
-0.07514535153356691,0.8774968921667716,16275,GPD,tail,21.39793168391183,0.090625,Puntarenas_OTROS_Hidrometereológico
-0.07514535153356691,0.8774968921667716,16276,GPD,tail,21.39793168391183,0.090625,Puntarenas_OTROS_Hidrometereológico
-0.07514535153356691,0.8774968921667716,16277,GPD,tail,21.39793168391183,0.090625,Puntarenas_OTROS_Hidrometereológico
-0.07514535153356691,0.8774968921667716,16278,GPD,tail,21.39793168391183,0.090625,Puntarenas_OTROS_Hidrometereológico
-0.07514535153356691,0.8774968921667716,16279,GPD,tail,21.39793168391183,0.090625,Puntarenas_OTROS_Hidrometereológico
-0.07514535153356691,0.8774968921667716,16280,GPD,tail,21.39793168391183,0.090625,Puntarenas_OTROS_Hidrometereológico
-0.07514535153356691,0.8774968921667716,16281,GPD,tail,21.39793168391183,0.090625,Puntarenas_OTROS_Hidrometereológico
-0.07514535153356691,0.8774968921667716,16282,GPD,tail,21.39793168391183,0.090625,Puntarenas_OTROS_Hidrometereológico
-0.07514535153356691,0.8774968921667716,16283,GPD,tail,21.39793168391183,0.090625,Puntarenas_OTROS_Hidrometereológico
-0.07514535153356691,0.8774968921667716,16284,GPD,tail,21.39793168391183,0.090625,Puntarenas_OTROS_Hidrometereológico
-0.07514535153356691,0.8774968921667716,16285,GPD,tail,21.39793168391183,0.090625,Puntarenas_OTROS_Hidrometereológico
-0.07514535153356691,0.8774968921667716,16286,GPD,tail,21.39793168391183,0.090625,Puntarenas_OTROS_Hidrometereológico
-0.07514535153356691,0.8774968921667716,16287,GPD,tail,21.39793168391183,0.090625,Puntarenas_OTROS_Hidrometereológico
-0.07514535153356691,0.8774968921667716,16288,GPD,tail,21.39793168391183,0.090625,Puntarenas_OTROS_Hidrometereológico
-0.07514535153356691,0.8774968921667716,16289,GPD,tail,21.39793168391183,0.090625,Puntarenas_OTROS_Hidrometereológico
-0.07514535153356691,0.8774968921667716,16290,GPD,tail,21.39793168391183,0.090625,Puntarenas_OTROS_Hidrometereológico
-0.07514535153356691,0.8774968921667716,16291,GPD,tail,21.39793168391183,0.090625,Puntarenas_OTROS_Hidrometereológico
-0.07514535153356691,0.8774968921667716,16292,GPD,tail,21.39793168391183,0.090625,Puntarenas_OTROS_Hidrometereológico
-0.07514535153356691,0.8774968921667716,16293,GPD,tail,21.39793168391183,0.090625,Puntarenas_OTROS_Hidrometereológico
-0.07514535153356691,0.8774968921667716,16294,GPD,tail,21.39793168391183,0.090625,Puntarenas_OTROS_Hidrometereológico
-0.18033050279349566,0.9157218597252338,16295,GPD,tail,21.39793168391183,0.090625,Puntarenas_OTROS_Hidrometereológico
-0.15232283049743153,1.0400859495867907,16296,GPD,tail,21.39793168391183,0.090625,Puntarenas_OTROS_Hidrometereológico
-0.15232283049743153,1.0400859495867907,16297,GPD,tail,21.39793168391183,0.090625,Puntarenas_OTROS_Hidrometereológico
-0.17406124236367818,0.9868250426585389,16298,GPD,tail,21.39793168391183,0.090625,Puntarenas_OTROS_Hidrometereológico
-0.18160637719946354,0.9550417682118229,16299,GPD,tail,21.39793168391183,0.090625,Puntarenas_OTROS_Hidrometereológico
-0.18160637719946354,0.9550417682118229,16300,GPD,tail,21.39793168391183,0.090625,Puntarenas_OTROS_Hidrometereológico
-0.18160637719946354,0.9550417682118229,16301,GPD,tail,21.39793168391183,0.090625,Puntarenas_OTROS_Hidrometereológico
-0.18160637719946354,0.9550417682118229,16302,GPD,tail,21.39793168391183,0.090625,Puntarenas_OTROS_Hidrometereológico
-0.18160637719946354,0.9550417682118229,16303,GPD,tail,21.39793168391183,0.090625,Puntarenas_OTROS_Hidrometereológico
-0.12330992634913492,0.9179774406010563,16304,GPD,tail,21.39793168391183,0.090625,Puntarenas_OTROS_Hidrometereológico
-0.12330992634913492,0.9179774406010563,16305,GPD,tail,21.39793168391183,0.090625,Puntarenas_OTROS_Hidrometereológico
-0.12330992634913492,0.9179774406010563,16306,GPD,tail,21.39793168391183,0.090625,Puntarenas_OTROS_Hidrometereológico
-0.18344505156155244,0.9645975200735668,16307,GPD,tail,21.39793168391183,0.090625,Puntarenas_OTROS_Hidrometereológico
-0.18344505156155244,0.9645975200735668,16308,GPD,tail,21.39793168391183,0.090625,Puntarenas_OTROS_Hidrometereológico
-0.18344505156155244,0.9645975200735668,16309,GPD,tail,21.39793168391183,0.090625,Puntarenas_OTROS_Hidrometereológico
-0.18344505156155244,0.9645975200735668,16310,GPD,tail,21.39793168391183,0.090625,Puntarenas_OTROS_Hidrometereológico
0.048821763422891656,0.7079477203840278,16311,GPD,tail,21.39793168391183,0.090625,Puntarenas_OTROS_Hidrometereológico
0.048821763422891656,0.7079477203840278,16312,GPD,tail,21.39793168391183,0.090625,Puntarenas_OTROS_Hidrometereológico
0.09397409516404148,0.7506504999178939,16313,GPD,tail,21.39793168391183,0.090625,Puntarenas_OTROS_Hidrometereológico
0.09397409516404148,0.7506504999178939,16314,GPD,tail,21.39793168391183,0.090625,Puntarenas_OTROS_Hidrometereológico
0.09397409516404148,0.7506504999178939,16315,GPD,tail,21.39793168391183,0.090625,Puntarenas_OTROS_Hidrometereológico
0.09397409516404148,0.7506504999178939,16316,GPD,tail,21.39793168391183,0.090625,Puntarenas_OTROS_Hidrometereológico
0.09397409516404148,0.7506504999178939,16317,GPD,tail,21.39793168391183,0.090625,Puntarenas_OTROS_Hidrometereológico
0.09397409516404148,0.7506504999178939,16318,GPD,tail,21.39793168391183,0.090625,Puntarenas_OTROS_Hidrometereológico
0.09397409516404148,0.7506504999178939,16319,GPD,tail,21.39793168391183,0.090625,Puntarenas_OTROS_Hidrometereológico
0.09397409516404148,0.7506504999178939,16320,GPD,tail,21.39793168391183,0.090625,Puntarenas_OTROS_Hidrometereológico
0.09397409516404148,0.7506504999178939,16321,GPD,tail,21.39793168391183,0.090625,Puntarenas_OTROS_Hidrometereológico
0.09397409516404148,0.7506504999178939,16322,GPD,tail,21.39793168391183,0.090625,Puntarenas_OTROS_Hidrometereológico
0.09397409516404148,0.7506504999178939,16323,GPD,tail,21.39793168391183,0.090625,Puntarenas_OTROS_Hidrometereológico
0.09397409516404148,0.7506504999178939,16324,GPD,tail,21.39793168391183,0.090625,Puntarenas_OTROS_Hidrometereológico
0.09397409516404148,0.7506504999178939,16325,GPD,tail,21.39793168391183,0.090625,Puntarenas_OTROS_Hidrometereológico
0.09397409516404148,0.7506504999178939,16326,GPD,tail,21.39793168391183,0.090625,Puntarenas_OTROS_Hidrometereológico
0.09397409516404148,0.7506504999178939,16327,GPD,tail,21.39793168391183,0.090625,Puntarenas_OTROS_Hidrometereológico
0.09397409516404148,0.7506504999178939,16328,GPD,tail,21.39793168391183,0.090625,Puntarenas_OTROS_Hidrometereológico
0.09397409516404148,0.7506504999178939,16329,GPD,tail,21.39793168391183,0.090625,Puntarenas_OTROS_Hidrometereológico
0.09397409516404148,0.7506504999178939,16330,GPD,tail,21.39793168391183,0.090625,Puntarenas_OTROS_Hidrometereológico
0.09397409516404148,0.7506504999178939,16331,GPD,tail,21.39793168391183,0.090625,Puntarenas_OTROS_Hidrometereológico
0.09397409516404148,0.7506504999178939,16332,GPD,tail,21.39793168391183,0.090625,Puntarenas_OTROS_Hidrometereológico
0.09397409516404148,0.7506504999178939,16333,GPD,tail,21.39793168391183,0.090625,Puntarenas_OTROS_Hidrometereológico
0.09397409516404148,0.7506504999178939,16334,GPD,tail,21.39793168391183,0.090625,Puntarenas_OTROS_Hidrometereológico
0.09397409516404148,0.7506504999178939,16335,GPD,tail,21.39793168391183,0.090625,Puntarenas_OTROS_Hidrometereológico
0.09397409516404148,0.7506504999178939,16336,GPD,tail,21.39793168391183,0.090625,Puntarenas_OTROS_Hidrometereológico
0.09397409516404148,0.7506504999178939,16337,GPD,tail,21.39793168391183,0.090625,Puntarenas_OTROS_Hidrometereológico
0.09397409516404148,0.7506504999178939,16338,GPD,tail,21.39793168391183,0.090625,Puntarenas_OTROS_Hidrometereológico
0.09397409516404148,0.7506504999178939,16339,GPD,tail,21.39793168391183,0.090625,Puntarenas_OTROS_Hidrometereológico
-0.008484139342708016,0.8561158864674454,16340,GPD,tail,21.39793168391183,0.090625,Puntarenas_OTROS_Hidrometereológico
-0.008484139342708016,0.8561158864674454,16341,GPD,tail,21.39793168391183,0.090625,Puntarenas_OTROS_Hidrometereológico
-0.008484139342708016,0.8561158864674454,16342,GPD,tail,21.39793168391183,0.090625,Puntarenas_OTROS_Hidrometereológico
-0.008484139342708016,0.8561158864674454,16343,GPD,tail,21.39793168391183,0.090625,Puntarenas_OTROS_Hidrometereológico
0.03141099501172781,0.7730418464279284,16344,GPD,tail,21.39793168391183,0.090625,Puntarenas_OTROS_Hidrometereológico
0.03141099501172781,0.7730418464279284,16345,GPD,tail,21.39793168391183,0.090625,Puntarenas_OTROS_Hidrometereológico
0.0258305975298462,0.8908385694359524,16346,GPD,tail,21.39793168391183,0.090625,Puntarenas_OTROS_Hidrometereológico
0.0258305975298462,0.8908385694359524,16347,GPD,tail,21.39793168391183,0.090625,Puntarenas_OTROS_Hidrometereológico
0.0258305975298462,0.8908385694359524,16348,GPD,tail,21.39793168391183,0.090625,Puntarenas_OTROS_Hidrometereológico
0.0258305975298462,0.8908385694359524,16349,GPD,tail,21.39793168391183,0.090625,Puntarenas_OTROS_Hidrometereológico
-0.0022470803252510607,0.8961737947859008,16350,GPD,tail,21.39793168391183,0.090625,Puntarenas_OTROS_Hidrometereológico
-0.0022470803252510607,0.8961737947859008,16351,GPD,tail,21.39793168391183,0.090625,Puntarenas_OTROS_Hidrometereológico
-0.0022470803252510607,0.8961737947859008,16352,GPD,tail,21.39793168391183,0.090625,Puntarenas_OTROS_Hidrometereológico
-0.11939502592376884,0.7987105441569905,16353,GPD,tail,21.39793168391183,0.090625,Puntarenas_OTROS_Hidrometereológico
-0.11939502592376884,0.7987105441569905,16354,GPD,tail,21.39793168391183,0.090625,Puntarenas_OTROS_Hidrometereológico
-0.11939502592376884,0.7987105441569905,16355,GPD,tail,21.39793168391183,0.090625,Puntarenas_OTROS_Hidrometereológico
-0.11939502592376884,0.7987105441569905,16356,GPD,tail,21.39793168391183,0.090625,Puntarenas_OTROS_Hidrometereológico
-0.11939502592376884,0.7987105441569905,16357,GPD,tail,21.39793168391183,0.090625,Puntarenas_OTROS_Hidrometereológico
-0.11939502592376884,0.7987105441569905,16358,GPD,tail,21.39793168391183,0.090625,Puntarenas_OTROS_Hidrometereológico
-0.11939502592376884,0.7987105441569905,16359,GPD,tail,21.39793168391183,0.090625,Puntarenas_OTROS_Hidrometereológico
-0.11939502592376884,0.7987105441569905,16360,GPD,tail,21.39793168391183,0.090625,Puntarenas_OTROS_Hidrometereológico
-0.11939502592376884,0.7987105441569905,16361,GPD,tail,21.39793168391183,0.090625,Puntarenas_OTROS_Hidrometereológico
-0.11939502592376884,0.7987105441569905,16362,GPD,tail,21.39793168391183,0.090625,Puntarenas_OTROS_Hidrometereológico
-0.11939502592376884,0.7987105441569905,16363,GPD,tail,21.39793168391183,0.090625,Puntarenas_OTROS_Hidrometereológico
-0.11939502592376884,0.7987105441569905,16364,GPD,tail,21.39793168391183,0.090625,Puntarenas_OTROS_Hidrometereológico
-0.11939502592376884,0.7987105441569905,16365,GPD,tail,21.39793168391183,0.090625,Puntarenas_OTROS_Hidrometereológico
-0.11939502592376884,0.7987105441569905,16366,GPD,tail,21.39793168391183,0.090625,Puntarenas_OTROS_Hidrometereológico
-0.11939502592376884,0.7987105441569905,16367,GPD,tail,21.39793168391183,0.090625,Puntarenas_OTROS_Hidrometereológico
-0.11939502592376884,0.7987105441569905,16368,GPD,tail,21.39793168391183,0.090625,Puntarenas_OTROS_Hidrometereológico
-0.11939502592376884,0.7987105441569905,16369,GPD,tail,21.39793168391183,0.090625,Puntarenas_OTROS_Hidrometereológico
-0.05394394962143141,0.962770264909304,16370,GPD,tail,21.39793168391183,0.090625,Puntarenas_OTROS_Hidrometereológico
-0.04524652453971005,0.9288038246959608,16371,GPD,tail,21.39793168391183,0.090625,Puntarenas_OTROS_Hidrometereológico
-0.04524652453971005,0.9288038246959608,16372,GPD,tail,21.39793168391183,0.090625,Puntarenas_OTROS_Hidrometereológico
-0.04524652453971005,0.9288038246959608,16373,GPD,tail,21.39793168391183,0.090625,Puntarenas_OTROS_Hidrometereológico
-0.04524652453971005,0.9288038246959608,16374,GPD,tail,21.39793168391183,0.090625,Puntarenas_OTROS_Hidrometereológico
-0.04524652453971005,0.9288038246959608,16375,GPD,tail,21.39793168391183,0.090625,Puntarenas_OTROS_Hidrometereológico
-0.04524652453971005,0.9288038246959608,16376,GPD,tail,21.39793168391183,0.090625,Puntarenas_OTROS_Hidrometereológico
-0.04524652453971005,0.9288038246959608,16377,GPD,tail,21.39793168391183,0.090625,Puntarenas_OTROS_Hidrometereológico
-0.04524652453971005,0.9288038246959608,16378,GPD,tail,21.39793168391183,0.090625,Puntarenas_OTROS_Hidrometereológico
-0.08201333154952398,0.785188786882516,16379,GPD,tail,21.39793168391183,0.090625,Puntarenas_OTROS_Hidrometereológico
-0.08201333154952398,0.785188786882516,16380,GPD,tail,21.39793168391183,0.090625,Puntarenas_OTROS_Hidrometereológico
-0.08201333154952398,0.785188786882516,16381,GPD,tail,21.39793168391183,0.090625,Puntarenas_OTROS_Hidrometereológico
-0.08201333154952398,0.785188786882516,16382,GPD,tail,21.39793168391183,0.090625,Puntarenas_OTROS_Hidrometereológico
-0.08201333154952398,0.785188786882516,16383,GPD,tail,21.39793168391183,0.090625,Puntarenas_OTROS_Hidrometereológico
-0.08201333154952398,0.785188786882516,16384,GPD,tail,21.39793168391183,0.090625,Puntarenas_OTROS_Hidrometereológico
-0.08201333154952398,0.785188786882516,16385,GPD,tail,21.39793168391183,0.090625,Puntarenas_OTROS_Hidrometereológico
-0.08201333154952398,0.785188786882516,16386,GPD,tail,21.39793168391183,0.090625,Puntarenas_OTROS_Hidrometereológico
0.05079734728418617,0.7661885681659961,16387,GPD,tail,21.39793168391183,0.090625,Puntarenas_OTROS_Hidrometereológico
0.05079734728418617,0.7661885681659961,16388,GPD,tail,21.39793168391183,0.090625,Puntarenas_OTROS_Hidrometereológico
0.05079734728418617,0.7661885681659961,16389,GPD,tail,21.39793168391183,0.090625,Puntarenas_OTROS_Hidrometereológico
0.10640437125114216,0.7411497234263372,16390,GPD,tail,21.39793168391183,0.090625,Puntarenas_OTROS_Hidrometereológico
0.10640437125114216,0.7411497234263372,16391,GPD,tail,21.39793168391183,0.090625,Puntarenas_OTROS_Hidrometereológico
0.10640437125114216,0.7411497234263372,16392,GPD,tail,21.39793168391183,0.090625,Puntarenas_OTROS_Hidrometereológico
0.10640437125114216,0.7411497234263372,16393,GPD,tail,21.39793168391183,0.090625,Puntarenas_OTROS_Hidrometereológico
0.10640437125114216,0.7411497234263372,16394,GPD,tail,21.39793168391183,0.090625,Puntarenas_OTROS_Hidrometereológico
0.10640437125114216,0.7411497234263372,16395,GPD,tail,21.39793168391183,0.090625,Puntarenas_OTROS_Hidrometereológico
0.10640437125114216,0.7411497234263372,16396,GPD,tail,21.39793168391183,0.090625,Puntarenas_OTROS_Hidrometereológico
0.10640437125114216,0.7411497234263372,16397,GPD,tail,21.39793168391183,0.090625,Puntarenas_OTROS_Hidrometereológico
0.10640437125114216,0.7411497234263372,16398,GPD,tail,21.39793168391183,0.090625,Puntarenas_OTROS_Hidrometereológico
0.10640437125114216,0.7411497234263372,16399,GPD,tail,21.39793168391183,0.090625,Puntarenas_OTROS_Hidrometereológico
0.10640437125114216,0.7411497234263372,16400,GPD,tail,21.39793168391183,0.090625,Puntarenas_OTROS_Hidrometereológico
0.10640437125114216,0.7411497234263372,16401,GPD,tail,21.39793168391183,0.090625,Puntarenas_OTROS_Hidrometereológico
0.10640437125114216,0.7411497234263372,16402,GPD,tail,21.39793168391183,0.090625,Puntarenas_OTROS_Hidrometereológico
0.10640437125114216,0.7411497234263372,16403,GPD,tail,21.39793168391183,0.090625,Puntarenas_OTROS_Hidrometereológico
0.10640437125114216,0.7411497234263372,16404,GPD,tail,21.39793168391183,0.090625,Puntarenas_OTROS_Hidrometereológico
0.10640437125114216,0.7411497234263372,16405,GPD,tail,21.39793168391183,0.090625,Puntarenas_OTROS_Hidrometereológico
0.10640437125114216,0.7411497234263372,16406,GPD,tail,21.39793168391183,0.090625,Puntarenas_OTROS_Hidrometereológico
0.10640437125114216,0.7411497234263372,16407,GPD,tail,21.39793168391183,0.090625,Puntarenas_OTROS_Hidrometereológico
0.10640437125114216,0.7411497234263372,16408,GPD,tail,21.39793168391183,0.090625,Puntarenas_OTROS_Hidrometereológico
-0.05408763382816342,0.730953041037688,16409,GPD,tail,21.39793168391183,0.090625,Puntarenas_OTROS_Hidrometereológico
-0.05408763382816342,0.730953041037688,16410,GPD,tail,21.39793168391183,0.090625,Puntarenas_OTROS_Hidrometereológico
-0.05408763382816342,0.730953041037688,16411,GPD,tail,21.39793168391183,0.090625,Puntarenas_OTROS_Hidrometereológico
-0.05408763382816342,0.730953041037688,16412,GPD,tail,21.39793168391183,0.090625,Puntarenas_OTROS_Hidrometereológico
-0.05408763382816342,0.730953041037688,16413,GPD,tail,21.39793168391183,0.090625,Puntarenas_OTROS_Hidrometereológico
-0.05408763382816342,0.730953041037688,16414,GPD,tail,21.39793168391183,0.090625,Puntarenas_OTROS_Hidrometereológico
-0.05408763382816342,0.730953041037688,16415,GPD,tail,21.39793168391183,0.090625,Puntarenas_OTROS_Hidrometereológico
-0.05408763382816342,0.730953041037688,16416,GPD,tail,21.39793168391183,0.090625,Puntarenas_OTROS_Hidrometereológico
-0.05408763382816342,0.730953041037688,16417,GPD,tail,21.39793168391183,0.090625,Puntarenas_OTROS_Hidrometereológico
-0.05408763382816342,0.730953041037688,16418,GPD,tail,21.39793168391183,0.090625,Puntarenas_OTROS_Hidrometereológico
-0.05408763382816342,0.730953041037688,16419,GPD,tail,21.39793168391183,0.090625,Puntarenas_OTROS_Hidrometereológico
-0.05408763382816342,0.730953041037688,16420,GPD,tail,21.39793168391183,0.090625,Puntarenas_OTROS_Hidrometereológico
-0.05408763382816342,0.730953041037688,16421,GPD,tail,21.39793168391183,0.090625,Puntarenas_OTROS_Hidrometereológico
-0.05408763382816342,0.730953041037688,16422,GPD,tail,21.39793168391183,0.090625,Puntarenas_OTROS_Hidrometereológico
0.07913704458941298,0.7057480874497946,16423,GPD,tail,21.39793168391183,0.090625,Puntarenas_OTROS_Hidrometereológico
0.07913704458941298,0.7057480874497946,16424,GPD,tail,21.39793168391183,0.090625,Puntarenas_OTROS_Hidrometereológico
0.07913704458941298,0.7057480874497946,16425,GPD,tail,21.39793168391183,0.090625,Puntarenas_OTROS_Hidrometereológico
0.07913704458941298,0.7057480874497946,16426,GPD,tail,21.39793168391183,0.090625,Puntarenas_OTROS_Hidrometereológico
0.07913704458941298,0.7057480874497946,16427,GPD,tail,21.39793168391183,0.090625,Puntarenas_OTROS_Hidrometereológico
0.07913704458941298,0.7057480874497946,16428,GPD,tail,21.39793168391183,0.090625,Puntarenas_OTROS_Hidrometereológico
0.07913704458941298,0.7057480874497946,16429,GPD,tail,21.39793168391183,0.090625,Puntarenas_OTROS_Hidrometereológico
0.07913704458941298,0.7057480874497946,16430,GPD,tail,21.39793168391183,0.090625,Puntarenas_OTROS_Hidrometereológico
0.07913704458941298,0.7057480874497946,16431,GPD,tail,21.39793168391183,0.090625,Puntarenas_OTROS_Hidrometereológico
0.07913704458941298,0.7057480874497946,16432,GPD,tail,21.39793168391183,0.090625,Puntarenas_OTROS_Hidrometereológico
0.07913704458941298,0.7057480874497946,16433,GPD,tail,21.39793168391183,0.090625,Puntarenas_OTROS_Hidrometereológico
0.07913704458941298,0.7057480874497946,16434,GPD,tail,21.39793168391183,0.090625,Puntarenas_OTROS_Hidrometereológico
0.07913704458941298,0.7057480874497946,16435,GPD,tail,21.39793168391183,0.090625,Puntarenas_OTROS_Hidrometereológico
0.07913704458941298,0.7057480874497946,16436,GPD,tail,21.39793168391183,0.090625,Puntarenas_OTROS_Hidrometereológico
0.07913704458941298,0.7057480874497946,16437,GPD,tail,21.39793168391183,0.090625,Puntarenas_OTROS_Hidrometereológico
0.07913704458941298,0.7057480874497946,16438,GPD,tail,21.39793168391183,0.090625,Puntarenas_OTROS_Hidrometereológico
0.07913704458941298,0.7057480874497946,16439,GPD,tail,21.39793168391183,0.090625,Puntarenas_OTROS_Hidrometereológico
0.07913704458941298,0.7057480874497946,16440,GPD,tail,21.39793168391183,0.090625,Puntarenas_OTROS_Hidrometereológico
0.07913704458941298,0.7057480874497946,16441,GPD,tail,21.39793168391183,0.090625,Puntarenas_OTROS_Hidrometereológico
0.07913704458941298,0.7057480874497946,16442,GPD,tail,21.39793168391183,0.090625,Puntarenas_OTROS_Hidrometereológico
0.07913704458941298,0.7057480874497946,16443,GPD,tail,21.39793168391183,0.090625,Puntarenas_OTROS_Hidrometereológico
0.07913704458941298,0.7057480874497946,16444,GPD,tail,21.39793168391183,0.090625,Puntarenas_OTROS_Hidrometereológico
0.07913704458941298,0.7057480874497946,16445,GPD,tail,21.39793168391183,0.090625,Puntarenas_OTROS_Hidrometereológico
0.07913704458941298,0.7057480874497946,16446,GPD,tail,21.39793168391183,0.090625,Puntarenas_OTROS_Hidrometereológico
0.07913704458941298,0.7057480874497946,16447,GPD,tail,21.39793168391183,0.090625,Puntarenas_OTROS_Hidrometereológico
0.07913704458941298,0.7057480874497946,16448,GPD,tail,21.39793168391183,0.090625,Puntarenas_OTROS_Hidrometereológico
0.07913704458941298,0.7057480874497946,16449,GPD,tail,21.39793168391183,0.090625,Puntarenas_OTROS_Hidrometereológico
0.07913704458941298,0.7057480874497946,16450,GPD,tail,21.39793168391183,0.090625,Puntarenas_OTROS_Hidrometereológico
0.07913704458941298,0.7057480874497946,16451,GPD,tail,21.39793168391183,0.090625,Puntarenas_OTROS_Hidrometereológico
0.07913704458941298,0.7057480874497946,16452,GPD,tail,21.39793168391183,0.090625,Puntarenas_OTROS_Hidrometereológico
0.07913704458941298,0.7057480874497946,16453,GPD,tail,21.39793168391183,0.090625,Puntarenas_OTROS_Hidrometereológico
0.07913704458941298,0.7057480874497946,16454,GPD,tail,21.39793168391183,0.090625,Puntarenas_OTROS_Hidrometereológico
0.07913704458941298,0.7057480874497946,16455,GPD,tail,21.39793168391183,0.090625,Puntarenas_OTROS_Hidrometereológico
0.07913704458941298,0.7057480874497946,16456,GPD,tail,21.39793168391183,0.090625,Puntarenas_OTROS_Hidrometereológico
0.07913704458941298,0.7057480874497946,16457,GPD,tail,21.39793168391183,0.090625,Puntarenas_OTROS_Hidrometereológico
0.07913704458941298,0.7057480874497946,16458,GPD,tail,21.39793168391183,0.090625,Puntarenas_OTROS_Hidrometereológico
0.07913704458941298,0.7057480874497946,16459,GPD,tail,21.39793168391183,0.090625,Puntarenas_OTROS_Hidrometereológico
0.07913704458941298,0.7057480874497946,16460,GPD,tail,21.39793168391183,0.090625,Puntarenas_OTROS_Hidrometereológico
0.07913704458941298,0.7057480874497946,16461,GPD,tail,21.39793168391183,0.090625,Puntarenas_OTROS_Hidrometereológico
0.07913704458941298,0.7057480874497946,16462,GPD,tail,21.39793168391183,0.090625,Puntarenas_OTROS_Hidrometereológico
0.07913704458941298,0.7057480874497946,16463,GPD,tail,21.39793168391183,0.090625,Puntarenas_OTROS_Hidrometereológico
0.07913704458941298,0.7057480874497946,16464,GPD,tail,21.39793168391183,0.090625,Puntarenas_OTROS_Hidrometereológico
0.07913704458941298,0.7057480874497946,16465,GPD,tail,21.39793168391183,0.090625,Puntarenas_OTROS_Hidrometereológico
0.07913704458941298,0.7057480874497946,16466,GPD,tail,21.39793168391183,0.090625,Puntarenas_OTROS_Hidrometereológico
0.07913704458941298,0.7057480874497946,16467,GPD,tail,21.39793168391183,0.090625,Puntarenas_OTROS_Hidrometereológico
0.07913704458941298,0.7057480874497946,16468,GPD,tail,21.39793168391183,0.090625,Puntarenas_OTROS_Hidrometereológico
0.07913704458941298,0.7057480874497946,16469,GPD,tail,21.39793168391183,0.090625,Puntarenas_OTROS_Hidrometereológico
0.07913704458941298,0.7057480874497946,16470,GPD,tail,21.39793168391183,0.090625,Puntarenas_OTROS_Hidrometereológico
0.07913704458941298,0.7057480874497946,16471,GPD,tail,21.39793168391183,0.090625,Puntarenas_OTROS_Hidrometereológico
0.07913704458941298,0.7057480874497946,16472,GPD,tail,21.39793168391183,0.090625,Puntarenas_OTROS_Hidrometereológico
0.07913704458941298,0.7057480874497946,16473,GPD,tail,21.39793168391183,0.090625,Puntarenas_OTROS_Hidrometereológico
0.07913704458941298,0.7057480874497946,16474,GPD,tail,21.39793168391183,0.090625,Puntarenas_OTROS_Hidrometereológico
0.07913704458941298,0.7057480874497946,16475,GPD,tail,21.39793168391183,0.090625,Puntarenas_OTROS_Hidrometereológico
0.07913704458941298,0.7057480874497946,16476,GPD,tail,21.39793168391183,0.090625,Puntarenas_OTROS_Hidrometereológico
0.07913704458941298,0.7057480874497946,16477,GPD,tail,21.39793168391183,0.090625,Puntarenas_OTROS_Hidrometereológico
0.07913704458941298,0.7057480874497946,16478,GPD,tail,21.39793168391183,0.090625,Puntarenas_OTROS_Hidrometereológico
0.07913704458941298,0.7057480874497946,16479,GPD,tail,21.39793168391183,0.090625,Puntarenas_OTROS_Hidrometereológico
0.07913704458941298,0.7057480874497946,16480,GPD,tail,21.39793168391183,0.090625,Puntarenas_OTROS_Hidrometereológico
0.07913704458941298,0.7057480874497946,16481,GPD,tail,21.39793168391183,0.090625,Puntarenas_OTROS_Hidrometereológico
0.07913704458941298,0.7057480874497946,16482,GPD,tail,21.39793168391183,0.090625,Puntarenas_OTROS_Hidrometereológico
0.07913704458941298,0.7057480874497946,16483,GPD,tail,21.39793168391183,0.090625,Puntarenas_OTROS_Hidrometereológico
0.07913704458941298,0.7057480874497946,16484,GPD,tail,21.39793168391183,0.090625,Puntarenas_OTROS_Hidrometereológico
0.07913704458941298,0.7057480874497946,16485,GPD,tail,21.39793168391183,0.090625,Puntarenas_OTROS_Hidrometereológico
0.07913704458941298,0.7057480874497946,16486,GPD,tail,21.39793168391183,0.090625,Puntarenas_OTROS_Hidrometereológico
0.07913704458941298,0.7057480874497946,16487,GPD,tail,21.39793168391183,0.090625,Puntarenas_OTROS_Hidrometereológico
0.07913704458941298,0.7057480874497946,16488,GPD,tail,21.39793168391183,0.090625,Puntarenas_OTROS_Hidrometereológico
0.07913704458941298,0.7057480874497946,16489,GPD,tail,21.39793168391183,0.090625,Puntarenas_OTROS_Hidrometereológico
0.07913704458941298,0.7057480874497946,16490,GPD,tail,21.39793168391183,0.090625,Puntarenas_OTROS_Hidrometereológico
0.07913704458941298,0.7057480874497946,16491,GPD,tail,21.39793168391183,0.090625,Puntarenas_OTROS_Hidrometereológico
0.07913704458941298,0.7057480874497946,16492,GPD,tail,21.39793168391183,0.090625,Puntarenas_OTROS_Hidrometereológico
0.07913704458941298,0.7057480874497946,16493,GPD,tail,21.39793168391183,0.090625,Puntarenas_OTROS_Hidrometereológico
0.07913704458941298,0.7057480874497946,16494,GPD,tail,21.39793168391183,0.090625,Puntarenas_OTROS_Hidrometereológico
0.07913704458941298,0.7057480874497946,16495,GPD,tail,21.39793168391183,0.090625,Puntarenas_OTROS_Hidrometereológico
0.07913704458941298,0.7057480874497946,16496,GPD,tail,21.39793168391183,0.090625,Puntarenas_OTROS_Hidrometereológico
0.07913704458941298,0.7057480874497946,16497,GPD,tail,21.39793168391183,0.090625,Puntarenas_OTROS_Hidrometereológico
0.07913704458941298,0.7057480874497946,16498,GPD,tail,21.39793168391183,0.090625,Puntarenas_OTROS_Hidrometereológico
0.07913704458941298,0.7057480874497946,16499,GPD,tail,21.39793168391183,0.090625,Puntarenas_OTROS_Hidrometereológico
0.07913704458941298,0.7057480874497946,16500,GPD,tail,21.39793168391183,0.090625,Puntarenas_OTROS_Hidrometereológico
0.07913704458941298,0.7057480874497946,16501,GPD,tail,21.39793168391183,0.090625,Puntarenas_OTROS_Hidrometereológico
0.07913704458941298,0.7057480874497946,16502,GPD,tail,21.39793168391183,0.090625,Puntarenas_OTROS_Hidrometereológico
0.07913704458941298,0.7057480874497946,16503,GPD,tail,21.39793168391183,0.090625,Puntarenas_OTROS_Hidrometereológico
0.07913704458941298,0.7057480874497946,16504,GPD,tail,21.39793168391183,0.090625,Puntarenas_OTROS_Hidrometereológico
-0.08329181706636807,0.9764368700212627,16505,GPD,tail,21.39793168391183,0.090625,Puntarenas_OTROS_Hidrometereológico
-0.08329181706636807,0.9764368700212627,16506,GPD,tail,21.39793168391183,0.090625,Puntarenas_OTROS_Hidrometereológico
-0.08329181706636807,0.9764368700212627,16507,GPD,tail,21.39793168391183,0.090625,Puntarenas_OTROS_Hidrometereológico
-0.08329181706636807,0.9764368700212627,16508,GPD,tail,21.39793168391183,0.090625,Puntarenas_OTROS_Hidrometereológico
-0.08329181706636807,0.9764368700212627,16509,GPD,tail,21.39793168391183,0.090625,Puntarenas_OTROS_Hidrometereológico
-0.08329181706636807,0.9764368700212627,16510,GPD,tail,21.39793168391183,0.090625,Puntarenas_OTROS_Hidrometereológico
-0.08329181706636807,0.9764368700212627,16511,GPD,tail,21.39793168391183,0.090625,Puntarenas_OTROS_Hidrometereológico
-0.08329181706636807,0.9764368700212627,16512,GPD,tail,21.39793168391183,0.090625,Puntarenas_OTROS_Hidrometereológico
-0.17694002318144408,1.021432777439605,16513,GPD,tail,21.39793168391183,0.090625,Puntarenas_OTROS_Hidrometereológico
-0.17694002318144408,1.021432777439605,16514,GPD,tail,21.39793168391183,0.090625,Puntarenas_OTROS_Hidrometereológico
-0.17694002318144408,1.021432777439605,16515,GPD,tail,21.39793168391183,0.090625,Puntarenas_OTROS_Hidrometereológico
-0.17694002318144408,1.021432777439605,16516,GPD,tail,21.39793168391183,0.090625,Puntarenas_OTROS_Hidrometereológico
-0.17694002318144408,1.021432777439605,16517,GPD,tail,21.39793168391183,0.090625,Puntarenas_OTROS_Hidrometereológico
-0.17694002318144408,1.021432777439605,16518,GPD,tail,21.39793168391183,0.090625,Puntarenas_OTROS_Hidrometereológico
-0.17694002318144408,1.021432777439605,16519,GPD,tail,21.39793168391183,0.090625,Puntarenas_OTROS_Hidrometereológico
-0.17694002318144408,1.021432777439605,16520,GPD,tail,21.39793168391183,0.090625,Puntarenas_OTROS_Hidrometereológico
-0.17694002318144408,1.021432777439605,16521,GPD,tail,21.39793168391183,0.090625,Puntarenas_OTROS_Hidrometereológico
-0.17694002318144408,1.021432777439605,16522,GPD,tail,21.39793168391183,0.090625,Puntarenas_OTROS_Hidrometereológico
-0.17694002318144408,1.021432777439605,16523,GPD,tail,21.39793168391183,0.090625,Puntarenas_OTROS_Hidrometereológico
-0.17694002318144408,1.021432777439605,16524,GPD,tail,21.39793168391183,0.090625,Puntarenas_OTROS_Hidrometereológico
-0.17694002318144408,1.021432777439605,16525,GPD,tail,21.39793168391183,0.090625,Puntarenas_OTROS_Hidrometereológico
-0.17694002318144408,1.021432777439605,16526,GPD,tail,21.39793168391183,0.090625,Puntarenas_OTROS_Hidrometereológico
-0.08838474168133609,0.9459924151802158,16527,GPD,tail,21.39793168391183,0.090625,Puntarenas_OTROS_Hidrometereológico
-0.08838474168133609,0.9459924151802158,16528,GPD,tail,21.39793168391183,0.090625,Puntarenas_OTROS_Hidrometereológico
-0.08838474168133609,0.9459924151802158,16529,GPD,tail,21.39793168391183,0.090625,Puntarenas_OTROS_Hidrometereológico
-0.08838474168133609,0.9459924151802158,16530,GPD,tail,21.39793168391183,0.090625,Puntarenas_OTROS_Hidrometereológico
-0.08838474168133609,0.9459924151802158,16531,GPD,tail,21.39793168391183,0.090625,Puntarenas_OTROS_Hidrometereológico
-0.08838474168133609,0.9459924151802158,16532,GPD,tail,21.39793168391183,0.090625,Puntarenas_OTROS_Hidrometereológico
-0.08838474168133609,0.9459924151802158,16533,GPD,tail,21.39793168391183,0.090625,Puntarenas_OTROS_Hidrometereológico
-0.08838474168133609,0.9459924151802158,16534,GPD,tail,21.39793168391183,0.090625,Puntarenas_OTROS_Hidrometereológico
-0.1307136673773417,0.9590659753314209,16535,GPD,tail,21.39793168391183,0.090625,Puntarenas_OTROS_Hidrometereológico
-0.1307136673773417,0.9590659753314209,16536,GPD,tail,21.39793168391183,0.090625,Puntarenas_OTROS_Hidrometereológico
-0.1307136673773417,0.9590659753314209,16537,GPD,tail,21.39793168391183,0.090625,Puntarenas_OTROS_Hidrometereológico
-0.1307136673773417,0.9590659753314209,16538,GPD,tail,21.39793168391183,0.090625,Puntarenas_OTROS_Hidrometereológico
-0.1307136673773417,0.9590659753314209,16539,GPD,tail,21.39793168391183,0.090625,Puntarenas_OTROS_Hidrometereológico
-0.1307136673773417,0.9590659753314209,16540,GPD,tail,21.39793168391183,0.090625,Puntarenas_OTROS_Hidrometereológico
-0.1307136673773417,0.9590659753314209,16541,GPD,tail,21.39793168391183,0.090625,Puntarenas_OTROS_Hidrometereológico
-0.1307136673773417,0.9590659753314209,16542,GPD,tail,21.39793168391183,0.090625,Puntarenas_OTROS_Hidrometereológico
-0.1307136673773417,0.9590659753314209,16543,GPD,tail,21.39793168391183,0.090625,Puntarenas_OTROS_Hidrometereológico
-0.1307136673773417,0.9590659753314209,16544,GPD,tail,21.39793168391183,0.090625,Puntarenas_OTROS_Hidrometereológico
-0.1307136673773417,0.9590659753314209,16545,GPD,tail,21.39793168391183,0.090625,Puntarenas_OTROS_Hidrometereológico
-0.1307136673773417,0.9590659753314209,16546,GPD,tail,21.39793168391183,0.090625,Puntarenas_OTROS_Hidrometereológico
-0.1307136673773417,0.9590659753314209,16547,GPD,tail,21.39793168391183,0.090625,Puntarenas_OTROS_Hidrometereológico
-0.1307136673773417,0.9590659753314209,16548,GPD,tail,21.39793168391183,0.090625,Puntarenas_OTROS_Hidrometereológico
-0.1307136673773417,0.9590659753314209,16549,GPD,tail,21.39793168391183,0.090625,Puntarenas_OTROS_Hidrometereológico
-0.1307136673773417,0.9590659753314209,16550,GPD,tail,21.39793168391183,0.090625,Puntarenas_OTROS_Hidrometereológico
-0.1307136673773417,0.9590659753314209,16551,GPD,tail,21.39793168391183,0.090625,Puntarenas_OTROS_Hidrometereológico
-0.1307136673773417,0.9590659753314209,16552,GPD,tail,21.39793168391183,0.090625,Puntarenas_OTROS_Hidrometereológico
-0.1307136673773417,0.9590659753314209,16553,GPD,tail,21.39793168391183,0.090625,Puntarenas_OTROS_Hidrometereológico
-0.1307136673773417,0.9590659753314209,16554,GPD,tail,21.39793168391183,0.090625,Puntarenas_OTROS_Hidrometereológico
-0.1307136673773417,0.9590659753314209,16555,GPD,tail,21.39793168391183,0.090625,Puntarenas_OTROS_Hidrometereológico
-0.1307136673773417,0.9590659753314209,16556,GPD,tail,21.39793168391183,0.090625,Puntarenas_OTROS_Hidrometereológico
-0.1307136673773417,0.9590659753314209,16557,GPD,tail,21.39793168391183,0.090625,Puntarenas_OTROS_Hidrometereológico
-0.1307136673773417,0.9590659753314209,16558,GPD,tail,21.39793168391183,0.090625,Puntarenas_OTROS_Hidrometereológico
-0.1307136673773417,0.9590659753314209,16559,GPD,tail,21.39793168391183,0.090625,Puntarenas_OTROS_Hidrometereológico
-0.1307136673773417,0.9590659753314209,16560,GPD,tail,21.39793168391183,0.090625,Puntarenas_OTROS_Hidrometereológico
-0.1307136673773417,0.9590659753314209,16561,GPD,tail,21.39793168391183,0.090625,Puntarenas_OTROS_Hidrometereológico
-0.1307136673773417,0.9590659753314209,16562,GPD,tail,21.39793168391183,0.090625,Puntarenas_OTROS_Hidrometereológico
-0.1307136673773417,0.9590659753314209,16563,GPD,tail,21.39793168391183,0.090625,Puntarenas_OTROS_Hidrometereológico
-0.09015577279101997,0.8347299994227136,16564,GPD,tail,21.39793168391183,0.090625,Puntarenas_OTROS_Hidrometereológico
-0.09015577279101997,0.8347299994227136,16565,GPD,tail,21.39793168391183,0.090625,Puntarenas_OTROS_Hidrometereológico
-0.09015577279101997,0.8347299994227136,16566,GPD,tail,21.39793168391183,0.090625,Puntarenas_OTROS_Hidrometereológico
-0.09015577279101997,0.8347299994227136,16567,GPD,tail,21.39793168391183,0.090625,Puntarenas_OTROS_Hidrometereológico
-0.09015577279101997,0.8347299994227136,16568,GPD,tail,21.39793168391183,0.090625,Puntarenas_OTROS_Hidrometereológico
-0.09015577279101997,0.8347299994227136,16569,GPD,tail,21.39793168391183,0.090625,Puntarenas_OTROS_Hidrometereológico
-0.09015577279101997,0.8347299994227136,16570,GPD,tail,21.39793168391183,0.090625,Puntarenas_OTROS_Hidrometereológico
-0.09015577279101997,0.8347299994227136,16571,GPD,tail,21.39793168391183,0.090625,Puntarenas_OTROS_Hidrometereológico
-0.08851004690324589,0.9167796629819415,16572,GPD,tail,21.39793168391183,0.090625,Puntarenas_OTROS_Hidrometereológico
-0.08851004690324589,0.9167796629819415,16573,GPD,tail,21.39793168391183,0.090625,Puntarenas_OTROS_Hidrometereológico
-0.08851004690324589,0.9167796629819415,16574,GPD,tail,21.39793168391183,0.090625,Puntarenas_OTROS_Hidrometereológico
-0.08851004690324589,0.9167796629819415,16575,GPD,tail,21.39793168391183,0.090625,Puntarenas_OTROS_Hidrometereológico
-0.08851004690324589,0.9167796629819415,16576,GPD,tail,21.39793168391183,0.090625,Puntarenas_OTROS_Hidrometereológico
-0.08851004690324589,0.9167796629819415,16577,GPD,tail,21.39793168391183,0.090625,Puntarenas_OTROS_Hidrometereológico
-0.08851004690324589,0.9167796629819415,16578,GPD,tail,21.39793168391183,0.090625,Puntarenas_OTROS_Hidrometereológico
-0.08851004690324589,0.9167796629819415,16579,GPD,tail,21.39793168391183,0.090625,Puntarenas_OTROS_Hidrometereológico
-0.08851004690324589,0.9167796629819415,16580,GPD,tail,21.39793168391183,0.090625,Puntarenas_OTROS_Hidrometereológico
-0.08851004690324589,0.9167796629819415,16581,GPD,tail,21.39793168391183,0.090625,Puntarenas_OTROS_Hidrometereológico
-0.08851004690324589,0.9167796629819415,16582,GPD,tail,21.39793168391183,0.090625,Puntarenas_OTROS_Hidrometereológico
-0.08851004690324589,0.9167796629819415,16583,GPD,tail,21.39793168391183,0.090625,Puntarenas_OTROS_Hidrometereológico
-0.08851004690324589,0.9167796629819415,16584,GPD,tail,21.39793168391183,0.090625,Puntarenas_OTROS_Hidrometereológico
-0.08851004690324589,0.9167796629819415,16585,GPD,tail,21.39793168391183,0.090625,Puntarenas_OTROS_Hidrometereológico
-0.08851004690324589,0.9167796629819415,16586,GPD,tail,21.39793168391183,0.090625,Puntarenas_OTROS_Hidrometereológico
-0.08851004690324589,0.9167796629819415,16587,GPD,tail,21.39793168391183,0.090625,Puntarenas_OTROS_Hidrometereológico
-0.08851004690324589,0.9167796629819415,16588,GPD,tail,21.39793168391183,0.090625,Puntarenas_OTROS_Hidrometereológico
-0.08851004690324589,0.9167796629819415,16589,GPD,tail,21.39793168391183,0.090625,Puntarenas_OTROS_Hidrometereológico
-0.08851004690324589,0.9167796629819415,16590,GPD,tail,21.39793168391183,0.090625,Puntarenas_OTROS_Hidrometereológico
-0.08851004690324589,0.9167796629819415,16591,GPD,tail,21.39793168391183,0.090625,Puntarenas_OTROS_Hidrometereológico
-0.11654289389288687,0.8950100702891948,16592,GPD,tail,21.39793168391183,0.090625,Puntarenas_OTROS_Hidrometereológico
-0.11654289389288687,0.8950100702891948,16593,GPD,tail,21.39793168391183,0.090625,Puntarenas_OTROS_Hidrometereológico
-0.11654289389288687,0.8950100702891948,16594,GPD,tail,21.39793168391183,0.090625,Puntarenas_OTROS_Hidrometereológico
-0.11654289389288687,0.8950100702891948,16595,GPD,tail,21.39793168391183,0.090625,Puntarenas_OTROS_Hidrometereológico
-0.11654289389288687,0.8950100702891948,16596,GPD,tail,21.39793168391183,0.090625,Puntarenas_OTROS_Hidrometereológico
-0.11654289389288687,0.8950100702891948,16597,GPD,tail,21.39793168391183,0.090625,Puntarenas_OTROS_Hidrometereológico
-0.11654289389288687,0.8950100702891948,16598,GPD,tail,21.39793168391183,0.090625,Puntarenas_OTROS_Hidrometereológico
-0.11654289389288687,0.8950100702891948,16599,GPD,tail,21.39793168391183,0.090625,Puntarenas_OTROS_Hidrometereológico
-0.11654289389288687,0.8950100702891948,16600,GPD,tail,21.39793168391183,0.090625,Puntarenas_OTROS_Hidrometereológico
-0.11654289389288687,0.8950100702891948,16601,GPD,tail,21.39793168391183,0.090625,Puntarenas_OTROS_Hidrometereológico
-0.11654289389288687,0.8950100702891948,16602,GPD,tail,21.39793168391183,0.090625,Puntarenas_OTROS_Hidrometereológico
-0.11654289389288687,0.8950100702891948,16603,GPD,tail,21.39793168391183,0.090625,Puntarenas_OTROS_Hidrometereológico
-0.11654289389288687,0.8950100702891948,16604,GPD,tail,21.39793168391183,0.090625,Puntarenas_OTROS_Hidrometereológico
-0.11654289389288687,0.8950100702891948,16605,GPD,tail,21.39793168391183,0.090625,Puntarenas_OTROS_Hidrometereológico
-0.11654289389288687,0.8950100702891948,16606,GPD,tail,21.39793168391183,0.090625,Puntarenas_OTROS_Hidrometereológico
-0.11654289389288687,0.8950100702891948,16607,GPD,tail,21.39793168391183,0.090625,Puntarenas_OTROS_Hidrometereológico
-0.11654289389288687,0.8950100702891948,16608,GPD,tail,21.39793168391183,0.090625,Puntarenas_OTROS_Hidrometereológico
-0.11654289389288687,0.8950100702891948,16609,GPD,tail,21.39793168391183,0.090625,Puntarenas_OTROS_Hidrometereológico
-0.11654289389288687,0.8950100702891948,16610,GPD,tail,21.39793168391183,0.090625,Puntarenas_OTROS_Hidrometereológico
-0.11654289389288687,0.8950100702891948,16611,GPD,tail,21.39793168391183,0.090625,Puntarenas_OTROS_Hidrometereológico
-0.11654289389288687,0.8950100702891948,16612,GPD,tail,21.39793168391183,0.090625,Puntarenas_OTROS_Hidrometereológico
-0.11654289389288687,0.8950100702891948,16613,GPD,tail,21.39793168391183,0.090625,Puntarenas_OTROS_Hidrometereológico
-0.11654289389288687,0.8950100702891948,16614,GPD,tail,21.39793168391183,0.090625,Puntarenas_OTROS_Hidrometereológico
0.08546948345848802,0.7394980203906476,16615,GPD,tail,21.39793168391183,0.090625,Puntarenas_OTROS_Hidrometereológico
0.08546948345848802,0.7394980203906476,16616,GPD,tail,21.39793168391183,0.090625,Puntarenas_OTROS_Hidrometereológico
0.08546948345848802,0.7394980203906476,16617,GPD,tail,21.39793168391183,0.090625,Puntarenas_OTROS_Hidrometereológico
0.08546948345848802,0.7394980203906476,16618,GPD,tail,21.39793168391183,0.090625,Puntarenas_OTROS_Hidrometereológico
0.08546948345848802,0.7394980203906476,16619,GPD,tail,21.39793168391183,0.090625,Puntarenas_OTROS_Hidrometereológico
0.08546948345848802,0.7394980203906476,16620,GPD,tail,21.39793168391183,0.090625,Puntarenas_OTROS_Hidrometereológico
0.08546948345848802,0.7394980203906476,16621,GPD,tail,21.39793168391183,0.090625,Puntarenas_OTROS_Hidrometereológico
0.08546948345848802,0.7394980203906476,16622,GPD,tail,21.39793168391183,0.090625,Puntarenas_OTROS_Hidrometereológico
0.08546948345848802,0.7394980203906476,16623,GPD,tail,21.39793168391183,0.090625,Puntarenas_OTROS_Hidrometereológico
0.08546948345848802,0.7394980203906476,16624,GPD,tail,21.39793168391183,0.090625,Puntarenas_OTROS_Hidrometereológico
-0.03048521839161425,0.7947804062790466,16625,GPD,tail,21.39793168391183,0.090625,Puntarenas_OTROS_Hidrometereológico
-0.03048521839161425,0.7947804062790466,16626,GPD,tail,21.39793168391183,0.090625,Puntarenas_OTROS_Hidrometereológico
-0.03048521839161425,0.7947804062790466,16627,GPD,tail,21.39793168391183,0.090625,Puntarenas_OTROS_Hidrometereológico
-0.03048521839161425,0.7947804062790466,16628,GPD,tail,21.39793168391183,0.090625,Puntarenas_OTROS_Hidrometereológico
-0.03048521839161425,0.7947804062790466,16629,GPD,tail,21.39793168391183,0.090625,Puntarenas_OTROS_Hidrometereológico
-0.03048521839161425,0.7947804062790466,16630,GPD,tail,21.39793168391183,0.090625,Puntarenas_OTROS_Hidrometereológico
-0.03048521839161425,0.7947804062790466,16631,GPD,tail,21.39793168391183,0.090625,Puntarenas_OTROS_Hidrometereológico
-0.03048521839161425,0.7947804062790466,16632,GPD,tail,21.39793168391183,0.090625,Puntarenas_OTROS_Hidrometereológico
-0.03048521839161425,0.7947804062790466,16633,GPD,tail,21.39793168391183,0.090625,Puntarenas_OTROS_Hidrometereológico
-0.03048521839161425,0.7947804062790466,16634,GPD,tail,21.39793168391183,0.090625,Puntarenas_OTROS_Hidrometereológico
-0.03048521839161425,0.7947804062790466,16635,GPD,tail,21.39793168391183,0.090625,Puntarenas_OTROS_Hidrometereológico
-0.03048521839161425,0.7947804062790466,16636,GPD,tail,21.39793168391183,0.090625,Puntarenas_OTROS_Hidrometereológico
-0.03048521839161425,0.7947804062790466,16637,GPD,tail,21.39793168391183,0.090625,Puntarenas_OTROS_Hidrometereológico
-0.03048521839161425,0.7947804062790466,16638,GPD,tail,21.39793168391183,0.090625,Puntarenas_OTROS_Hidrometereológico
-0.03048521839161425,0.7947804062790466,16639,GPD,tail,21.39793168391183,0.090625,Puntarenas_OTROS_Hidrometereológico
-0.03048521839161425,0.7947804062790466,16640,GPD,tail,21.39793168391183,0.090625,Puntarenas_OTROS_Hidrometereológico
-0.03048521839161425,0.7947804062790466,16641,GPD,tail,21.39793168391183,0.090625,Puntarenas_OTROS_Hidrometereológico
-0.03048521839161425,0.7947804062790466,16642,GPD,tail,21.39793168391183,0.090625,Puntarenas_OTROS_Hidrometereológico
-0.03048521839161425,0.7947804062790466,16643,GPD,tail,21.39793168391183,0.090625,Puntarenas_OTROS_Hidrometereológico
-0.03048521839161425,0.7947804062790466,16644,GPD,tail,21.39793168391183,0.090625,Puntarenas_OTROS_Hidrometereológico
-0.03048521839161425,0.7947804062790466,16645,GPD,tail,21.39793168391183,0.090625,Puntarenas_OTROS_Hidrometereológico
-0.03048521839161425,0.7947804062790466,16646,GPD,tail,21.39793168391183,0.090625,Puntarenas_OTROS_Hidrometereológico
-0.03048521839161425,0.7947804062790466,16647,GPD,tail,21.39793168391183,0.090625,Puntarenas_OTROS_Hidrometereológico
-0.03048521839161425,0.7947804062790466,16648,GPD,tail,21.39793168391183,0.090625,Puntarenas_OTROS_Hidrometereológico
-0.03048521839161425,0.7947804062790466,16649,GPD,tail,21.39793168391183,0.090625,Puntarenas_OTROS_Hidrometereológico
-0.03048521839161425,0.7947804062790466,16650,GPD,tail,21.39793168391183,0.090625,Puntarenas_OTROS_Hidrometereológico
-0.16493481739074958,1.071927629883474,16651,GPD,tail,21.39793168391183,0.090625,Puntarenas_OTROS_Hidrometereológico
-0.16493481739074958,1.071927629883474,16652,GPD,tail,21.39793168391183,0.090625,Puntarenas_OTROS_Hidrometereológico
-0.16493481739074958,1.071927629883474,16653,GPD,tail,21.39793168391183,0.090625,Puntarenas_OTROS_Hidrometereológico
-0.16493481739074958,1.071927629883474,16654,GPD,tail,21.39793168391183,0.090625,Puntarenas_OTROS_Hidrometereológico
-0.16493481739074958,1.071927629883474,16655,GPD,tail,21.39793168391183,0.090625,Puntarenas_OTROS_Hidrometereológico
-0.16493481739074958,1.071927629883474,16656,GPD,tail,21.39793168391183,0.090625,Puntarenas_OTROS_Hidrometereológico
-0.16493481739074958,1.071927629883474,16657,GPD,tail,21.39793168391183,0.090625,Puntarenas_OTROS_Hidrometereológico
-0.16493481739074958,1.071927629883474,16658,GPD,tail,21.39793168391183,0.090625,Puntarenas_OTROS_Hidrometereológico
-0.16493481739074958,1.071927629883474,16659,GPD,tail,21.39793168391183,0.090625,Puntarenas_OTROS_Hidrometereológico
-0.16493481739074958,1.071927629883474,16660,GPD,tail,21.39793168391183,0.090625,Puntarenas_OTROS_Hidrometereológico
-0.16493481739074958,1.071927629883474,16661,GPD,tail,21.39793168391183,0.090625,Puntarenas_OTROS_Hidrometereológico
-0.06116821242873165,0.8667751925214278,16662,GPD,tail,21.39793168391183,0.090625,Puntarenas_OTROS_Hidrometereológico
-0.06116821242873165,0.8667751925214278,16663,GPD,tail,21.39793168391183,0.090625,Puntarenas_OTROS_Hidrometereológico
-0.06116821242873165,0.8667751925214278,16664,GPD,tail,21.39793168391183,0.090625,Puntarenas_OTROS_Hidrometereológico
-0.06116821242873165,0.8667751925214278,16665,GPD,tail,21.39793168391183,0.090625,Puntarenas_OTROS_Hidrometereológico
-0.06116821242873165,0.8667751925214278,16666,GPD,tail,21.39793168391183,0.090625,Puntarenas_OTROS_Hidrometereológico
-0.06116821242873165,0.8667751925214278,16667,GPD,tail,21.39793168391183,0.090625,Puntarenas_OTROS_Hidrometereológico
0.04702776853830709,0.7856817991500011,16668,GPD,tail,21.39793168391183,0.090625,Puntarenas_OTROS_Hidrometereológico
0.04702776853830709,0.7856817991500011,16669,GPD,tail,21.39793168391183,0.090625,Puntarenas_OTROS_Hidrometereológico
0.04702776853830709,0.7856817991500011,16670,GPD,tail,21.39793168391183,0.090625,Puntarenas_OTROS_Hidrometereológico
0.04702776853830709,0.7856817991500011,16671,GPD,tail,21.39793168391183,0.090625,Puntarenas_OTROS_Hidrometereológico
0.04702776853830709,0.7856817991500011,16672,GPD,tail,21.39793168391183,0.090625,Puntarenas_OTROS_Hidrometereológico
0.04702776853830709,0.7856817991500011,16673,GPD,tail,21.39793168391183,0.090625,Puntarenas_OTROS_Hidrometereológico
-0.04850964225556166,0.795501342597387,16674,GPD,tail,21.39793168391183,0.090625,Puntarenas_OTROS_Hidrometereológico
-0.04850964225556166,0.795501342597387,16675,GPD,tail,21.39793168391183,0.090625,Puntarenas_OTROS_Hidrometereológico
-0.04850964225556166,0.795501342597387,16676,GPD,tail,21.39793168391183,0.090625,Puntarenas_OTROS_Hidrometereológico
-0.04850964225556166,0.795501342597387,16677,GPD,tail,21.39793168391183,0.090625,Puntarenas_OTROS_Hidrometereológico
-0.04850964225556166,0.795501342597387,16678,GPD,tail,21.39793168391183,0.090625,Puntarenas_OTROS_Hidrometereológico
-0.04850964225556166,0.795501342597387,16679,GPD,tail,21.39793168391183,0.090625,Puntarenas_OTROS_Hidrometereológico
-0.04850964225556166,0.795501342597387,16680,GPD,tail,21.39793168391183,0.090625,Puntarenas_OTROS_Hidrometereológico
-0.05511039465051363,0.7759613637335766,16681,GPD,tail,21.39793168391183,0.090625,Puntarenas_OTROS_Hidrometereológico
-0.05511039465051363,0.7759613637335766,16682,GPD,tail,21.39793168391183,0.090625,Puntarenas_OTROS_Hidrometereológico
-0.05511039465051363,0.7759613637335766,16683,GPD,tail,21.39793168391183,0.090625,Puntarenas_OTROS_Hidrometereológico
-0.05511039465051363,0.7759613637335766,16684,GPD,tail,21.39793168391183,0.090625,Puntarenas_OTROS_Hidrometereológico
-0.05511039465051363,0.7759613637335766,16685,GPD,tail,21.39793168391183,0.090625,Puntarenas_OTROS_Hidrometereológico
-0.05511039465051363,0.7759613637335766,16686,GPD,tail,21.39793168391183,0.090625,Puntarenas_OTROS_Hidrometereológico
-0.05511039465051363,0.7759613637335766,16687,GPD,tail,21.39793168391183,0.090625,Puntarenas_OTROS_Hidrometereológico
-0.05511039465051363,0.7759613637335766,16688,GPD,tail,21.39793168391183,0.090625,Puntarenas_OTROS_Hidrometereológico
-0.05511039465051363,0.7759613637335766,16689,GPD,tail,21.39793168391183,0.090625,Puntarenas_OTROS_Hidrometereológico
-0.05511039465051363,0.7759613637335766,16690,GPD,tail,21.39793168391183,0.090625,Puntarenas_OTROS_Hidrometereológico
-0.05511039465051363,0.7759613637335766,16691,GPD,tail,21.39793168391183,0.090625,Puntarenas_OTROS_Hidrometereológico
-0.05511039465051363,0.7759613637335766,16692,GPD,tail,21.39793168391183,0.090625,Puntarenas_OTROS_Hidrometereológico
-0.05511039465051363,0.7759613637335766,16693,GPD,tail,21.39793168391183,0.090625,Puntarenas_OTROS_Hidrometereológico
-0.05511039465051363,0.7759613637335766,16694,GPD,tail,21.39793168391183,0.090625,Puntarenas_OTROS_Hidrometereológico
-0.05511039465051363,0.7759613637335766,16695,GPD,tail,21.39793168391183,0.090625,Puntarenas_OTROS_Hidrometereológico
-0.05511039465051363,0.7759613637335766,16696,GPD,tail,21.39793168391183,0.090625,Puntarenas_OTROS_Hidrometereológico
-0.1426472562029683,1.0589975291333902,16697,GPD,tail,21.39793168391183,0.090625,Puntarenas_OTROS_Hidrometereológico
-0.1426472562029683,1.0589975291333902,16698,GPD,tail,21.39793168391183,0.090625,Puntarenas_OTROS_Hidrometereológico
-0.1426472562029683,1.0589975291333902,16699,GPD,tail,21.39793168391183,0.090625,Puntarenas_OTROS_Hidrometereológico
-0.1426472562029683,1.0589975291333902,16700,GPD,tail,21.39793168391183,0.090625,Puntarenas_OTROS_Hidrometereológico
0.014724327480225646,0.8673196399487662,16701,GPD,tail,21.39793168391183,0.090625,Puntarenas_OTROS_Hidrometereológico
0.014724327480225646,0.8673196399487662,16702,GPD,tail,21.39793168391183,0.090625,Puntarenas_OTROS_Hidrometereológico
0.014724327480225646,0.8673196399487662,16703,GPD,tail,21.39793168391183,0.090625,Puntarenas_OTROS_Hidrometereológico
0.014724327480225646,0.8673196399487662,16704,GPD,tail,21.39793168391183,0.090625,Puntarenas_OTROS_Hidrometereológico
0.014724327480225646,0.8673196399487662,16705,GPD,tail,21.39793168391183,0.090625,Puntarenas_OTROS_Hidrometereológico
0.014724327480225646,0.8673196399487662,16706,GPD,tail,21.39793168391183,0.090625,Puntarenas_OTROS_Hidrometereológico
0.014724327480225646,0.8673196399487662,16707,GPD,tail,21.39793168391183,0.090625,Puntarenas_OTROS_Hidrometereológico
0.014724327480225646,0.8673196399487662,16708,GPD,tail,21.39793168391183,0.090625,Puntarenas_OTROS_Hidrometereológico
0.014724327480225646,0.8673196399487662,16709,GPD,tail,21.39793168391183,0.090625,Puntarenas_OTROS_Hidrometereológico
0.014724327480225646,0.8673196399487662,16710,GPD,tail,21.39793168391183,0.090625,Puntarenas_OTROS_Hidrometereológico
0.014724327480225646,0.8673196399487662,16711,GPD,tail,21.39793168391183,0.090625,Puntarenas_OTROS_Hidrometereológico
0.014724327480225646,0.8673196399487662,16712,GPD,tail,21.39793168391183,0.090625,Puntarenas_OTROS_Hidrometereológico
0.014724327480225646,0.8673196399487662,16713,GPD,tail,21.39793168391183,0.090625,Puntarenas_OTROS_Hidrometereológico
0.014724327480225646,0.8673196399487662,16714,GPD,tail,21.39793168391183,0.090625,Puntarenas_OTROS_Hidrometereológico
0.014724327480225646,0.8673196399487662,16715,GPD,tail,21.39793168391183,0.090625,Puntarenas_OTROS_Hidrometereológico
0.014724327480225646,0.8673196399487662,16716,GPD,tail,21.39793168391183,0.090625,Puntarenas_OTROS_Hidrometereológico
0.014724327480225646,0.8673196399487662,16717,GPD,tail,21.39793168391183,0.090625,Puntarenas_OTROS_Hidrometereológico
0.014724327480225646,0.8673196399487662,16718,GPD,tail,21.39793168391183,0.090625,Puntarenas_OTROS_Hidrometereológico
0.014724327480225646,0.8673196399487662,16719,GPD,tail,21.39793168391183,0.090625,Puntarenas_OTROS_Hidrometereológico
0.014724327480225646,0.8673196399487662,16720,GPD,tail,21.39793168391183,0.090625,Puntarenas_OTROS_Hidrometereológico
0.014724327480225646,0.8673196399487662,16721,GPD,tail,21.39793168391183,0.090625,Puntarenas_OTROS_Hidrometereológico
-0.14320246605639853,1.0229425742848632,16722,GPD,tail,21.39793168391183,0.090625,Puntarenas_OTROS_Hidrometereológico
-0.14320246605639853,1.0229425742848632,16723,GPD,tail,21.39793168391183,0.090625,Puntarenas_OTROS_Hidrometereológico
-0.14320246605639853,1.0229425742848632,16724,GPD,tail,21.39793168391183,0.090625,Puntarenas_OTROS_Hidrometereológico
-0.14320246605639853,1.0229425742848632,16725,GPD,tail,21.39793168391183,0.090625,Puntarenas_OTROS_Hidrometereológico
-0.14320246605639853,1.0229425742848632,16726,GPD,tail,21.39793168391183,0.090625,Puntarenas_OTROS_Hidrometereológico
-0.14320246605639853,1.0229425742848632,16727,GPD,tail,21.39793168391183,0.090625,Puntarenas_OTROS_Hidrometereológico
-0.08173455150890539,0.8097035219104152,16728,GPD,tail,21.39793168391183,0.090625,Puntarenas_OTROS_Hidrometereológico
-0.03974102691256858,0.8257455125750519,16729,GPD,tail,21.39793168391183,0.090625,Puntarenas_OTROS_Hidrometereológico
-0.03974102691256858,0.8257455125750519,16730,GPD,tail,21.39793168391183,0.090625,Puntarenas_OTROS_Hidrometereológico
-0.03974102691256858,0.8257455125750519,16731,GPD,tail,21.39793168391183,0.090625,Puntarenas_OTROS_Hidrometereológico
-0.03974102691256858,0.8257455125750519,16732,GPD,tail,21.39793168391183,0.090625,Puntarenas_OTROS_Hidrometereológico
-0.03974102691256858,0.8257455125750519,16733,GPD,tail,21.39793168391183,0.090625,Puntarenas_OTROS_Hidrometereológico
-0.03974102691256858,0.8257455125750519,16734,GPD,tail,21.39793168391183,0.090625,Puntarenas_OTROS_Hidrometereológico
-0.03974102691256858,0.8257455125750519,16735,GPD,tail,21.39793168391183,0.090625,Puntarenas_OTROS_Hidrometereológico
-0.03974102691256858,0.8257455125750519,16736,GPD,tail,21.39793168391183,0.090625,Puntarenas_OTROS_Hidrometereológico
-0.03974102691256858,0.8257455125750519,16737,GPD,tail,21.39793168391183,0.090625,Puntarenas_OTROS_Hidrometereológico
-0.03974102691256858,0.8257455125750519,16738,GPD,tail,21.39793168391183,0.090625,Puntarenas_OTROS_Hidrometereológico
-0.03974102691256858,0.8257455125750519,16739,GPD,tail,21.39793168391183,0.090625,Puntarenas_OTROS_Hidrometereológico
-0.03974102691256858,0.8257455125750519,16740,GPD,tail,21.39793168391183,0.090625,Puntarenas_OTROS_Hidrometereológico
-0.03974102691256858,0.8257455125750519,16741,GPD,tail,21.39793168391183,0.090625,Puntarenas_OTROS_Hidrometereológico
-0.03974102691256858,0.8257455125750519,16742,GPD,tail,21.39793168391183,0.090625,Puntarenas_OTROS_Hidrometereológico
-0.03974102691256858,0.8257455125750519,16743,GPD,tail,21.39793168391183,0.090625,Puntarenas_OTROS_Hidrometereológico
-0.03974102691256858,0.8257455125750519,16744,GPD,tail,21.39793168391183,0.090625,Puntarenas_OTROS_Hidrometereológico
-0.03974102691256858,0.8257455125750519,16745,GPD,tail,21.39793168391183,0.090625,Puntarenas_OTROS_Hidrometereológico
-0.03974102691256858,0.8257455125750519,16746,GPD,tail,21.39793168391183,0.090625,Puntarenas_OTROS_Hidrometereológico
-0.03974102691256858,0.8257455125750519,16747,GPD,tail,21.39793168391183,0.090625,Puntarenas_OTROS_Hidrometereológico
-0.03974102691256858,0.8257455125750519,16748,GPD,tail,21.39793168391183,0.090625,Puntarenas_OTROS_Hidrometereológico
-0.03974102691256858,0.8257455125750519,16749,GPD,tail,21.39793168391183,0.090625,Puntarenas_OTROS_Hidrometereológico
-0.03974102691256858,0.8257455125750519,16750,GPD,tail,21.39793168391183,0.090625,Puntarenas_OTROS_Hidrometereológico
-0.03974102691256858,0.8257455125750519,16751,GPD,tail,21.39793168391183,0.090625,Puntarenas_OTROS_Hidrometereológico
-0.03974102691256858,0.8257455125750519,16752,GPD,tail,21.39793168391183,0.090625,Puntarenas_OTROS_Hidrometereológico
-0.03974102691256858,0.8257455125750519,16753,GPD,tail,21.39793168391183,0.090625,Puntarenas_OTROS_Hidrometereológico
-0.03974102691256858,0.8257455125750519,16754,GPD,tail,21.39793168391183,0.090625,Puntarenas_OTROS_Hidrometereológico
-0.03974102691256858,0.8257455125750519,16755,GPD,tail,21.39793168391183,0.090625,Puntarenas_OTROS_Hidrometereológico
-0.03974102691256858,0.8257455125750519,16756,GPD,tail,21.39793168391183,0.090625,Puntarenas_OTROS_Hidrometereológico
-0.03974102691256858,0.8257455125750519,16757,GPD,tail,21.39793168391183,0.090625,Puntarenas_OTROS_Hidrometereológico
-0.03974102691256858,0.8257455125750519,16758,GPD,tail,21.39793168391183,0.090625,Puntarenas_OTROS_Hidrometereológico
-0.03974102691256858,0.8257455125750519,16759,GPD,tail,21.39793168391183,0.090625,Puntarenas_OTROS_Hidrometereológico
-0.03974102691256858,0.8257455125750519,16760,GPD,tail,21.39793168391183,0.090625,Puntarenas_OTROS_Hidrometereológico
-0.03974102691256858,0.8257455125750519,16761,GPD,tail,21.39793168391183,0.090625,Puntarenas_OTROS_Hidrometereológico
-0.03974102691256858,0.8257455125750519,16762,GPD,tail,21.39793168391183,0.090625,Puntarenas_OTROS_Hidrometereológico
-0.03568254113744021,0.8214712093502297,16763,GPD,tail,21.39793168391183,0.090625,Puntarenas_OTROS_Hidrometereológico
-0.03568254113744021,0.8214712093502297,16764,GPD,tail,21.39793168391183,0.090625,Puntarenas_OTROS_Hidrometereológico
-0.03568254113744021,0.8214712093502297,16765,GPD,tail,21.39793168391183,0.090625,Puntarenas_OTROS_Hidrometereológico
-0.03568254113744021,0.8214712093502297,16766,GPD,tail,21.39793168391183,0.090625,Puntarenas_OTROS_Hidrometereológico
-0.03568254113744021,0.8214712093502297,16767,GPD,tail,21.39793168391183,0.090625,Puntarenas_OTROS_Hidrometereológico
-0.03568254113744021,0.8214712093502297,16768,GPD,tail,21.39793168391183,0.090625,Puntarenas_OTROS_Hidrometereológico
-0.03568254113744021,0.8214712093502297,16769,GPD,tail,21.39793168391183,0.090625,Puntarenas_OTROS_Hidrometereológico
-0.03568254113744021,0.8214712093502297,16770,GPD,tail,21.39793168391183,0.090625,Puntarenas_OTROS_Hidrometereológico
-0.03568254113744021,0.8214712093502297,16771,GPD,tail,21.39793168391183,0.090625,Puntarenas_OTROS_Hidrometereológico
0.009339395450911184,0.7915166533358361,16772,GPD,tail,21.39793168391183,0.090625,Puntarenas_OTROS_Hidrometereológico
0.009339395450911184,0.7915166533358361,16773,GPD,tail,21.39793168391183,0.090625,Puntarenas_OTROS_Hidrometereológico
-0.04773006634867777,0.8197212025975105,16774,GPD,tail,21.39793168391183,0.090625,Puntarenas_OTROS_Hidrometereológico
-0.04061558042224789,0.8942946631740294,16775,GPD,tail,21.39793168391183,0.090625,Puntarenas_OTROS_Hidrometereológico
-0.04061558042224789,0.8942946631740294,16776,GPD,tail,21.39793168391183,0.090625,Puntarenas_OTROS_Hidrometereológico
-0.04061558042224789,0.8942946631740294,16777,GPD,tail,21.39793168391183,0.090625,Puntarenas_OTROS_Hidrometereológico
-0.04061558042224789,0.8942946631740294,16778,GPD,tail,21.39793168391183,0.090625,Puntarenas_OTROS_Hidrometereológico
-0.04061558042224789,0.8942946631740294,16779,GPD,tail,21.39793168391183,0.090625,Puntarenas_OTROS_Hidrometereológico
-0.04061558042224789,0.8942946631740294,16780,GPD,tail,21.39793168391183,0.090625,Puntarenas_OTROS_Hidrometereológico
-0.04061558042224789,0.8942946631740294,16781,GPD,tail,21.39793168391183,0.090625,Puntarenas_OTROS_Hidrometereológico
-0.04061558042224789,0.8942946631740294,16782,GPD,tail,21.39793168391183,0.090625,Puntarenas_OTROS_Hidrometereológico
-0.04061558042224789,0.8942946631740294,16783,GPD,tail,21.39793168391183,0.090625,Puntarenas_OTROS_Hidrometereológico
-0.04061558042224789,0.8942946631740294,16784,GPD,tail,21.39793168391183,0.090625,Puntarenas_OTROS_Hidrometereológico
-0.04061558042224789,0.8942946631740294,16785,GPD,tail,21.39793168391183,0.090625,Puntarenas_OTROS_Hidrometereológico
-0.04061558042224789,0.8942946631740294,16786,GPD,tail,21.39793168391183,0.090625,Puntarenas_OTROS_Hidrometereológico
-0.1559261990790954,0.953027509787073,16787,GPD,tail,21.39793168391183,0.090625,Puntarenas_OTROS_Hidrometereológico
-0.1559261990790954,0.953027509787073,16788,GPD,tail,21.39793168391183,0.090625,Puntarenas_OTROS_Hidrometereológico
-0.1559261990790954,0.953027509787073,16789,GPD,tail,21.39793168391183,0.090625,Puntarenas_OTROS_Hidrometereológico
-0.1559261990790954,0.953027509787073,16790,GPD,tail,21.39793168391183,0.090625,Puntarenas_OTROS_Hidrometereológico
-0.1559261990790954,0.953027509787073,16791,GPD,tail,21.39793168391183,0.090625,Puntarenas_OTROS_Hidrometereológico
-0.1559261990790954,0.953027509787073,16792,GPD,tail,21.39793168391183,0.090625,Puntarenas_OTROS_Hidrometereológico
-0.1559261990790954,0.953027509787073,16793,GPD,tail,21.39793168391183,0.090625,Puntarenas_OTROS_Hidrometereológico
-0.1559261990790954,0.953027509787073,16794,GPD,tail,21.39793168391183,0.090625,Puntarenas_OTROS_Hidrometereológico
-0.1559261990790954,0.953027509787073,16795,GPD,tail,21.39793168391183,0.090625,Puntarenas_OTROS_Hidrometereológico
-0.1559261990790954,0.953027509787073,16796,GPD,tail,21.39793168391183,0.090625,Puntarenas_OTROS_Hidrometereológico
-0.1559261990790954,0.953027509787073,16797,GPD,tail,21.39793168391183,0.090625,Puntarenas_OTROS_Hidrometereológico
-0.1559261990790954,0.953027509787073,16798,GPD,tail,21.39793168391183,0.090625,Puntarenas_OTROS_Hidrometereológico
0.006287108966666177,0.8520576438675929,16799,GPD,tail,21.39793168391183,0.090625,Puntarenas_OTROS_Hidrometereológico
0.006287108966666177,0.8520576438675929,16800,GPD,tail,21.39793168391183,0.090625,Puntarenas_OTROS_Hidrometereológico
0.006287108966666177,0.8520576438675929,16801,GPD,tail,21.39793168391183,0.090625,Puntarenas_OTROS_Hidrometereológico
0.006287108966666177,0.8520576438675929,16802,GPD,tail,21.39793168391183,0.090625,Puntarenas_OTROS_Hidrometereológico
0.006287108966666177,0.8520576438675929,16803,GPD,tail,21.39793168391183,0.090625,Puntarenas_OTROS_Hidrometereológico
0.006287108966666177,0.8520576438675929,16804,GPD,tail,21.39793168391183,0.090625,Puntarenas_OTROS_Hidrometereológico
0.006287108966666177,0.8520576438675929,16805,GPD,tail,21.39793168391183,0.090625,Puntarenas_OTROS_Hidrometereológico
0.006287108966666177,0.8520576438675929,16806,GPD,tail,21.39793168391183,0.090625,Puntarenas_OTROS_Hidrometereológico
0.006287108966666177,0.8520576438675929,16807,GPD,tail,21.39793168391183,0.090625,Puntarenas_OTROS_Hidrometereológico
0.006287108966666177,0.8520576438675929,16808,GPD,tail,21.39793168391183,0.090625,Puntarenas_OTROS_Hidrometereológico
0.006287108966666177,0.8520576438675929,16809,GPD,tail,21.39793168391183,0.090625,Puntarenas_OTROS_Hidrometereológico
0.046580289177453424,0.7328062750717579,16810,GPD,tail,21.39793168391183,0.090625,Puntarenas_OTROS_Hidrometereológico
0.046580289177453424,0.7328062750717579,16811,GPD,tail,21.39793168391183,0.090625,Puntarenas_OTROS_Hidrometereológico
0.046580289177453424,0.7328062750717579,16812,GPD,tail,21.39793168391183,0.090625,Puntarenas_OTROS_Hidrometereológico
0.046580289177453424,0.7328062750717579,16813,GPD,tail,21.39793168391183,0.090625,Puntarenas_OTROS_Hidrometereológico
0.046580289177453424,0.7328062750717579,16814,GPD,tail,21.39793168391183,0.090625,Puntarenas_OTROS_Hidrometereológico
0.046580289177453424,0.7328062750717579,16815,GPD,tail,21.39793168391183,0.090625,Puntarenas_OTROS_Hidrometereológico
0.046580289177453424,0.7328062750717579,16816,GPD,tail,21.39793168391183,0.090625,Puntarenas_OTROS_Hidrometereológico
0.046580289177453424,0.7328062750717579,16817,GPD,tail,21.39793168391183,0.090625,Puntarenas_OTROS_Hidrometereológico
0.046580289177453424,0.7328062750717579,16818,GPD,tail,21.39793168391183,0.090625,Puntarenas_OTROS_Hidrometereológico
0.020709223364509213,0.6814856408071581,16819,GPD,tail,21.39793168391183,0.090625,Puntarenas_OTROS_Hidrometereológico
0.020709223364509213,0.6814856408071581,16820,GPD,tail,21.39793168391183,0.090625,Puntarenas_OTROS_Hidrometereológico
0.020709223364509213,0.6814856408071581,16821,GPD,tail,21.39793168391183,0.090625,Puntarenas_OTROS_Hidrometereológico
0.020709223364509213,0.6814856408071581,16822,GPD,tail,21.39793168391183,0.090625,Puntarenas_OTROS_Hidrometereológico
-0.06746622165350001,0.7896854998271863,16823,GPD,tail,21.39793168391183,0.090625,Puntarenas_OTROS_Hidrometereológico
-0.06746622165350001,0.7896854998271863,16824,GPD,tail,21.39793168391183,0.090625,Puntarenas_OTROS_Hidrometereológico
-0.06746622165350001,0.7896854998271863,16825,GPD,tail,21.39793168391183,0.090625,Puntarenas_OTROS_Hidrometereológico
-0.00035200377036555264,0.7182625866954363,16826,GPD,tail,21.39793168391183,0.090625,Puntarenas_OTROS_Hidrometereológico
-0.00035200377036555264,0.7182625866954363,16827,GPD,tail,21.39793168391183,0.090625,Puntarenas_OTROS_Hidrometereológico
-0.00035200377036555264,0.7182625866954363,16828,GPD,tail,21.39793168391183,0.090625,Puntarenas_OTROS_Hidrometereológico
-0.00035200377036555264,0.7182625866954363,16829,GPD,tail,21.39793168391183,0.090625,Puntarenas_OTROS_Hidrometereológico
-0.00035200377036555264,0.7182625866954363,16830,GPD,tail,21.39793168391183,0.090625,Puntarenas_OTROS_Hidrometereológico
-0.00035200377036555264,0.7182625866954363,16831,GPD,tail,21.39793168391183,0.090625,Puntarenas_OTROS_Hidrometereológico
-0.00035200377036555264,0.7182625866954363,16832,GPD,tail,21.39793168391183,0.090625,Puntarenas_OTROS_Hidrometereológico
-0.00035200377036555264,0.7182625866954363,16833,GPD,tail,21.39793168391183,0.090625,Puntarenas_OTROS_Hidrometereológico
-0.00035200377036555264,0.7182625866954363,16834,GPD,tail,21.39793168391183,0.090625,Puntarenas_OTROS_Hidrometereológico
-0.02004210413398625,0.8755530009402421,16835,GPD,tail,21.39793168391183,0.090625,Puntarenas_OTROS_Hidrometereológico
-0.02004210413398625,0.8755530009402421,16836,GPD,tail,21.39793168391183,0.090625,Puntarenas_OTROS_Hidrometereológico
-0.02004210413398625,0.8755530009402421,16837,GPD,tail,21.39793168391183,0.090625,Puntarenas_OTROS_Hidrometereológico
-0.02004210413398625,0.8755530009402421,16838,GPD,tail,21.39793168391183,0.090625,Puntarenas_OTROS_Hidrometereológico
-0.02004210413398625,0.8755530009402421,16839,GPD,tail,21.39793168391183,0.090625,Puntarenas_OTROS_Hidrometereológico
-0.02004210413398625,0.8755530009402421,16840,GPD,tail,21.39793168391183,0.090625,Puntarenas_OTROS_Hidrometereológico
-0.02004210413398625,0.8755530009402421,16841,GPD,tail,21.39793168391183,0.090625,Puntarenas_OTROS_Hidrometereológico
-0.02004210413398625,0.8755530009402421,16842,GPD,tail,21.39793168391183,0.090625,Puntarenas_OTROS_Hidrometereológico
-0.02004210413398625,0.8755530009402421,16843,GPD,tail,21.39793168391183,0.090625,Puntarenas_OTROS_Hidrometereológico
-0.02004210413398625,0.8755530009402421,16844,GPD,tail,21.39793168391183,0.090625,Puntarenas_OTROS_Hidrometereológico
-0.02004210413398625,0.8755530009402421,16845,GPD,tail,21.39793168391183,0.090625,Puntarenas_OTROS_Hidrometereológico
-0.02004210413398625,0.8755530009402421,16846,GPD,tail,21.39793168391183,0.090625,Puntarenas_OTROS_Hidrometereológico
-0.02004210413398625,0.8755530009402421,16847,GPD,tail,21.39793168391183,0.090625,Puntarenas_OTROS_Hidrometereológico
-0.02004210413398625,0.8755530009402421,16848,GPD,tail,21.39793168391183,0.090625,Puntarenas_OTROS_Hidrometereológico
-0.02004210413398625,0.8755530009402421,16849,GPD,tail,21.39793168391183,0.090625,Puntarenas_OTROS_Hidrometereológico
-0.02004210413398625,0.8755530009402421,16850,GPD,tail,21.39793168391183,0.090625,Puntarenas_OTROS_Hidrometereológico
-0.02004210413398625,0.8755530009402421,16851,GPD,tail,21.39793168391183,0.090625,Puntarenas_OTROS_Hidrometereológico
-0.02004210413398625,0.8755530009402421,16852,GPD,tail,21.39793168391183,0.090625,Puntarenas_OTROS_Hidrometereológico
-0.02004210413398625,0.8755530009402421,16853,GPD,tail,21.39793168391183,0.090625,Puntarenas_OTROS_Hidrometereológico
-0.02004210413398625,0.8755530009402421,16854,GPD,tail,21.39793168391183,0.090625,Puntarenas_OTROS_Hidrometereológico
-0.02004210413398625,0.8755530009402421,16855,GPD,tail,21.39793168391183,0.090625,Puntarenas_OTROS_Hidrometereológico
-0.02004210413398625,0.8755530009402421,16856,GPD,tail,21.39793168391183,0.090625,Puntarenas_OTROS_Hidrometereológico
-0.02004210413398625,0.8755530009402421,16857,GPD,tail,21.39793168391183,0.090625,Puntarenas_OTROS_Hidrometereológico
-0.02004210413398625,0.8755530009402421,16858,GPD,tail,21.39793168391183,0.090625,Puntarenas_OTROS_Hidrometereológico
-0.02004210413398625,0.8755530009402421,16859,GPD,tail,21.39793168391183,0.090625,Puntarenas_OTROS_Hidrometereológico
-0.02004210413398625,0.8755530009402421,16860,GPD,tail,21.39793168391183,0.090625,Puntarenas_OTROS_Hidrometereológico
-0.02004210413398625,0.8755530009402421,16861,GPD,tail,21.39793168391183,0.090625,Puntarenas_OTROS_Hidrometereológico
-0.02004210413398625,0.8755530009402421,16862,GPD,tail,21.39793168391183,0.090625,Puntarenas_OTROS_Hidrometereológico
-0.02004210413398625,0.8755530009402421,16863,GPD,tail,21.39793168391183,0.090625,Puntarenas_OTROS_Hidrometereológico
-0.02004210413398625,0.8755530009402421,16864,GPD,tail,21.39793168391183,0.090625,Puntarenas_OTROS_Hidrometereológico
-0.02004210413398625,0.8755530009402421,16865,GPD,tail,21.39793168391183,0.090625,Puntarenas_OTROS_Hidrometereológico
-0.02004210413398625,0.8755530009402421,16866,GPD,tail,21.39793168391183,0.090625,Puntarenas_OTROS_Hidrometereológico
-0.02004210413398625,0.8755530009402421,16867,GPD,tail,21.39793168391183,0.090625,Puntarenas_OTROS_Hidrometereológico
-0.02004210413398625,0.8755530009402421,16868,GPD,tail,21.39793168391183,0.090625,Puntarenas_OTROS_Hidrometereológico
-0.02004210413398625,0.8755530009402421,16869,GPD,tail,21.39793168391183,0.090625,Puntarenas_OTROS_Hidrometereológico
-0.02004210413398625,0.8755530009402421,16870,GPD,tail,21.39793168391183,0.090625,Puntarenas_OTROS_Hidrometereológico
-0.02004210413398625,0.8755530009402421,16871,GPD,tail,21.39793168391183,0.090625,Puntarenas_OTROS_Hidrometereológico
-0.02004210413398625,0.8755530009402421,16872,GPD,tail,21.39793168391183,0.090625,Puntarenas_OTROS_Hidrometereológico
-0.02004210413398625,0.8755530009402421,16873,GPD,tail,21.39793168391183,0.090625,Puntarenas_OTROS_Hidrometereológico
-0.02004210413398625,0.8755530009402421,16874,GPD,tail,21.39793168391183,0.090625,Puntarenas_OTROS_Hidrometereológico
-0.02004210413398625,0.8755530009402421,16875,GPD,tail,21.39793168391183,0.090625,Puntarenas_OTROS_Hidrometereológico
-0.02004210413398625,0.8755530009402421,16876,GPD,tail,21.39793168391183,0.090625,Puntarenas_OTROS_Hidrometereológico
-0.02004210413398625,0.8755530009402421,16877,GPD,tail,21.39793168391183,0.090625,Puntarenas_OTROS_Hidrometereológico
-0.02004210413398625,0.8755530009402421,16878,GPD,tail,21.39793168391183,0.090625,Puntarenas_OTROS_Hidrometereológico
-0.02004210413398625,0.8755530009402421,16879,GPD,tail,21.39793168391183,0.090625,Puntarenas_OTROS_Hidrometereológico
-0.02004210413398625,0.8755530009402421,16880,GPD,tail,21.39793168391183,0.090625,Puntarenas_OTROS_Hidrometereológico
-0.02004210413398625,0.8755530009402421,16881,GPD,tail,21.39793168391183,0.090625,Puntarenas_OTROS_Hidrometereológico
-0.02004210413398625,0.8755530009402421,16882,GPD,tail,21.39793168391183,0.090625,Puntarenas_OTROS_Hidrometereológico
-0.02004210413398625,0.8755530009402421,16883,GPD,tail,21.39793168391183,0.090625,Puntarenas_OTROS_Hidrometereológico
-0.02004210413398625,0.8755530009402421,16884,GPD,tail,21.39793168391183,0.090625,Puntarenas_OTROS_Hidrometereológico
-0.02004210413398625,0.8755530009402421,16885,GPD,tail,21.39793168391183,0.090625,Puntarenas_OTROS_Hidrometereológico
-0.02004210413398625,0.8755530009402421,16886,GPD,tail,21.39793168391183,0.090625,Puntarenas_OTROS_Hidrometereológico
-0.02004210413398625,0.8755530009402421,16887,GPD,tail,21.39793168391183,0.090625,Puntarenas_OTROS_Hidrometereológico
-0.02004210413398625,0.8755530009402421,16888,GPD,tail,21.39793168391183,0.090625,Puntarenas_OTROS_Hidrometereológico
-0.02004210413398625,0.8755530009402421,16889,GPD,tail,21.39793168391183,0.090625,Puntarenas_OTROS_Hidrometereológico
-0.02004210413398625,0.8755530009402421,16890,GPD,tail,21.39793168391183,0.090625,Puntarenas_OTROS_Hidrometereológico
-0.02004210413398625,0.8755530009402421,16891,GPD,tail,21.39793168391183,0.090625,Puntarenas_OTROS_Hidrometereológico
-0.02004210413398625,0.8755530009402421,16892,GPD,tail,21.39793168391183,0.090625,Puntarenas_OTROS_Hidrometereológico
-0.02004210413398625,0.8755530009402421,16893,GPD,tail,21.39793168391183,0.090625,Puntarenas_OTROS_Hidrometereológico
-0.02004210413398625,0.8755530009402421,16894,GPD,tail,21.39793168391183,0.090625,Puntarenas_OTROS_Hidrometereológico
-0.02004210413398625,0.8755530009402421,16895,GPD,tail,21.39793168391183,0.090625,Puntarenas_OTROS_Hidrometereológico
-0.02004210413398625,0.8755530009402421,16896,GPD,tail,21.39793168391183,0.090625,Puntarenas_OTROS_Hidrometereológico
-0.02004210413398625,0.8755530009402421,16897,GPD,tail,21.39793168391183,0.090625,Puntarenas_OTROS_Hidrometereológico
-0.02004210413398625,0.8755530009402421,16898,GPD,tail,21.39793168391183,0.090625,Puntarenas_OTROS_Hidrometereológico
-0.02004210413398625,0.8755530009402421,16899,GPD,tail,21.39793168391183,0.090625,Puntarenas_OTROS_Hidrometereológico
-0.02004210413398625,0.8755530009402421,16900,GPD,tail,21.39793168391183,0.090625,Puntarenas_OTROS_Hidrometereológico
-0.09149303212288284,0.9083265522231397,16901,GPD,tail,21.39793168391183,0.090625,Puntarenas_OTROS_Hidrometereológico
-0.09149303212288284,0.9083265522231397,16902,GPD,tail,21.39793168391183,0.090625,Puntarenas_OTROS_Hidrometereológico
-0.0775848666038908,0.8262609432966564,16903,GPD,tail,21.39793168391183,0.090625,Puntarenas_OTROS_Hidrometereológico
-0.0775848666038908,0.8262609432966564,16904,GPD,tail,21.39793168391183,0.090625,Puntarenas_OTROS_Hidrometereológico
-0.0775848666038908,0.8262609432966564,16905,GPD,tail,21.39793168391183,0.090625,Puntarenas_OTROS_Hidrometereológico
-0.0775848666038908,0.8262609432966564,16906,GPD,tail,21.39793168391183,0.090625,Puntarenas_OTROS_Hidrometereológico
-0.0775848666038908,0.8262609432966564,16907,GPD,tail,21.39793168391183,0.090625,Puntarenas_OTROS_Hidrometereológico
-0.0775848666038908,0.8262609432966564,16908,GPD,tail,21.39793168391183,0.090625,Puntarenas_OTROS_Hidrometereológico
-0.0775848666038908,0.8262609432966564,16909,GPD,tail,21.39793168391183,0.090625,Puntarenas_OTROS_Hidrometereológico
-0.0775848666038908,0.8262609432966564,16910,GPD,tail,21.39793168391183,0.090625,Puntarenas_OTROS_Hidrometereológico
-0.0775848666038908,0.8262609432966564,16911,GPD,tail,21.39793168391183,0.090625,Puntarenas_OTROS_Hidrometereológico
-0.0775848666038908,0.8262609432966564,16912,GPD,tail,21.39793168391183,0.090625,Puntarenas_OTROS_Hidrometereológico
-0.0775848666038908,0.8262609432966564,16913,GPD,tail,21.39793168391183,0.090625,Puntarenas_OTROS_Hidrometereológico
-0.0775848666038908,0.8262609432966564,16914,GPD,tail,21.39793168391183,0.090625,Puntarenas_OTROS_Hidrometereológico
-0.0775848666038908,0.8262609432966564,16915,GPD,tail,21.39793168391183,0.090625,Puntarenas_OTROS_Hidrometereológico
-0.0775848666038908,0.8262609432966564,16916,GPD,tail,21.39793168391183,0.090625,Puntarenas_OTROS_Hidrometereológico
-0.10354902803283143,1.0035749081072394,16917,GPD,tail,21.39793168391183,0.090625,Puntarenas_OTROS_Hidrometereológico
-0.10354902803283143,1.0035749081072394,16918,GPD,tail,21.39793168391183,0.090625,Puntarenas_OTROS_Hidrometereológico
-0.10354902803283143,1.0035749081072394,16919,GPD,tail,21.39793168391183,0.090625,Puntarenas_OTROS_Hidrometereológico
-0.10354902803283143,1.0035749081072394,16920,GPD,tail,21.39793168391183,0.090625,Puntarenas_OTROS_Hidrometereológico
-0.10354902803283143,1.0035749081072394,16921,GPD,tail,21.39793168391183,0.090625,Puntarenas_OTROS_Hidrometereológico
-0.14480805132039806,1.033120665250766,16922,GPD,tail,21.39793168391183,0.090625,Puntarenas_OTROS_Hidrometereológico
-0.14480805132039806,1.033120665250766,16923,GPD,tail,21.39793168391183,0.090625,Puntarenas_OTROS_Hidrometereológico
-0.14480805132039806,1.033120665250766,16924,GPD,tail,21.39793168391183,0.090625,Puntarenas_OTROS_Hidrometereológico
-0.14480805132039806,1.033120665250766,16925,GPD,tail,21.39793168391183,0.090625,Puntarenas_OTROS_Hidrometereológico
-0.14480805132039806,1.033120665250766,16926,GPD,tail,21.39793168391183,0.090625,Puntarenas_OTROS_Hidrometereológico
-0.14480805132039806,1.033120665250766,16927,GPD,tail,21.39793168391183,0.090625,Puntarenas_OTROS_Hidrometereológico
-0.14480805132039806,1.033120665250766,16928,GPD,tail,21.39793168391183,0.090625,Puntarenas_OTROS_Hidrometereológico
-0.14480805132039806,1.033120665250766,16929,GPD,tail,21.39793168391183,0.090625,Puntarenas_OTROS_Hidrometereológico
-0.14480805132039806,1.033120665250766,16930,GPD,tail,21.39793168391183,0.090625,Puntarenas_OTROS_Hidrometereológico
0.06021360751651464,0.8168877490890749,16931,GPD,tail,21.39793168391183,0.090625,Puntarenas_OTROS_Hidrometereológico
0.06021360751651464,0.8168877490890749,16932,GPD,tail,21.39793168391183,0.090625,Puntarenas_OTROS_Hidrometereológico
0.06021360751651464,0.8168877490890749,16933,GPD,tail,21.39793168391183,0.090625,Puntarenas_OTROS_Hidrometereológico
0.06021360751651464,0.8168877490890749,16934,GPD,tail,21.39793168391183,0.090625,Puntarenas_OTROS_Hidrometereológico
0.1433053935526833,0.6953953914241485,16935,GPD,tail,21.39793168391183,0.090625,Puntarenas_OTROS_Hidrometereológico
0.05920622910019892,0.753899783423093,16936,GPD,tail,21.39793168391183,0.090625,Puntarenas_OTROS_Hidrometereológico
0.05920622910019892,0.753899783423093,16937,GPD,tail,21.39793168391183,0.090625,Puntarenas_OTROS_Hidrometereológico
0.05920622910019892,0.753899783423093,16938,GPD,tail,21.39793168391183,0.090625,Puntarenas_OTROS_Hidrometereológico
0.05920622910019892,0.753899783423093,16939,GPD,tail,21.39793168391183,0.090625,Puntarenas_OTROS_Hidrometereológico
0.05920622910019892,0.753899783423093,16940,GPD,tail,21.39793168391183,0.090625,Puntarenas_OTROS_Hidrometereológico
0.05920622910019892,0.753899783423093,16941,GPD,tail,21.39793168391183,0.090625,Puntarenas_OTROS_Hidrometereológico
0.05920622910019892,0.753899783423093,16942,GPD,tail,21.39793168391183,0.090625,Puntarenas_OTROS_Hidrometereológico
0.05920622910019892,0.753899783423093,16943,GPD,tail,21.39793168391183,0.090625,Puntarenas_OTROS_Hidrometereológico
0.05920622910019892,0.753899783423093,16944,GPD,tail,21.39793168391183,0.090625,Puntarenas_OTROS_Hidrometereológico
0.05920622910019892,0.753899783423093,16945,GPD,tail,21.39793168391183,0.090625,Puntarenas_OTROS_Hidrometereológico
0.05920622910019892,0.753899783423093,16946,GPD,tail,21.39793168391183,0.090625,Puntarenas_OTROS_Hidrometereológico
0.05920622910019892,0.753899783423093,16947,GPD,tail,21.39793168391183,0.090625,Puntarenas_OTROS_Hidrometereológico
0.05920622910019892,0.753899783423093,16948,GPD,tail,21.39793168391183,0.090625,Puntarenas_OTROS_Hidrometereológico
0.05920622910019892,0.753899783423093,16949,GPD,tail,21.39793168391183,0.090625,Puntarenas_OTROS_Hidrometereológico
0.05920622910019892,0.753899783423093,16950,GPD,tail,21.39793168391183,0.090625,Puntarenas_OTROS_Hidrometereológico
0.05920622910019892,0.753899783423093,16951,GPD,tail,21.39793168391183,0.090625,Puntarenas_OTROS_Hidrometereológico
0.05920622910019892,0.753899783423093,16952,GPD,tail,21.39793168391183,0.090625,Puntarenas_OTROS_Hidrometereológico
0.02524567949579249,0.7788800311598255,16953,GPD,tail,21.39793168391183,0.090625,Puntarenas_OTROS_Hidrometereológico
0.04413298026370459,0.8022800504960224,16954,GPD,tail,21.39793168391183,0.090625,Puntarenas_OTROS_Hidrometereológico
0.04413298026370459,0.8022800504960224,16955,GPD,tail,21.39793168391183,0.090625,Puntarenas_OTROS_Hidrometereológico
0.04413298026370459,0.8022800504960224,16956,GPD,tail,21.39793168391183,0.090625,Puntarenas_OTROS_Hidrometereológico
0.04413298026370459,0.8022800504960224,16957,GPD,tail,21.39793168391183,0.090625,Puntarenas_OTROS_Hidrometereológico
0.04413298026370459,0.8022800504960224,16958,GPD,tail,21.39793168391183,0.090625,Puntarenas_OTROS_Hidrometereológico
0.04413298026370459,0.8022800504960224,16959,GPD,tail,21.39793168391183,0.090625,Puntarenas_OTROS_Hidrometereológico
0.04413298026370459,0.8022800504960224,16960,GPD,tail,21.39793168391183,0.090625,Puntarenas_OTROS_Hidrometereológico
0.04413298026370459,0.8022800504960224,16961,GPD,tail,21.39793168391183,0.090625,Puntarenas_OTROS_Hidrometereológico
0.04413298026370459,0.8022800504960224,16962,GPD,tail,21.39793168391183,0.090625,Puntarenas_OTROS_Hidrometereológico
0.04413298026370459,0.8022800504960224,16963,GPD,tail,21.39793168391183,0.090625,Puntarenas_OTROS_Hidrometereológico
-0.10386867453506908,0.8695518028096941,16964,GPD,tail,21.39793168391183,0.090625,Puntarenas_OTROS_Hidrometereológico
-0.10386867453506908,0.8695518028096941,16965,GPD,tail,21.39793168391183,0.090625,Puntarenas_OTROS_Hidrometereológico
-0.10386867453506908,0.8695518028096941,16966,GPD,tail,21.39793168391183,0.090625,Puntarenas_OTROS_Hidrometereológico
-0.10386867453506908,0.8695518028096941,16967,GPD,tail,21.39793168391183,0.090625,Puntarenas_OTROS_Hidrometereológico
-0.10386867453506908,0.8695518028096941,16968,GPD,tail,21.39793168391183,0.090625,Puntarenas_OTROS_Hidrometereológico
-0.10386867453506908,0.8695518028096941,16969,GPD,tail,21.39793168391183,0.090625,Puntarenas_OTROS_Hidrometereológico
-0.10386867453506908,0.8695518028096941,16970,GPD,tail,21.39793168391183,0.090625,Puntarenas_OTROS_Hidrometereológico
-0.10386867453506908,0.8695518028096941,16971,GPD,tail,21.39793168391183,0.090625,Puntarenas_OTROS_Hidrometereológico
-0.10386867453506908,0.8695518028096941,16972,GPD,tail,21.39793168391183,0.090625,Puntarenas_OTROS_Hidrometereológico
-0.10386867453506908,0.8695518028096941,16973,GPD,tail,21.39793168391183,0.090625,Puntarenas_OTROS_Hidrometereológico
-0.10386867453506908,0.8695518028096941,16974,GPD,tail,21.39793168391183,0.090625,Puntarenas_OTROS_Hidrometereológico
-0.10386867453506908,0.8695518028096941,16975,GPD,tail,21.39793168391183,0.090625,Puntarenas_OTROS_Hidrometereológico
-0.10386867453506908,0.8695518028096941,16976,GPD,tail,21.39793168391183,0.090625,Puntarenas_OTROS_Hidrometereológico
-0.10386867453506908,0.8695518028096941,16977,GPD,tail,21.39793168391183,0.090625,Puntarenas_OTROS_Hidrometereológico
-0.10386867453506908,0.8695518028096941,16978,GPD,tail,21.39793168391183,0.090625,Puntarenas_OTROS_Hidrometereológico
-0.10386867453506908,0.8695518028096941,16979,GPD,tail,21.39793168391183,0.090625,Puntarenas_OTROS_Hidrometereológico
-0.10386867453506908,0.8695518028096941,16980,GPD,tail,21.39793168391183,0.090625,Puntarenas_OTROS_Hidrometereológico
-0.10386867453506908,0.8695518028096941,16981,GPD,tail,21.39793168391183,0.090625,Puntarenas_OTROS_Hidrometereológico
-0.10386867453506908,0.8695518028096941,16982,GPD,tail,21.39793168391183,0.090625,Puntarenas_OTROS_Hidrometereológico
-0.10386867453506908,0.8695518028096941,16983,GPD,tail,21.39793168391183,0.090625,Puntarenas_OTROS_Hidrometereológico
-0.10386867453506908,0.8695518028096941,16984,GPD,tail,21.39793168391183,0.090625,Puntarenas_OTROS_Hidrometereológico
-0.10386867453506908,0.8695518028096941,16985,GPD,tail,21.39793168391183,0.090625,Puntarenas_OTROS_Hidrometereológico
-0.10386867453506908,0.8695518028096941,16986,GPD,tail,21.39793168391183,0.090625,Puntarenas_OTROS_Hidrometereológico
-0.10386867453506908,0.8695518028096941,16987,GPD,tail,21.39793168391183,0.090625,Puntarenas_OTROS_Hidrometereológico
-0.10386867453506908,0.8695518028096941,16988,GPD,tail,21.39793168391183,0.090625,Puntarenas_OTROS_Hidrometereológico
-0.10386867453506908,0.8695518028096941,16989,GPD,tail,21.39793168391183,0.090625,Puntarenas_OTROS_Hidrometereológico
-0.10386867453506908,0.8695518028096941,16990,GPD,tail,21.39793168391183,0.090625,Puntarenas_OTROS_Hidrometereológico
-0.10386867453506908,0.8695518028096941,16991,GPD,tail,21.39793168391183,0.090625,Puntarenas_OTROS_Hidrometereológico
-0.10386867453506908,0.8695518028096941,16992,GPD,tail,21.39793168391183,0.090625,Puntarenas_OTROS_Hidrometereológico
-0.10386867453506908,0.8695518028096941,16993,GPD,tail,21.39793168391183,0.090625,Puntarenas_OTROS_Hidrometereológico
-0.10386867453506908,0.8695518028096941,16994,GPD,tail,21.39793168391183,0.090625,Puntarenas_OTROS_Hidrometereológico
-0.10386867453506908,0.8695518028096941,16995,GPD,tail,21.39793168391183,0.090625,Puntarenas_OTROS_Hidrometereológico
-0.10386867453506908,0.8695518028096941,16996,GPD,tail,21.39793168391183,0.090625,Puntarenas_OTROS_Hidrometereológico
-0.10386867453506908,0.8695518028096941,16997,GPD,tail,21.39793168391183,0.090625,Puntarenas_OTROS_Hidrometereológico
-0.10386867453506908,0.8695518028096941,16998,GPD,tail,21.39793168391183,0.090625,Puntarenas_OTROS_Hidrometereológico
-0.10386867453506908,0.8695518028096941,16999,GPD,tail,21.39793168391183,0.090625,Puntarenas_OTROS_Hidrometereológico
-0.10386867453506908,0.8695518028096941,17000,GPD,tail,21.39793168391183,0.090625,Puntarenas_OTROS_Hidrometereológico
-0.10386867453506908,0.8695518028096941,17001,GPD,tail,21.39793168391183,0.090625,Puntarenas_OTROS_Hidrometereológico
-0.10386867453506908,0.8695518028096941,17002,GPD,tail,21.39793168391183,0.090625,Puntarenas_OTROS_Hidrometereológico
-0.10386867453506908,0.8695518028096941,17003,GPD,tail,21.39793168391183,0.090625,Puntarenas_OTROS_Hidrometereológico
-0.10386867453506908,0.8695518028096941,17004,GPD,tail,21.39793168391183,0.090625,Puntarenas_OTROS_Hidrometereológico
-0.10386867453506908,0.8695518028096941,17005,GPD,tail,21.39793168391183,0.090625,Puntarenas_OTROS_Hidrometereológico
-0.10386867453506908,0.8695518028096941,17006,GPD,tail,21.39793168391183,0.090625,Puntarenas_OTROS_Hidrometereológico
-0.10386867453506908,0.8695518028096941,17007,GPD,tail,21.39793168391183,0.090625,Puntarenas_OTROS_Hidrometereológico
-0.10386867453506908,0.8695518028096941,17008,GPD,tail,21.39793168391183,0.090625,Puntarenas_OTROS_Hidrometereológico
-0.10386867453506908,0.8695518028096941,17009,GPD,tail,21.39793168391183,0.090625,Puntarenas_OTROS_Hidrometereológico
-0.10386867453506908,0.8695518028096941,17010,GPD,tail,21.39793168391183,0.090625,Puntarenas_OTROS_Hidrometereológico
-0.10386867453506908,0.8695518028096941,17011,GPD,tail,21.39793168391183,0.090625,Puntarenas_OTROS_Hidrometereológico
-0.10386867453506908,0.8695518028096941,17012,GPD,tail,21.39793168391183,0.090625,Puntarenas_OTROS_Hidrometereológico
-0.10386867453506908,0.8695518028096941,17013,GPD,tail,21.39793168391183,0.090625,Puntarenas_OTROS_Hidrometereológico
-0.10386867453506908,0.8695518028096941,17014,GPD,tail,21.39793168391183,0.090625,Puntarenas_OTROS_Hidrometereológico
-0.10386867453506908,0.8695518028096941,17015,GPD,tail,21.39793168391183,0.090625,Puntarenas_OTROS_Hidrometereológico
-0.10386867453506908,0.8695518028096941,17016,GPD,tail,21.39793168391183,0.090625,Puntarenas_OTROS_Hidrometereológico
-0.10386867453506908,0.8695518028096941,17017,GPD,tail,21.39793168391183,0.090625,Puntarenas_OTROS_Hidrometereológico
-0.10386867453506908,0.8695518028096941,17018,GPD,tail,21.39793168391183,0.090625,Puntarenas_OTROS_Hidrometereológico
-0.10386867453506908,0.8695518028096941,17019,GPD,tail,21.39793168391183,0.090625,Puntarenas_OTROS_Hidrometereológico
-0.10386867453506908,0.8695518028096941,17020,GPD,tail,21.39793168391183,0.090625,Puntarenas_OTROS_Hidrometereológico
-0.10386867453506908,0.8695518028096941,17021,GPD,tail,21.39793168391183,0.090625,Puntarenas_OTROS_Hidrometereológico
-0.10386867453506908,0.8695518028096941,17022,GPD,tail,21.39793168391183,0.090625,Puntarenas_OTROS_Hidrometereológico
-0.10386867453506908,0.8695518028096941,17023,GPD,tail,21.39793168391183,0.090625,Puntarenas_OTROS_Hidrometereológico
-0.10386867453506908,0.8695518028096941,17024,GPD,tail,21.39793168391183,0.090625,Puntarenas_OTROS_Hidrometereológico
-0.10386867453506908,0.8695518028096941,17025,GPD,tail,21.39793168391183,0.090625,Puntarenas_OTROS_Hidrometereológico
-0.10386867453506908,0.8695518028096941,17026,GPD,tail,21.39793168391183,0.090625,Puntarenas_OTROS_Hidrometereológico
-0.10386867453506908,0.8695518028096941,17027,GPD,tail,21.39793168391183,0.090625,Puntarenas_OTROS_Hidrometereológico
-0.10386867453506908,0.8695518028096941,17028,GPD,tail,21.39793168391183,0.090625,Puntarenas_OTROS_Hidrometereológico
-0.10386867453506908,0.8695518028096941,17029,GPD,tail,21.39793168391183,0.090625,Puntarenas_OTROS_Hidrometereológico
-0.09614713341232102,0.8807139163351837,17030,GPD,tail,21.39793168391183,0.090625,Puntarenas_OTROS_Hidrometereológico
-0.09614713341232102,0.8807139163351837,17031,GPD,tail,21.39793168391183,0.090625,Puntarenas_OTROS_Hidrometereológico
-0.09614713341232102,0.8807139163351837,17032,GPD,tail,21.39793168391183,0.090625,Puntarenas_OTROS_Hidrometereológico
-0.09614713341232102,0.8807139163351837,17033,GPD,tail,21.39793168391183,0.090625,Puntarenas_OTROS_Hidrometereológico
-0.09614713341232102,0.8807139163351837,17034,GPD,tail,21.39793168391183,0.090625,Puntarenas_OTROS_Hidrometereológico
-0.09614713341232102,0.8807139163351837,17035,GPD,tail,21.39793168391183,0.090625,Puntarenas_OTROS_Hidrometereológico
-0.09614713341232102,0.8807139163351837,17036,GPD,tail,21.39793168391183,0.090625,Puntarenas_OTROS_Hidrometereológico
-0.09614713341232102,0.8807139163351837,17037,GPD,tail,21.39793168391183,0.090625,Puntarenas_OTROS_Hidrometereológico
-0.09614713341232102,0.8807139163351837,17038,GPD,tail,21.39793168391183,0.090625,Puntarenas_OTROS_Hidrometereológico
-0.09614713341232102,0.8807139163351837,17039,GPD,tail,21.39793168391183,0.090625,Puntarenas_OTROS_Hidrometereológico
-0.09614713341232102,0.8807139163351837,17040,GPD,tail,21.39793168391183,0.090625,Puntarenas_OTROS_Hidrometereológico
-0.09614713341232102,0.8807139163351837,17041,GPD,tail,21.39793168391183,0.090625,Puntarenas_OTROS_Hidrometereológico
-0.09614713341232102,0.8807139163351837,17042,GPD,tail,21.39793168391183,0.090625,Puntarenas_OTROS_Hidrometereológico
-0.09614713341232102,0.8807139163351837,17043,GPD,tail,21.39793168391183,0.090625,Puntarenas_OTROS_Hidrometereológico
-0.09614713341232102,0.8807139163351837,17044,GPD,tail,21.39793168391183,0.090625,Puntarenas_OTROS_Hidrometereológico
-0.09614713341232102,0.8807139163351837,17045,GPD,tail,21.39793168391183,0.090625,Puntarenas_OTROS_Hidrometereológico
-0.09614713341232102,0.8807139163351837,17046,GPD,tail,21.39793168391183,0.090625,Puntarenas_OTROS_Hidrometereológico
-0.09614713341232102,0.8807139163351837,17047,GPD,tail,21.39793168391183,0.090625,Puntarenas_OTROS_Hidrometereológico
-0.09614713341232102,0.8807139163351837,17048,GPD,tail,21.39793168391183,0.090625,Puntarenas_OTROS_Hidrometereológico
-0.09614713341232102,0.8807139163351837,17049,GPD,tail,21.39793168391183,0.090625,Puntarenas_OTROS_Hidrometereológico
-0.09614713341232102,0.8807139163351837,17050,GPD,tail,21.39793168391183,0.090625,Puntarenas_OTROS_Hidrometereológico
-0.09614713341232102,0.8807139163351837,17051,GPD,tail,21.39793168391183,0.090625,Puntarenas_OTROS_Hidrometereológico
-0.09614713341232102,0.8807139163351837,17052,GPD,tail,21.39793168391183,0.090625,Puntarenas_OTROS_Hidrometereológico
-0.09614713341232102,0.8807139163351837,17053,GPD,tail,21.39793168391183,0.090625,Puntarenas_OTROS_Hidrometereológico
-0.09614713341232102,0.8807139163351837,17054,GPD,tail,21.39793168391183,0.090625,Puntarenas_OTROS_Hidrometereológico
-0.05627901574572965,0.8901239050712383,17055,GPD,tail,21.39793168391183,0.090625,Puntarenas_OTROS_Hidrometereológico
-0.05627901574572965,0.8901239050712383,17056,GPD,tail,21.39793168391183,0.090625,Puntarenas_OTROS_Hidrometereológico
-0.05627901574572965,0.8901239050712383,17057,GPD,tail,21.39793168391183,0.090625,Puntarenas_OTROS_Hidrometereológico
-0.05627901574572965,0.8901239050712383,17058,GPD,tail,21.39793168391183,0.090625,Puntarenas_OTROS_Hidrometereológico
-0.05627901574572965,0.8901239050712383,17059,GPD,tail,21.39793168391183,0.090625,Puntarenas_OTROS_Hidrometereológico
-0.05627901574572965,0.8901239050712383,17060,GPD,tail,21.39793168391183,0.090625,Puntarenas_OTROS_Hidrometereológico
-0.05627901574572965,0.8901239050712383,17061,GPD,tail,21.39793168391183,0.090625,Puntarenas_OTROS_Hidrometereológico
-0.05627901574572965,0.8901239050712383,17062,GPD,tail,21.39793168391183,0.090625,Puntarenas_OTROS_Hidrometereológico
-0.05627901574572965,0.8901239050712383,17063,GPD,tail,21.39793168391183,0.090625,Puntarenas_OTROS_Hidrometereológico
-0.05627901574572965,0.8901239050712383,17064,GPD,tail,21.39793168391183,0.090625,Puntarenas_OTROS_Hidrometereológico
-0.05627901574572965,0.8901239050712383,17065,GPD,tail,21.39793168391183,0.090625,Puntarenas_OTROS_Hidrometereológico
-0.05627901574572965,0.8901239050712383,17066,GPD,tail,21.39793168391183,0.090625,Puntarenas_OTROS_Hidrometereológico
-0.05627901574572965,0.8901239050712383,17067,GPD,tail,21.39793168391183,0.090625,Puntarenas_OTROS_Hidrometereológico
-0.05627901574572965,0.8901239050712383,17068,GPD,tail,21.39793168391183,0.090625,Puntarenas_OTROS_Hidrometereológico
-0.05627901574572965,0.8901239050712383,17069,GPD,tail,21.39793168391183,0.090625,Puntarenas_OTROS_Hidrometereológico
-0.05627901574572965,0.8901239050712383,17070,GPD,tail,21.39793168391183,0.090625,Puntarenas_OTROS_Hidrometereológico
-0.05627901574572965,0.8901239050712383,17071,GPD,tail,21.39793168391183,0.090625,Puntarenas_OTROS_Hidrometereológico
-0.05627901574572965,0.8901239050712383,17072,GPD,tail,21.39793168391183,0.090625,Puntarenas_OTROS_Hidrometereológico
-0.05627901574572965,0.8901239050712383,17073,GPD,tail,21.39793168391183,0.090625,Puntarenas_OTROS_Hidrometereológico
-0.05627901574572965,0.8901239050712383,17074,GPD,tail,21.39793168391183,0.090625,Puntarenas_OTROS_Hidrometereológico
-0.05627901574572965,0.8901239050712383,17075,GPD,tail,21.39793168391183,0.090625,Puntarenas_OTROS_Hidrometereológico
-0.05627901574572965,0.8901239050712383,17076,GPD,tail,21.39793168391183,0.090625,Puntarenas_OTROS_Hidrometereológico
-0.05627901574572965,0.8901239050712383,17077,GPD,tail,21.39793168391183,0.090625,Puntarenas_OTROS_Hidrometereológico
-0.05627901574572965,0.8901239050712383,17078,GPD,tail,21.39793168391183,0.090625,Puntarenas_OTROS_Hidrometereológico
-0.05627901574572965,0.8901239050712383,17079,GPD,tail,21.39793168391183,0.090625,Puntarenas_OTROS_Hidrometereológico
-0.09935243498464713,0.9327281744247964,17080,GPD,tail,21.39793168391183,0.090625,Puntarenas_OTROS_Hidrometereológico
-0.09935243498464713,0.9327281744247964,17081,GPD,tail,21.39793168391183,0.090625,Puntarenas_OTROS_Hidrometereológico
-0.09935243498464713,0.9327281744247964,17082,GPD,tail,21.39793168391183,0.090625,Puntarenas_OTROS_Hidrometereológico
-0.09935243498464713,0.9327281744247964,17083,GPD,tail,21.39793168391183,0.090625,Puntarenas_OTROS_Hidrometereológico
-0.09935243498464713,0.9327281744247964,17084,GPD,tail,21.39793168391183,0.090625,Puntarenas_OTROS_Hidrometereológico
-0.09935243498464713,0.9327281744247964,17085,GPD,tail,21.39793168391183,0.090625,Puntarenas_OTROS_Hidrometereológico
-0.09935243498464713,0.9327281744247964,17086,GPD,tail,21.39793168391183,0.090625,Puntarenas_OTROS_Hidrometereológico
-0.09935243498464713,0.9327281744247964,17087,GPD,tail,21.39793168391183,0.090625,Puntarenas_OTROS_Hidrometereológico
-0.09935243498464713,0.9327281744247964,17088,GPD,tail,21.39793168391183,0.090625,Puntarenas_OTROS_Hidrometereológico
-0.09935243498464713,0.9327281744247964,17089,GPD,tail,21.39793168391183,0.090625,Puntarenas_OTROS_Hidrometereológico
-0.09935243498464713,0.9327281744247964,17090,GPD,tail,21.39793168391183,0.090625,Puntarenas_OTROS_Hidrometereológico
-0.09935243498464713,0.9327281744247964,17091,GPD,tail,21.39793168391183,0.090625,Puntarenas_OTROS_Hidrometereológico
-0.09935243498464713,0.9327281744247964,17092,GPD,tail,21.39793168391183,0.090625,Puntarenas_OTROS_Hidrometereológico
-0.09935243498464713,0.9327281744247964,17093,GPD,tail,21.39793168391183,0.090625,Puntarenas_OTROS_Hidrometereológico
-0.09935243498464713,0.9327281744247964,17094,GPD,tail,21.39793168391183,0.090625,Puntarenas_OTROS_Hidrometereológico
-0.09935243498464713,0.9327281744247964,17095,GPD,tail,21.39793168391183,0.090625,Puntarenas_OTROS_Hidrometereológico
-0.09935243498464713,0.9327281744247964,17096,GPD,tail,21.39793168391183,0.090625,Puntarenas_OTROS_Hidrometereológico
-0.09935243498464713,0.9327281744247964,17097,GPD,tail,21.39793168391183,0.090625,Puntarenas_OTROS_Hidrometereológico
-0.09935243498464713,0.9327281744247964,17098,GPD,tail,21.39793168391183,0.090625,Puntarenas_OTROS_Hidrometereológico
-0.09935243498464713,0.9327281744247964,17099,GPD,tail,21.39793168391183,0.090625,Puntarenas_OTROS_Hidrometereológico
-0.09935243498464713,0.9327281744247964,17100,GPD,tail,21.39793168391183,0.090625,Puntarenas_OTROS_Hidrometereológico
-0.09935243498464713,0.9327281744247964,17101,GPD,tail,21.39793168391183,0.090625,Puntarenas_OTROS_Hidrometereológico
-0.09935243498464713,0.9327281744247964,17102,GPD,tail,21.39793168391183,0.090625,Puntarenas_OTROS_Hidrometereológico
-0.09935243498464713,0.9327281744247964,17103,GPD,tail,21.39793168391183,0.090625,Puntarenas_OTROS_Hidrometereológico
-0.09935243498464713,0.9327281744247964,17104,GPD,tail,21.39793168391183,0.090625,Puntarenas_OTROS_Hidrometereológico
-0.09935243498464713,0.9327281744247964,17105,GPD,tail,21.39793168391183,0.090625,Puntarenas_OTROS_Hidrometereológico
-0.13246392036213606,0.8358480919679409,17106,GPD,tail,21.39793168391183,0.090625,Puntarenas_OTROS_Hidrometereológico
0.026627951346067186,0.7096700655019068,17107,GPD,tail,21.39793168391183,0.090625,Puntarenas_OTROS_Hidrometereológico
-0.06467317962033788,0.7594689473662416,17108,GPD,tail,21.39793168391183,0.090625,Puntarenas_OTROS_Hidrometereológico
-0.06467317962033788,0.7594689473662416,17109,GPD,tail,21.39793168391183,0.090625,Puntarenas_OTROS_Hidrometereológico
-0.06467317962033788,0.7594689473662416,17110,GPD,tail,21.39793168391183,0.090625,Puntarenas_OTROS_Hidrometereológico
-0.06467317962033788,0.7594689473662416,17111,GPD,tail,21.39793168391183,0.090625,Puntarenas_OTROS_Hidrometereológico
-0.06467317962033788,0.7594689473662416,17112,GPD,tail,21.39793168391183,0.090625,Puntarenas_OTROS_Hidrometereológico
-0.06467317962033788,0.7594689473662416,17113,GPD,tail,21.39793168391183,0.090625,Puntarenas_OTROS_Hidrometereológico
-0.06467317962033788,0.7594689473662416,17114,GPD,tail,21.39793168391183,0.090625,Puntarenas_OTROS_Hidrometereológico
-0.06467317962033788,0.7594689473662416,17115,GPD,tail,21.39793168391183,0.090625,Puntarenas_OTROS_Hidrometereológico
-0.06467317962033788,0.7594689473662416,17116,GPD,tail,21.39793168391183,0.090625,Puntarenas_OTROS_Hidrometereológico
-0.06467317962033788,0.7594689473662416,17117,GPD,tail,21.39793168391183,0.090625,Puntarenas_OTROS_Hidrometereológico
-0.06467317962033788,0.7594689473662416,17118,GPD,tail,21.39793168391183,0.090625,Puntarenas_OTROS_Hidrometereológico
-0.06467317962033788,0.7594689473662416,17119,GPD,tail,21.39793168391183,0.090625,Puntarenas_OTROS_Hidrometereológico
-0.06467317962033788,0.7594689473662416,17120,GPD,tail,21.39793168391183,0.090625,Puntarenas_OTROS_Hidrometereológico
-0.06467317962033788,0.7594689473662416,17121,GPD,tail,21.39793168391183,0.090625,Puntarenas_OTROS_Hidrometereológico
-0.06467317962033788,0.7594689473662416,17122,GPD,tail,21.39793168391183,0.090625,Puntarenas_OTROS_Hidrometereológico
-0.06467317962033788,0.7594689473662416,17123,GPD,tail,21.39793168391183,0.090625,Puntarenas_OTROS_Hidrometereológico
-0.06467317962033788,0.7594689473662416,17124,GPD,tail,21.39793168391183,0.090625,Puntarenas_OTROS_Hidrometereológico
-0.06467317962033788,0.7594689473662416,17125,GPD,tail,21.39793168391183,0.090625,Puntarenas_OTROS_Hidrometereológico
-0.06467317962033788,0.7594689473662416,17126,GPD,tail,21.39793168391183,0.090625,Puntarenas_OTROS_Hidrometereológico
-0.06467317962033788,0.7594689473662416,17127,GPD,tail,21.39793168391183,0.090625,Puntarenas_OTROS_Hidrometereológico
-0.06467317962033788,0.7594689473662416,17128,GPD,tail,21.39793168391183,0.090625,Puntarenas_OTROS_Hidrometereológico
-0.06636898895632103,0.9304256168598741,17129,GPD,tail,21.39793168391183,0.090625,Puntarenas_OTROS_Hidrometereológico
-0.06636898895632103,0.9304256168598741,17130,GPD,tail,21.39793168391183,0.090625,Puntarenas_OTROS_Hidrometereológico
-0.06636898895632103,0.9304256168598741,17131,GPD,tail,21.39793168391183,0.090625,Puntarenas_OTROS_Hidrometereológico
-0.06636898895632103,0.9304256168598741,17132,GPD,tail,21.39793168391183,0.090625,Puntarenas_OTROS_Hidrometereológico
-0.06636898895632103,0.9304256168598741,17133,GPD,tail,21.39793168391183,0.090625,Puntarenas_OTROS_Hidrometereológico
-0.06636898895632103,0.9304256168598741,17134,GPD,tail,21.39793168391183,0.090625,Puntarenas_OTROS_Hidrometereológico
-0.06636898895632103,0.9304256168598741,17135,GPD,tail,21.39793168391183,0.090625,Puntarenas_OTROS_Hidrometereológico
-0.06636898895632103,0.9304256168598741,17136,GPD,tail,21.39793168391183,0.090625,Puntarenas_OTROS_Hidrometereológico
-0.11660337176749633,1.0564203321581078,17137,GPD,tail,21.39793168391183,0.090625,Puntarenas_OTROS_Hidrometereológico
-0.11660337176749633,1.0564203321581078,17138,GPD,tail,21.39793168391183,0.090625,Puntarenas_OTROS_Hidrometereológico
-0.11660337176749633,1.0564203321581078,17139,GPD,tail,21.39793168391183,0.090625,Puntarenas_OTROS_Hidrometereológico
-0.11660337176749633,1.0564203321581078,17140,GPD,tail,21.39793168391183,0.090625,Puntarenas_OTROS_Hidrometereológico
-0.11660337176749633,1.0564203321581078,17141,GPD,tail,21.39793168391183,0.090625,Puntarenas_OTROS_Hidrometereológico
-0.11660337176749633,1.0564203321581078,17142,GPD,tail,21.39793168391183,0.090625,Puntarenas_OTROS_Hidrometereológico
-0.11660337176749633,1.0564203321581078,17143,GPD,tail,21.39793168391183,0.090625,Puntarenas_OTROS_Hidrometereológico
-0.11660337176749633,1.0564203321581078,17144,GPD,tail,21.39793168391183,0.090625,Puntarenas_OTROS_Hidrometereológico
-0.11660337176749633,1.0564203321581078,17145,GPD,tail,21.39793168391183,0.090625,Puntarenas_OTROS_Hidrometereológico
-0.11660337176749633,1.0564203321581078,17146,GPD,tail,21.39793168391183,0.090625,Puntarenas_OTROS_Hidrometereológico
-0.11660337176749633,1.0564203321581078,17147,GPD,tail,21.39793168391183,0.090625,Puntarenas_OTROS_Hidrometereológico
-0.11660337176749633,1.0564203321581078,17148,GPD,tail,21.39793168391183,0.090625,Puntarenas_OTROS_Hidrometereológico
-0.11660337176749633,1.0564203321581078,17149,GPD,tail,21.39793168391183,0.090625,Puntarenas_OTROS_Hidrometereológico
-0.11660337176749633,1.0564203321581078,17150,GPD,tail,21.39793168391183,0.090625,Puntarenas_OTROS_Hidrometereológico
-0.10215084098978969,0.8556282602608736,17151,GPD,tail,21.39793168391183,0.090625,Puntarenas_OTROS_Hidrometereológico
-0.10215084098978969,0.8556282602608736,17152,GPD,tail,21.39793168391183,0.090625,Puntarenas_OTROS_Hidrometereológico
-0.10215084098978969,0.8556282602608736,17153,GPD,tail,21.39793168391183,0.090625,Puntarenas_OTROS_Hidrometereológico
-0.10215084098978969,0.8556282602608736,17154,GPD,tail,21.39793168391183,0.090625,Puntarenas_OTROS_Hidrometereológico
-0.10215084098978969,0.8556282602608736,17155,GPD,tail,21.39793168391183,0.090625,Puntarenas_OTROS_Hidrometereológico
-0.10215084098978969,0.8556282602608736,17156,GPD,tail,21.39793168391183,0.090625,Puntarenas_OTROS_Hidrometereológico
-0.10215084098978969,0.8556282602608736,17157,GPD,tail,21.39793168391183,0.090625,Puntarenas_OTROS_Hidrometereológico
-0.10215084098978969,0.8556282602608736,17158,GPD,tail,21.39793168391183,0.090625,Puntarenas_OTROS_Hidrometereológico
-0.10215084098978969,0.8556282602608736,17159,GPD,tail,21.39793168391183,0.090625,Puntarenas_OTROS_Hidrometereológico
-0.10215084098978969,0.8556282602608736,17160,GPD,tail,21.39793168391183,0.090625,Puntarenas_OTROS_Hidrometereológico
-0.10215084098978969,0.8556282602608736,17161,GPD,tail,21.39793168391183,0.090625,Puntarenas_OTROS_Hidrometereológico
-0.10215084098978969,0.8556282602608736,17162,GPD,tail,21.39793168391183,0.090625,Puntarenas_OTROS_Hidrometereológico
-0.10215084098978969,0.8556282602608736,17163,GPD,tail,21.39793168391183,0.090625,Puntarenas_OTROS_Hidrometereológico
-0.10215084098978969,0.8556282602608736,17164,GPD,tail,21.39793168391183,0.090625,Puntarenas_OTROS_Hidrometereológico
-0.10215084098978969,0.8556282602608736,17165,GPD,tail,21.39793168391183,0.090625,Puntarenas_OTROS_Hidrometereológico
-0.10215084098978969,0.8556282602608736,17166,GPD,tail,21.39793168391183,0.090625,Puntarenas_OTROS_Hidrometereológico
-0.10215084098978969,0.8556282602608736,17167,GPD,tail,21.39793168391183,0.090625,Puntarenas_OTROS_Hidrometereológico
-0.10215084098978969,0.8556282602608736,17168,GPD,tail,21.39793168391183,0.090625,Puntarenas_OTROS_Hidrometereológico
-0.10215084098978969,0.8556282602608736,17169,GPD,tail,21.39793168391183,0.090625,Puntarenas_OTROS_Hidrometereológico
-0.10215084098978969,0.8556282602608736,17170,GPD,tail,21.39793168391183,0.090625,Puntarenas_OTROS_Hidrometereológico
-0.10215084098978969,0.8556282602608736,17171,GPD,tail,21.39793168391183,0.090625,Puntarenas_OTROS_Hidrometereológico
-0.10215084098978969,0.8556282602608736,17172,GPD,tail,21.39793168391183,0.090625,Puntarenas_OTROS_Hidrometereológico
-0.10215084098978969,0.8556282602608736,17173,GPD,tail,21.39793168391183,0.090625,Puntarenas_OTROS_Hidrometereológico
-0.10215084098978969,0.8556282602608736,17174,GPD,tail,21.39793168391183,0.090625,Puntarenas_OTROS_Hidrometereológico
-0.10215084098978969,0.8556282602608736,17175,GPD,tail,21.39793168391183,0.090625,Puntarenas_OTROS_Hidrometereológico
-0.10215084098978969,0.8556282602608736,17176,GPD,tail,21.39793168391183,0.090625,Puntarenas_OTROS_Hidrometereológico
-0.10215084098978969,0.8556282602608736,17177,GPD,tail,21.39793168391183,0.090625,Puntarenas_OTROS_Hidrometereológico
-0.10215084098978969,0.8556282602608736,17178,GPD,tail,21.39793168391183,0.090625,Puntarenas_OTROS_Hidrometereológico
-0.10215084098978969,0.8556282602608736,17179,GPD,tail,21.39793168391183,0.090625,Puntarenas_OTROS_Hidrometereológico
-0.10215084098978969,0.8556282602608736,17180,GPD,tail,21.39793168391183,0.090625,Puntarenas_OTROS_Hidrometereológico
-0.10215084098978969,0.8556282602608736,17181,GPD,tail,21.39793168391183,0.090625,Puntarenas_OTROS_Hidrometereológico
-0.10215084098978969,0.8556282602608736,17182,GPD,tail,21.39793168391183,0.090625,Puntarenas_OTROS_Hidrometereológico
-0.10215084098978969,0.8556282602608736,17183,GPD,tail,21.39793168391183,0.090625,Puntarenas_OTROS_Hidrometereológico
-0.10215084098978969,0.8556282602608736,17184,GPD,tail,21.39793168391183,0.090625,Puntarenas_OTROS_Hidrometereológico
-0.10215084098978969,0.8556282602608736,17185,GPD,tail,21.39793168391183,0.090625,Puntarenas_OTROS_Hidrometereológico
-0.10215084098978969,0.8556282602608736,17186,GPD,tail,21.39793168391183,0.090625,Puntarenas_OTROS_Hidrometereológico
-0.10215084098978969,0.8556282602608736,17187,GPD,tail,21.39793168391183,0.090625,Puntarenas_OTROS_Hidrometereológico
-0.10215084098978969,0.8556282602608736,17188,GPD,tail,21.39793168391183,0.090625,Puntarenas_OTROS_Hidrometereológico
-0.10215084098978969,0.8556282602608736,17189,GPD,tail,21.39793168391183,0.090625,Puntarenas_OTROS_Hidrometereológico
-0.10215084098978969,0.8556282602608736,17190,GPD,tail,21.39793168391183,0.090625,Puntarenas_OTROS_Hidrometereológico
-0.10215084098978969,0.8556282602608736,17191,GPD,tail,21.39793168391183,0.090625,Puntarenas_OTROS_Hidrometereológico
-0.10215084098978969,0.8556282602608736,17192,GPD,tail,21.39793168391183,0.090625,Puntarenas_OTROS_Hidrometereológico
-0.10215084098978969,0.8556282602608736,17193,GPD,tail,21.39793168391183,0.090625,Puntarenas_OTROS_Hidrometereológico
-0.10215084098978969,0.8556282602608736,17194,GPD,tail,21.39793168391183,0.090625,Puntarenas_OTROS_Hidrometereológico
-0.10215084098978969,0.8556282602608736,17195,GPD,tail,21.39793168391183,0.090625,Puntarenas_OTROS_Hidrometereológico
-0.10215084098978969,0.8556282602608736,17196,GPD,tail,21.39793168391183,0.090625,Puntarenas_OTROS_Hidrometereológico
-0.10215084098978969,0.8556282602608736,17197,GPD,tail,21.39793168391183,0.090625,Puntarenas_OTROS_Hidrometereológico
-0.10215084098978969,0.8556282602608736,17198,GPD,tail,21.39793168391183,0.090625,Puntarenas_OTROS_Hidrometereológico
-0.10215084098978969,0.8556282602608736,17199,GPD,tail,21.39793168391183,0.090625,Puntarenas_OTROS_Hidrometereológico
-0.10215084098978969,0.8556282602608736,17200,GPD,tail,21.39793168391183,0.090625,Puntarenas_OTROS_Hidrometereológico
-0.10215084098978969,0.8556282602608736,17201,GPD,tail,21.39793168391183,0.090625,Puntarenas_OTROS_Hidrometereológico
-0.10215084098978969,0.8556282602608736,17202,GPD,tail,21.39793168391183,0.090625,Puntarenas_OTROS_Hidrometereológico
-0.10215084098978969,0.8556282602608736,17203,GPD,tail,21.39793168391183,0.090625,Puntarenas_OTROS_Hidrometereológico
-0.10215084098978969,0.8556282602608736,17204,GPD,tail,21.39793168391183,0.090625,Puntarenas_OTROS_Hidrometereológico
-0.10215084098978969,0.8556282602608736,17205,GPD,tail,21.39793168391183,0.090625,Puntarenas_OTROS_Hidrometereológico
-0.10215084098978969,0.8556282602608736,17206,GPD,tail,21.39793168391183,0.090625,Puntarenas_OTROS_Hidrometereológico
-0.10215084098978969,0.8556282602608736,17207,GPD,tail,21.39793168391183,0.090625,Puntarenas_OTROS_Hidrometereológico
-0.10215084098978969,0.8556282602608736,17208,GPD,tail,21.39793168391183,0.090625,Puntarenas_OTROS_Hidrometereológico
-0.10215084098978969,0.8556282602608736,17209,GPD,tail,21.39793168391183,0.090625,Puntarenas_OTROS_Hidrometereológico
-0.10215084098978969,0.8556282602608736,17210,GPD,tail,21.39793168391183,0.090625,Puntarenas_OTROS_Hidrometereológico
-0.10215084098978969,0.8556282602608736,17211,GPD,tail,21.39793168391183,0.090625,Puntarenas_OTROS_Hidrometereológico
-0.10215084098978969,0.8556282602608736,17212,GPD,tail,21.39793168391183,0.090625,Puntarenas_OTROS_Hidrometereológico
-0.10215084098978969,0.8556282602608736,17213,GPD,tail,21.39793168391183,0.090625,Puntarenas_OTROS_Hidrometereológico
-0.10215084098978969,0.8556282602608736,17214,GPD,tail,21.39793168391183,0.090625,Puntarenas_OTROS_Hidrometereológico
-0.10215084098978969,0.8556282602608736,17215,GPD,tail,21.39793168391183,0.090625,Puntarenas_OTROS_Hidrometereológico
-0.10215084098978969,0.8556282602608736,17216,GPD,tail,21.39793168391183,0.090625,Puntarenas_OTROS_Hidrometereológico
-0.10215084098978969,0.8556282602608736,17217,GPD,tail,21.39793168391183,0.090625,Puntarenas_OTROS_Hidrometereológico
-0.10215084098978969,0.8556282602608736,17218,GPD,tail,21.39793168391183,0.090625,Puntarenas_OTROS_Hidrometereológico
-0.10215084098978969,0.8556282602608736,17219,GPD,tail,21.39793168391183,0.090625,Puntarenas_OTROS_Hidrometereológico
-0.10215084098978969,0.8556282602608736,17220,GPD,tail,21.39793168391183,0.090625,Puntarenas_OTROS_Hidrometereológico
-0.10215084098978969,0.8556282602608736,17221,GPD,tail,21.39793168391183,0.090625,Puntarenas_OTROS_Hidrometereológico
-0.10215084098978969,0.8556282602608736,17222,GPD,tail,21.39793168391183,0.090625,Puntarenas_OTROS_Hidrometereológico
-0.10215084098978969,0.8556282602608736,17223,GPD,tail,21.39793168391183,0.090625,Puntarenas_OTROS_Hidrometereológico
-0.10215084098978969,0.8556282602608736,17224,GPD,tail,21.39793168391183,0.090625,Puntarenas_OTROS_Hidrometereológico
-0.10215084098978969,0.8556282602608736,17225,GPD,tail,21.39793168391183,0.090625,Puntarenas_OTROS_Hidrometereológico
-0.10215084098978969,0.8556282602608736,17226,GPD,tail,21.39793168391183,0.090625,Puntarenas_OTROS_Hidrometereológico
-0.10215084098978969,0.8556282602608736,17227,GPD,tail,21.39793168391183,0.090625,Puntarenas_OTROS_Hidrometereológico
-0.10215084098978969,0.8556282602608736,17228,GPD,tail,21.39793168391183,0.090625,Puntarenas_OTROS_Hidrometereológico
-0.10215084098978969,0.8556282602608736,17229,GPD,tail,21.39793168391183,0.090625,Puntarenas_OTROS_Hidrometereológico
-0.10215084098978969,0.8556282602608736,17230,GPD,tail,21.39793168391183,0.090625,Puntarenas_OTROS_Hidrometereológico
-0.10215084098978969,0.8556282602608736,17231,GPD,tail,21.39793168391183,0.090625,Puntarenas_OTROS_Hidrometereológico
-0.10215084098978969,0.8556282602608736,17232,GPD,tail,21.39793168391183,0.090625,Puntarenas_OTROS_Hidrometereológico
-0.10215084098978969,0.8556282602608736,17233,GPD,tail,21.39793168391183,0.090625,Puntarenas_OTROS_Hidrometereológico
-0.10215084098978969,0.8556282602608736,17234,GPD,tail,21.39793168391183,0.090625,Puntarenas_OTROS_Hidrometereológico
-0.10215084098978969,0.8556282602608736,17235,GPD,tail,21.39793168391183,0.090625,Puntarenas_OTROS_Hidrometereológico
-0.10215084098978969,0.8556282602608736,17236,GPD,tail,21.39793168391183,0.090625,Puntarenas_OTROS_Hidrometereológico
-0.10215084098978969,0.8556282602608736,17237,GPD,tail,21.39793168391183,0.090625,Puntarenas_OTROS_Hidrometereológico
-0.10215084098978969,0.8556282602608736,17238,GPD,tail,21.39793168391183,0.090625,Puntarenas_OTROS_Hidrometereológico
-0.10215084098978969,0.8556282602608736,17239,GPD,tail,21.39793168391183,0.090625,Puntarenas_OTROS_Hidrometereológico
-0.10215084098978969,0.8556282602608736,17240,GPD,tail,21.39793168391183,0.090625,Puntarenas_OTROS_Hidrometereológico
-0.10215084098978969,0.8556282602608736,17241,GPD,tail,21.39793168391183,0.090625,Puntarenas_OTROS_Hidrometereológico
-0.10215084098978969,0.8556282602608736,17242,GPD,tail,21.39793168391183,0.090625,Puntarenas_OTROS_Hidrometereológico
-0.07947561243901699,0.8114124172876248,17243,GPD,tail,21.39793168391183,0.090625,Puntarenas_OTROS_Hidrometereológico
-0.07947561243901699,0.8114124172876248,17244,GPD,tail,21.39793168391183,0.090625,Puntarenas_OTROS_Hidrometereológico
-0.07947561243901699,0.8114124172876248,17245,GPD,tail,21.39793168391183,0.090625,Puntarenas_OTROS_Hidrometereológico
-0.07947561243901699,0.8114124172876248,17246,GPD,tail,21.39793168391183,0.090625,Puntarenas_OTROS_Hidrometereológico
-0.07947561243901699,0.8114124172876248,17247,GPD,tail,21.39793168391183,0.090625,Puntarenas_OTROS_Hidrometereológico
-0.07947561243901699,0.8114124172876248,17248,GPD,tail,21.39793168391183,0.090625,Puntarenas_OTROS_Hidrometereológico
-0.07947561243901699,0.8114124172876248,17249,GPD,tail,21.39793168391183,0.090625,Puntarenas_OTROS_Hidrometereológico
-0.07947561243901699,0.8114124172876248,17250,GPD,tail,21.39793168391183,0.090625,Puntarenas_OTROS_Hidrometereológico
-0.07947561243901699,0.8114124172876248,17251,GPD,tail,21.39793168391183,0.090625,Puntarenas_OTROS_Hidrometereológico
-0.07947561243901699,0.8114124172876248,17252,GPD,tail,21.39793168391183,0.090625,Puntarenas_OTROS_Hidrometereológico
-0.07947561243901699,0.8114124172876248,17253,GPD,tail,21.39793168391183,0.090625,Puntarenas_OTROS_Hidrometereológico
-0.07947561243901699,0.8114124172876248,17254,GPD,tail,21.39793168391183,0.090625,Puntarenas_OTROS_Hidrometereológico
-0.07947561243901699,0.8114124172876248,17255,GPD,tail,21.39793168391183,0.090625,Puntarenas_OTROS_Hidrometereológico
-0.07947561243901699,0.8114124172876248,17256,GPD,tail,21.39793168391183,0.090625,Puntarenas_OTROS_Hidrometereológico
-0.07947561243901699,0.8114124172876248,17257,GPD,tail,21.39793168391183,0.090625,Puntarenas_OTROS_Hidrometereológico
-0.07947561243901699,0.8114124172876248,17258,GPD,tail,21.39793168391183,0.090625,Puntarenas_OTROS_Hidrometereológico
-0.07947561243901699,0.8114124172876248,17259,GPD,tail,21.39793168391183,0.090625,Puntarenas_OTROS_Hidrometereológico
-0.07947561243901699,0.8114124172876248,17260,GPD,tail,21.39793168391183,0.090625,Puntarenas_OTROS_Hidrometereológico
-0.07947561243901699,0.8114124172876248,17261,GPD,tail,21.39793168391183,0.090625,Puntarenas_OTROS_Hidrometereológico
-0.07947561243901699,0.8114124172876248,17262,GPD,tail,21.39793168391183,0.090625,Puntarenas_OTROS_Hidrometereológico
-0.07947561243901699,0.8114124172876248,17263,GPD,tail,21.39793168391183,0.090625,Puntarenas_OTROS_Hidrometereológico
-0.07947561243901699,0.8114124172876248,17264,GPD,tail,21.39793168391183,0.090625,Puntarenas_OTROS_Hidrometereológico
-0.07947561243901699,0.8114124172876248,17265,GPD,tail,21.39793168391183,0.090625,Puntarenas_OTROS_Hidrometereológico
-0.07947561243901699,0.8114124172876248,17266,GPD,tail,21.39793168391183,0.090625,Puntarenas_OTROS_Hidrometereológico
-0.07947561243901699,0.8114124172876248,17267,GPD,tail,21.39793168391183,0.090625,Puntarenas_OTROS_Hidrometereológico
-0.07947561243901699,0.8114124172876248,17268,GPD,tail,21.39793168391183,0.090625,Puntarenas_OTROS_Hidrometereológico
-0.07947561243901699,0.8114124172876248,17269,GPD,tail,21.39793168391183,0.090625,Puntarenas_OTROS_Hidrometereológico
-0.07947561243901699,0.8114124172876248,17270,GPD,tail,21.39793168391183,0.090625,Puntarenas_OTROS_Hidrometereológico
-0.07947561243901699,0.8114124172876248,17271,GPD,tail,21.39793168391183,0.090625,Puntarenas_OTROS_Hidrometereológico
-0.07947561243901699,0.8114124172876248,17272,GPD,tail,21.39793168391183,0.090625,Puntarenas_OTROS_Hidrometereológico
-0.07947561243901699,0.8114124172876248,17273,GPD,tail,21.39793168391183,0.090625,Puntarenas_OTROS_Hidrometereológico
-0.07947561243901699,0.8114124172876248,17274,GPD,tail,21.39793168391183,0.090625,Puntarenas_OTROS_Hidrometereológico
-0.07947561243901699,0.8114124172876248,17275,GPD,tail,21.39793168391183,0.090625,Puntarenas_OTROS_Hidrometereológico
-0.07947561243901699,0.8114124172876248,17276,GPD,tail,21.39793168391183,0.090625,Puntarenas_OTROS_Hidrometereológico
-0.07947561243901699,0.8114124172876248,17277,GPD,tail,21.39793168391183,0.090625,Puntarenas_OTROS_Hidrometereológico
-0.07947561243901699,0.8114124172876248,17278,GPD,tail,21.39793168391183,0.090625,Puntarenas_OTROS_Hidrometereológico
-0.07947561243901699,0.8114124172876248,17279,GPD,tail,21.39793168391183,0.090625,Puntarenas_OTROS_Hidrometereológico
-0.07947561243901699,0.8114124172876248,17280,GPD,tail,21.39793168391183,0.090625,Puntarenas_OTROS_Hidrometereológico
-0.07947561243901699,0.8114124172876248,17281,GPD,tail,21.39793168391183,0.090625,Puntarenas_OTROS_Hidrometereológico
0.0707377544000671,0.6850396756433154,17282,GPD,tail,21.39793168391183,0.090625,Puntarenas_OTROS_Hidrometereológico
0.0707377544000671,0.6850396756433154,17283,GPD,tail,21.39793168391183,0.090625,Puntarenas_OTROS_Hidrometereológico
0.0707377544000671,0.6850396756433154,17284,GPD,tail,21.39793168391183,0.090625,Puntarenas_OTROS_Hidrometereológico
0.0707377544000671,0.6850396756433154,17285,GPD,tail,21.39793168391183,0.090625,Puntarenas_OTROS_Hidrometereológico
-0.18045660066790623,1.1313054258064543,17286,GPD,tail,21.39793168391183,0.090625,Puntarenas_OTROS_Hidrometereológico
-0.18045660066790623,1.1313054258064543,17287,GPD,tail,21.39793168391183,0.090625,Puntarenas_OTROS_Hidrometereológico
-0.18045660066790623,1.1313054258064543,17288,GPD,tail,21.39793168391183,0.090625,Puntarenas_OTROS_Hidrometereológico
-0.18045660066790623,1.1313054258064543,17289,GPD,tail,21.39793168391183,0.090625,Puntarenas_OTROS_Hidrometereológico
-0.18045660066790623,1.1313054258064543,17290,GPD,tail,21.39793168391183,0.090625,Puntarenas_OTROS_Hidrometereológico
-0.18045660066790623,1.1313054258064543,17291,GPD,tail,21.39793168391183,0.090625,Puntarenas_OTROS_Hidrometereológico
-0.18045660066790623,1.1313054258064543,17292,GPD,tail,21.39793168391183,0.090625,Puntarenas_OTROS_Hidrometereológico
-0.18045660066790623,1.1313054258064543,17293,GPD,tail,21.39793168391183,0.090625,Puntarenas_OTROS_Hidrometereológico
-0.18045660066790623,1.1313054258064543,17294,GPD,tail,21.39793168391183,0.090625,Puntarenas_OTROS_Hidrometereológico
-0.07705953284553325,0.916665722125997,17295,GPD,tail,21.39793168391183,0.090625,Puntarenas_OTROS_Hidrometereológico
-0.09244099259191474,0.9899038925736654,17296,GPD,tail,21.39793168391183,0.090625,Puntarenas_OTROS_Hidrometereológico
-0.09244099259191474,0.9899038925736654,17297,GPD,tail,21.39793168391183,0.090625,Puntarenas_OTROS_Hidrometereológico
-0.09244099259191474,0.9899038925736654,17298,GPD,tail,21.39793168391183,0.090625,Puntarenas_OTROS_Hidrometereológico
-0.09244099259191474,0.9899038925736654,17299,GPD,tail,21.39793168391183,0.090625,Puntarenas_OTROS_Hidrometereológico
-0.09244099259191474,0.9899038925736654,17300,GPD,tail,21.39793168391183,0.090625,Puntarenas_OTROS_Hidrometereológico
-0.1724939220959909,0.9684628712068907,17301,GPD,tail,21.39793168391183,0.090625,Puntarenas_OTROS_Hidrometereológico
-0.1724939220959909,0.9684628712068907,17302,GPD,tail,21.39793168391183,0.090625,Puntarenas_OTROS_Hidrometereológico
-0.1724939220959909,0.9684628712068907,17303,GPD,tail,21.39793168391183,0.090625,Puntarenas_OTROS_Hidrometereológico
-0.1724939220959909,0.9684628712068907,17304,GPD,tail,21.39793168391183,0.090625,Puntarenas_OTROS_Hidrometereológico
-0.1724939220959909,0.9684628712068907,17305,GPD,tail,21.39793168391183,0.090625,Puntarenas_OTROS_Hidrometereológico
-0.1724939220959909,0.9684628712068907,17306,GPD,tail,21.39793168391183,0.090625,Puntarenas_OTROS_Hidrometereológico
-0.1724939220959909,0.9684628712068907,17307,GPD,tail,21.39793168391183,0.090625,Puntarenas_OTROS_Hidrometereológico
-0.1724939220959909,0.9684628712068907,17308,GPD,tail,21.39793168391183,0.090625,Puntarenas_OTROS_Hidrometereológico
-0.1724939220959909,0.9684628712068907,17309,GPD,tail,21.39793168391183,0.090625,Puntarenas_OTROS_Hidrometereológico
-0.1724939220959909,0.9684628712068907,17310,GPD,tail,21.39793168391183,0.090625,Puntarenas_OTROS_Hidrometereológico
-0.1724939220959909,0.9684628712068907,17311,GPD,tail,21.39793168391183,0.090625,Puntarenas_OTROS_Hidrometereológico
-0.1724939220959909,0.9684628712068907,17312,GPD,tail,21.39793168391183,0.090625,Puntarenas_OTROS_Hidrometereológico
-0.1724939220959909,0.9684628712068907,17313,GPD,tail,21.39793168391183,0.090625,Puntarenas_OTROS_Hidrometereológico
-0.1724939220959909,0.9684628712068907,17314,GPD,tail,21.39793168391183,0.090625,Puntarenas_OTROS_Hidrometereológico
-0.1724939220959909,0.9684628712068907,17315,GPD,tail,21.39793168391183,0.090625,Puntarenas_OTROS_Hidrometereológico
-0.1724939220959909,0.9684628712068907,17316,GPD,tail,21.39793168391183,0.090625,Puntarenas_OTROS_Hidrometereológico
-0.1724939220959909,0.9684628712068907,17317,GPD,tail,21.39793168391183,0.090625,Puntarenas_OTROS_Hidrometereológico
-0.1724939220959909,0.9684628712068907,17318,GPD,tail,21.39793168391183,0.090625,Puntarenas_OTROS_Hidrometereológico
-0.1448795584031776,0.9131071913660692,17319,GPD,tail,21.39793168391183,0.090625,Puntarenas_OTROS_Hidrometereológico
-0.14506948041635137,0.8663581904283363,17320,GPD,tail,21.39793168391183,0.090625,Puntarenas_OTROS_Hidrometereológico
-0.14506948041635137,0.8663581904283363,17321,GPD,tail,21.39793168391183,0.090625,Puntarenas_OTROS_Hidrometereológico
-0.14506948041635137,0.8663581904283363,17322,GPD,tail,21.39793168391183,0.090625,Puntarenas_OTROS_Hidrometereológico
-0.14506948041635137,0.8663581904283363,17323,GPD,tail,21.39793168391183,0.090625,Puntarenas_OTROS_Hidrometereológico
-0.14506948041635137,0.8663581904283363,17324,GPD,tail,21.39793168391183,0.090625,Puntarenas_OTROS_Hidrometereológico
-0.14506948041635137,0.8663581904283363,17325,GPD,tail,21.39793168391183,0.090625,Puntarenas_OTROS_Hidrometereológico
-0.14506948041635137,0.8663581904283363,17326,GPD,tail,21.39793168391183,0.090625,Puntarenas_OTROS_Hidrometereológico
-0.14506948041635137,0.8663581904283363,17327,GPD,tail,21.39793168391183,0.090625,Puntarenas_OTROS_Hidrometereológico
-0.14506948041635137,0.8663581904283363,17328,GPD,tail,21.39793168391183,0.090625,Puntarenas_OTROS_Hidrometereológico
-0.07928288619213729,1.0421853750571732,17329,GPD,tail,21.39793168391183,0.090625,Puntarenas_OTROS_Hidrometereológico
-0.14740958724433,0.9853077328097438,17330,GPD,tail,21.39793168391183,0.090625,Puntarenas_OTROS_Hidrometereológico
-0.14740958724433,0.9853077328097438,17331,GPD,tail,21.39793168391183,0.090625,Puntarenas_OTROS_Hidrometereológico
-0.14740958724433,0.9853077328097438,17332,GPD,tail,21.39793168391183,0.090625,Puntarenas_OTROS_Hidrometereológico
-0.14740958724433,0.9853077328097438,17333,GPD,tail,21.39793168391183,0.090625,Puntarenas_OTROS_Hidrometereológico
-0.14740958724433,0.9853077328097438,17334,GPD,tail,21.39793168391183,0.090625,Puntarenas_OTROS_Hidrometereológico
-0.14740958724433,0.9853077328097438,17335,GPD,tail,21.39793168391183,0.090625,Puntarenas_OTROS_Hidrometereológico
-0.14740958724433,0.9853077328097438,17336,GPD,tail,21.39793168391183,0.090625,Puntarenas_OTROS_Hidrometereológico
-0.14740958724433,0.9853077328097438,17337,GPD,tail,21.39793168391183,0.090625,Puntarenas_OTROS_Hidrometereológico
-0.14740958724433,0.9853077328097438,17338,GPD,tail,21.39793168391183,0.090625,Puntarenas_OTROS_Hidrometereológico
-0.14740958724433,0.9853077328097438,17339,GPD,tail,21.39793168391183,0.090625,Puntarenas_OTROS_Hidrometereológico
-0.14740958724433,0.9853077328097438,17340,GPD,tail,21.39793168391183,0.090625,Puntarenas_OTROS_Hidrometereológico
-0.14740958724433,0.9853077328097438,17341,GPD,tail,21.39793168391183,0.090625,Puntarenas_OTROS_Hidrometereológico
-0.14740958724433,0.9853077328097438,17342,GPD,tail,21.39793168391183,0.090625,Puntarenas_OTROS_Hidrometereológico
-0.14740958724433,0.9853077328097438,17343,GPD,tail,21.39793168391183,0.090625,Puntarenas_OTROS_Hidrometereológico
-0.14740958724433,0.9853077328097438,17344,GPD,tail,21.39793168391183,0.090625,Puntarenas_OTROS_Hidrometereológico
-0.14740958724433,0.9853077328097438,17345,GPD,tail,21.39793168391183,0.090625,Puntarenas_OTROS_Hidrometereológico
-0.14740958724433,0.9853077328097438,17346,GPD,tail,21.39793168391183,0.090625,Puntarenas_OTROS_Hidrometereológico
-0.14740958724433,0.9853077328097438,17347,GPD,tail,21.39793168391183,0.090625,Puntarenas_OTROS_Hidrometereológico
-0.14740958724433,0.9853077328097438,17348,GPD,tail,21.39793168391183,0.090625,Puntarenas_OTROS_Hidrometereológico
-0.14740958724433,0.9853077328097438,17349,GPD,tail,21.39793168391183,0.090625,Puntarenas_OTROS_Hidrometereológico
-0.14740958724433,0.9853077328097438,17350,GPD,tail,21.39793168391183,0.090625,Puntarenas_OTROS_Hidrometereológico
-0.14740958724433,0.9853077328097438,17351,GPD,tail,21.39793168391183,0.090625,Puntarenas_OTROS_Hidrometereológico
-0.14740958724433,0.9853077328097438,17352,GPD,tail,21.39793168391183,0.090625,Puntarenas_OTROS_Hidrometereológico
-0.14740958724433,0.9853077328097438,17353,GPD,tail,21.39793168391183,0.090625,Puntarenas_OTROS_Hidrometereológico
-0.14740958724433,0.9853077328097438,17354,GPD,tail,21.39793168391183,0.090625,Puntarenas_OTROS_Hidrometereológico
-0.14740958724433,0.9853077328097438,17355,GPD,tail,21.39793168391183,0.090625,Puntarenas_OTROS_Hidrometereológico
-0.14740958724433,0.9853077328097438,17356,GPD,tail,21.39793168391183,0.090625,Puntarenas_OTROS_Hidrometereológico
-0.14740958724433,0.9853077328097438,17357,GPD,tail,21.39793168391183,0.090625,Puntarenas_OTROS_Hidrometereológico
-0.14740958724433,0.9853077328097438,17358,GPD,tail,21.39793168391183,0.090625,Puntarenas_OTROS_Hidrometereológico
-0.14740958724433,0.9853077328097438,17359,GPD,tail,21.39793168391183,0.090625,Puntarenas_OTROS_Hidrometereológico
-0.14740958724433,0.9853077328097438,17360,GPD,tail,21.39793168391183,0.090625,Puntarenas_OTROS_Hidrometereológico
-0.14740958724433,0.9853077328097438,17361,GPD,tail,21.39793168391183,0.090625,Puntarenas_OTROS_Hidrometereológico
-0.14740958724433,0.9853077328097438,17362,GPD,tail,21.39793168391183,0.090625,Puntarenas_OTROS_Hidrometereológico
-0.14740958724433,0.9853077328097438,17363,GPD,tail,21.39793168391183,0.090625,Puntarenas_OTROS_Hidrometereológico
-0.01823827774438072,0.8400506897385893,17364,GPD,tail,21.39793168391183,0.090625,Puntarenas_OTROS_Hidrometereológico
-0.01823827774438072,0.8400506897385893,17365,GPD,tail,21.39793168391183,0.090625,Puntarenas_OTROS_Hidrometereológico
-0.01823827774438072,0.8400506897385893,17366,GPD,tail,21.39793168391183,0.090625,Puntarenas_OTROS_Hidrometereológico
-0.01823827774438072,0.8400506897385893,17367,GPD,tail,21.39793168391183,0.090625,Puntarenas_OTROS_Hidrometereológico
-0.01823827774438072,0.8400506897385893,17368,GPD,tail,21.39793168391183,0.090625,Puntarenas_OTROS_Hidrometereológico
-0.01823827774438072,0.8400506897385893,17369,GPD,tail,21.39793168391183,0.090625,Puntarenas_OTROS_Hidrometereológico
-0.01823827774438072,0.8400506897385893,17370,GPD,tail,21.39793168391183,0.090625,Puntarenas_OTROS_Hidrometereológico
-0.01823827774438072,0.8400506897385893,17371,GPD,tail,21.39793168391183,0.090625,Puntarenas_OTROS_Hidrometereológico
-0.01823827774438072,0.8400506897385893,17372,GPD,tail,21.39793168391183,0.090625,Puntarenas_OTROS_Hidrometereológico
-0.01823827774438072,0.8400506897385893,17373,GPD,tail,21.39793168391183,0.090625,Puntarenas_OTROS_Hidrometereológico
-0.01823827774438072,0.8400506897385893,17374,GPD,tail,21.39793168391183,0.090625,Puntarenas_OTROS_Hidrometereológico
-0.01823827774438072,0.8400506897385893,17375,GPD,tail,21.39793168391183,0.090625,Puntarenas_OTROS_Hidrometereológico
-0.01823827774438072,0.8400506897385893,17376,GPD,tail,21.39793168391183,0.090625,Puntarenas_OTROS_Hidrometereológico
-0.01823827774438072,0.8400506897385893,17377,GPD,tail,21.39793168391183,0.090625,Puntarenas_OTROS_Hidrometereológico
-0.01823827774438072,0.8400506897385893,17378,GPD,tail,21.39793168391183,0.090625,Puntarenas_OTROS_Hidrometereológico
-0.01823827774438072,0.8400506897385893,17379,GPD,tail,21.39793168391183,0.090625,Puntarenas_OTROS_Hidrometereológico
-0.01823827774438072,0.8400506897385893,17380,GPD,tail,21.39793168391183,0.090625,Puntarenas_OTROS_Hidrometereológico
-0.01823827774438072,0.8400506897385893,17381,GPD,tail,21.39793168391183,0.090625,Puntarenas_OTROS_Hidrometereológico
-0.01823827774438072,0.8400506897385893,17382,GPD,tail,21.39793168391183,0.090625,Puntarenas_OTROS_Hidrometereológico
-0.01823827774438072,0.8400506897385893,17383,GPD,tail,21.39793168391183,0.090625,Puntarenas_OTROS_Hidrometereológico
-0.01823827774438072,0.8400506897385893,17384,GPD,tail,21.39793168391183,0.090625,Puntarenas_OTROS_Hidrometereológico
-0.01823827774438072,0.8400506897385893,17385,GPD,tail,21.39793168391183,0.090625,Puntarenas_OTROS_Hidrometereológico
-0.01823827774438072,0.8400506897385893,17386,GPD,tail,21.39793168391183,0.090625,Puntarenas_OTROS_Hidrometereológico
-0.01823827774438072,0.8400506897385893,17387,GPD,tail,21.39793168391183,0.090625,Puntarenas_OTROS_Hidrometereológico
-0.01823827774438072,0.8400506897385893,17388,GPD,tail,21.39793168391183,0.090625,Puntarenas_OTROS_Hidrometereológico
-0.05324601824208335,0.9348241451998114,17389,GPD,tail,21.39793168391183,0.090625,Puntarenas_OTROS_Hidrometereológico
-0.05324601824208335,0.9348241451998114,17390,GPD,tail,21.39793168391183,0.090625,Puntarenas_OTROS_Hidrometereológico
-0.05324601824208335,0.9348241451998114,17391,GPD,tail,21.39793168391183,0.090625,Puntarenas_OTROS_Hidrometereológico
-0.05324601824208335,0.9348241451998114,17392,GPD,tail,21.39793168391183,0.090625,Puntarenas_OTROS_Hidrometereológico
-0.05324601824208335,0.9348241451998114,17393,GPD,tail,21.39793168391183,0.090625,Puntarenas_OTROS_Hidrometereológico
0.030462128737958845,0.7819181024008647,17394,GPD,tail,21.39793168391183,0.090625,Puntarenas_OTROS_Hidrometereológico
0.030462128737958845,0.7819181024008647,17395,GPD,tail,21.39793168391183,0.090625,Puntarenas_OTROS_Hidrometereológico
0.030462128737958845,0.7819181024008647,17396,GPD,tail,21.39793168391183,0.090625,Puntarenas_OTROS_Hidrometereológico
0.030462128737958845,0.7819181024008647,17397,GPD,tail,21.39793168391183,0.090625,Puntarenas_OTROS_Hidrometereológico
0.030462128737958845,0.7819181024008647,17398,GPD,tail,21.39793168391183,0.090625,Puntarenas_OTROS_Hidrometereológico
0.030462128737958845,0.7819181024008647,17399,GPD,tail,21.39793168391183,0.090625,Puntarenas_OTROS_Hidrometereológico
0.030462128737958845,0.7819181024008647,17400,GPD,tail,21.39793168391183,0.090625,Puntarenas_OTROS_Hidrometereológico
0.030462128737958845,0.7819181024008647,17401,GPD,tail,21.39793168391183,0.090625,Puntarenas_OTROS_Hidrometereológico
0.030462128737958845,0.7819181024008647,17402,GPD,tail,21.39793168391183,0.090625,Puntarenas_OTROS_Hidrometereológico
0.030462128737958845,0.7819181024008647,17403,GPD,tail,21.39793168391183,0.090625,Puntarenas_OTROS_Hidrometereológico
0.030462128737958845,0.7819181024008647,17404,GPD,tail,21.39793168391183,0.090625,Puntarenas_OTROS_Hidrometereológico
0.030462128737958845,0.7819181024008647,17405,GPD,tail,21.39793168391183,0.090625,Puntarenas_OTROS_Hidrometereológico
0.030462128737958845,0.7819181024008647,17406,GPD,tail,21.39793168391183,0.090625,Puntarenas_OTROS_Hidrometereológico
0.030462128737958845,0.7819181024008647,17407,GPD,tail,21.39793168391183,0.090625,Puntarenas_OTROS_Hidrometereológico
0.030462128737958845,0.7819181024008647,17408,GPD,tail,21.39793168391183,0.090625,Puntarenas_OTROS_Hidrometereológico
0.030462128737958845,0.7819181024008647,17409,GPD,tail,21.39793168391183,0.090625,Puntarenas_OTROS_Hidrometereológico
0.030462128737958845,0.7819181024008647,17410,GPD,tail,21.39793168391183,0.090625,Puntarenas_OTROS_Hidrometereológico
0.030462128737958845,0.7819181024008647,17411,GPD,tail,21.39793168391183,0.090625,Puntarenas_OTROS_Hidrometereológico
0.030462128737958845,0.7819181024008647,17412,GPD,tail,21.39793168391183,0.090625,Puntarenas_OTROS_Hidrometereológico
0.030462128737958845,0.7819181024008647,17413,GPD,tail,21.39793168391183,0.090625,Puntarenas_OTROS_Hidrometereológico
0.030462128737958845,0.7819181024008647,17414,GPD,tail,21.39793168391183,0.090625,Puntarenas_OTROS_Hidrometereológico
0.030462128737958845,0.7819181024008647,17415,GPD,tail,21.39793168391183,0.090625,Puntarenas_OTROS_Hidrometereológico
0.030462128737958845,0.7819181024008647,17416,GPD,tail,21.39793168391183,0.090625,Puntarenas_OTROS_Hidrometereológico
0.030462128737958845,0.7819181024008647,17417,GPD,tail,21.39793168391183,0.090625,Puntarenas_OTROS_Hidrometereológico
-0.02861643501009483,0.8045319370135476,17418,GPD,tail,21.39793168391183,0.090625,Puntarenas_OTROS_Hidrometereológico
-0.02861643501009483,0.8045319370135476,17419,GPD,tail,21.39793168391183,0.090625,Puntarenas_OTROS_Hidrometereológico
-0.02861643501009483,0.8045319370135476,17420,GPD,tail,21.39793168391183,0.090625,Puntarenas_OTROS_Hidrometereológico
-0.02861643501009483,0.8045319370135476,17421,GPD,tail,21.39793168391183,0.090625,Puntarenas_OTROS_Hidrometereológico
-0.02861643501009483,0.8045319370135476,17422,GPD,tail,21.39793168391183,0.090625,Puntarenas_OTROS_Hidrometereológico
-0.02861643501009483,0.8045319370135476,17423,GPD,tail,21.39793168391183,0.090625,Puntarenas_OTROS_Hidrometereológico
-0.02861643501009483,0.8045319370135476,17424,GPD,tail,21.39793168391183,0.090625,Puntarenas_OTROS_Hidrometereológico
-0.02861643501009483,0.8045319370135476,17425,GPD,tail,21.39793168391183,0.090625,Puntarenas_OTROS_Hidrometereológico
-0.02861643501009483,0.8045319370135476,17426,GPD,tail,21.39793168391183,0.090625,Puntarenas_OTROS_Hidrometereológico
-0.02861643501009483,0.8045319370135476,17427,GPD,tail,21.39793168391183,0.090625,Puntarenas_OTROS_Hidrometereológico
-0.02861643501009483,0.8045319370135476,17428,GPD,tail,21.39793168391183,0.090625,Puntarenas_OTROS_Hidrometereológico
-0.02861643501009483,0.8045319370135476,17429,GPD,tail,21.39793168391183,0.090625,Puntarenas_OTROS_Hidrometereológico
-0.02861643501009483,0.8045319370135476,17430,GPD,tail,21.39793168391183,0.090625,Puntarenas_OTROS_Hidrometereológico
-0.02861643501009483,0.8045319370135476,17431,GPD,tail,21.39793168391183,0.090625,Puntarenas_OTROS_Hidrometereológico
-0.02861643501009483,0.8045319370135476,17432,GPD,tail,21.39793168391183,0.090625,Puntarenas_OTROS_Hidrometereológico
-0.02861643501009483,0.8045319370135476,17433,GPD,tail,21.39793168391183,0.090625,Puntarenas_OTROS_Hidrometereológico
-0.02861643501009483,0.8045319370135476,17434,GPD,tail,21.39793168391183,0.090625,Puntarenas_OTROS_Hidrometereológico
-0.02861643501009483,0.8045319370135476,17435,GPD,tail,21.39793168391183,0.090625,Puntarenas_OTROS_Hidrometereológico
-0.02861643501009483,0.8045319370135476,17436,GPD,tail,21.39793168391183,0.090625,Puntarenas_OTROS_Hidrometereológico
-0.02861643501009483,0.8045319370135476,17437,GPD,tail,21.39793168391183,0.090625,Puntarenas_OTROS_Hidrometereológico
-0.02861643501009483,0.8045319370135476,17438,GPD,tail,21.39793168391183,0.090625,Puntarenas_OTROS_Hidrometereológico
-0.02861643501009483,0.8045319370135476,17439,GPD,tail,21.39793168391183,0.090625,Puntarenas_OTROS_Hidrometereológico
-0.02861643501009483,0.8045319370135476,17440,GPD,tail,21.39793168391183,0.090625,Puntarenas_OTROS_Hidrometereológico
0.033264449697502155,0.7567074070721643,17441,GPD,tail,21.39793168391183,0.090625,Puntarenas_OTROS_Hidrometereológico
0.033264449697502155,0.7567074070721643,17442,GPD,tail,21.39793168391183,0.090625,Puntarenas_OTROS_Hidrometereológico
0.033264449697502155,0.7567074070721643,17443,GPD,tail,21.39793168391183,0.090625,Puntarenas_OTROS_Hidrometereológico
0.033264449697502155,0.7567074070721643,17444,GPD,tail,21.39793168391183,0.090625,Puntarenas_OTROS_Hidrometereológico
0.033264449697502155,0.7567074070721643,17445,GPD,tail,21.39793168391183,0.090625,Puntarenas_OTROS_Hidrometereológico
0.033264449697502155,0.7567074070721643,17446,GPD,tail,21.39793168391183,0.090625,Puntarenas_OTROS_Hidrometereológico
0.033264449697502155,0.7567074070721643,17447,GPD,tail,21.39793168391183,0.090625,Puntarenas_OTROS_Hidrometereológico
0.033264449697502155,0.7567074070721643,17448,GPD,tail,21.39793168391183,0.090625,Puntarenas_OTROS_Hidrometereológico
0.033264449697502155,0.7567074070721643,17449,GPD,tail,21.39793168391183,0.090625,Puntarenas_OTROS_Hidrometereológico
0.033264449697502155,0.7567074070721643,17450,GPD,tail,21.39793168391183,0.090625,Puntarenas_OTROS_Hidrometereológico
0.033264449697502155,0.7567074070721643,17451,GPD,tail,21.39793168391183,0.090625,Puntarenas_OTROS_Hidrometereológico
0.033264449697502155,0.7567074070721643,17452,GPD,tail,21.39793168391183,0.090625,Puntarenas_OTROS_Hidrometereológico
0.033264449697502155,0.7567074070721643,17453,GPD,tail,21.39793168391183,0.090625,Puntarenas_OTROS_Hidrometereológico
0.033264449697502155,0.7567074070721643,17454,GPD,tail,21.39793168391183,0.090625,Puntarenas_OTROS_Hidrometereológico
0.033264449697502155,0.7567074070721643,17455,GPD,tail,21.39793168391183,0.090625,Puntarenas_OTROS_Hidrometereológico
0.033264449697502155,0.7567074070721643,17456,GPD,tail,21.39793168391183,0.090625,Puntarenas_OTROS_Hidrometereológico
0.033264449697502155,0.7567074070721643,17457,GPD,tail,21.39793168391183,0.090625,Puntarenas_OTROS_Hidrometereológico
0.033264449697502155,0.7567074070721643,17458,GPD,tail,21.39793168391183,0.090625,Puntarenas_OTROS_Hidrometereológico
0.008886442429583832,0.7332508982629095,17459,GPD,tail,21.39793168391183,0.090625,Puntarenas_OTROS_Hidrometereológico
0.008886442429583832,0.7332508982629095,17460,GPD,tail,21.39793168391183,0.090625,Puntarenas_OTROS_Hidrometereológico
0.008886442429583832,0.7332508982629095,17461,GPD,tail,21.39793168391183,0.090625,Puntarenas_OTROS_Hidrometereológico
0.008886442429583832,0.7332508982629095,17462,GPD,tail,21.39793168391183,0.090625,Puntarenas_OTROS_Hidrometereológico
0.008886442429583832,0.7332508982629095,17463,GPD,tail,21.39793168391183,0.090625,Puntarenas_OTROS_Hidrometereológico
0.008886442429583832,0.7332508982629095,17464,GPD,tail,21.39793168391183,0.090625,Puntarenas_OTROS_Hidrometereológico
0.008886442429583832,0.7332508982629095,17465,GPD,tail,21.39793168391183,0.090625,Puntarenas_OTROS_Hidrometereológico
0.008886442429583832,0.7332508982629095,17466,GPD,tail,21.39793168391183,0.090625,Puntarenas_OTROS_Hidrometereológico
0.008886442429583832,0.7332508982629095,17467,GPD,tail,21.39793168391183,0.090625,Puntarenas_OTROS_Hidrometereológico
0.008886442429583832,0.7332508982629095,17468,GPD,tail,21.39793168391183,0.090625,Puntarenas_OTROS_Hidrometereológico
0.008886442429583832,0.7332508982629095,17469,GPD,tail,21.39793168391183,0.090625,Puntarenas_OTROS_Hidrometereológico
0.008886442429583832,0.7332508982629095,17470,GPD,tail,21.39793168391183,0.090625,Puntarenas_OTROS_Hidrometereológico
0.008886442429583832,0.7332508982629095,17471,GPD,tail,21.39793168391183,0.090625,Puntarenas_OTROS_Hidrometereológico
-0.06267359148829246,0.9190527409263414,17472,GPD,tail,21.39793168391183,0.090625,Puntarenas_OTROS_Hidrometereológico
-0.06267359148829246,0.9190527409263414,17473,GPD,tail,21.39793168391183,0.090625,Puntarenas_OTROS_Hidrometereológico
-0.06267359148829246,0.9190527409263414,17474,GPD,tail,21.39793168391183,0.090625,Puntarenas_OTROS_Hidrometereológico
-0.06267359148829246,0.9190527409263414,17475,GPD,tail,21.39793168391183,0.090625,Puntarenas_OTROS_Hidrometereológico
-0.06267359148829246,0.9190527409263414,17476,GPD,tail,21.39793168391183,0.090625,Puntarenas_OTROS_Hidrometereológico
-0.06267359148829246,0.9190527409263414,17477,GPD,tail,21.39793168391183,0.090625,Puntarenas_OTROS_Hidrometereológico
-0.06267359148829246,0.9190527409263414,17478,GPD,tail,21.39793168391183,0.090625,Puntarenas_OTROS_Hidrometereológico
-0.06267359148829246,0.9190527409263414,17479,GPD,tail,21.39793168391183,0.090625,Puntarenas_OTROS_Hidrometereológico
-0.06267359148829246,0.9190527409263414,17480,GPD,tail,21.39793168391183,0.090625,Puntarenas_OTROS_Hidrometereológico
-0.06267359148829246,0.9190527409263414,17481,GPD,tail,21.39793168391183,0.090625,Puntarenas_OTROS_Hidrometereológico
0.058871770086771635,0.8279300949537588,17482,GPD,tail,21.39793168391183,0.090625,Puntarenas_OTROS_Hidrometereológico
0.058871770086771635,0.8279300949537588,17483,GPD,tail,21.39793168391183,0.090625,Puntarenas_OTROS_Hidrometereológico
0.058871770086771635,0.8279300949537588,17484,GPD,tail,21.39793168391183,0.090625,Puntarenas_OTROS_Hidrometereológico
0.058871770086771635,0.8279300949537588,17485,GPD,tail,21.39793168391183,0.090625,Puntarenas_OTROS_Hidrometereológico
0.058871770086771635,0.8279300949537588,17486,GPD,tail,21.39793168391183,0.090625,Puntarenas_OTROS_Hidrometereológico
0.058871770086771635,0.8279300949537588,17487,GPD,tail,21.39793168391183,0.090625,Puntarenas_OTROS_Hidrometereológico
0.058871770086771635,0.8279300949537588,17488,GPD,tail,21.39793168391183,0.090625,Puntarenas_OTROS_Hidrometereológico
0.11231498932157508,0.9545715542718536,17489,GPD,tail,21.39793168391183,0.090625,Puntarenas_OTROS_Hidrometereológico
-0.04579986422157184,0.7806557861758849,17490,GPD,tail,21.39793168391183,0.090625,Puntarenas_OTROS_Hidrometereológico
-0.04579986422157184,0.7806557861758849,17491,GPD,tail,21.39793168391183,0.090625,Puntarenas_OTROS_Hidrometereológico
0.035770111641095656,0.7678084932657177,17492,GPD,tail,21.39793168391183,0.090625,Puntarenas_OTROS_Hidrometereológico
0.035770111641095656,0.7678084932657177,17493,GPD,tail,21.39793168391183,0.090625,Puntarenas_OTROS_Hidrometereológico
0.035770111641095656,0.7678084932657177,17494,GPD,tail,21.39793168391183,0.090625,Puntarenas_OTROS_Hidrometereológico
0.035770111641095656,0.7678084932657177,17495,GPD,tail,21.39793168391183,0.090625,Puntarenas_OTROS_Hidrometereológico
0.035770111641095656,0.7678084932657177,17496,GPD,tail,21.39793168391183,0.090625,Puntarenas_OTROS_Hidrometereológico
0.035770111641095656,0.7678084932657177,17497,GPD,tail,21.39793168391183,0.090625,Puntarenas_OTROS_Hidrometereológico
0.035770111641095656,0.7678084932657177,17498,GPD,tail,21.39793168391183,0.090625,Puntarenas_OTROS_Hidrometereológico
0.035770111641095656,0.7678084932657177,17499,GPD,tail,21.39793168391183,0.090625,Puntarenas_OTROS_Hidrometereológico
0.035770111641095656,0.7678084932657177,17500,GPD,tail,21.39793168391183,0.090625,Puntarenas_OTROS_Hidrometereológico
0.06792792949716614,0.7610155443427556,17501,GPD,tail,21.39793168391183,0.090625,Puntarenas_OTROS_Hidrometereológico
0.06792792949716614,0.7610155443427556,17502,GPD,tail,21.39793168391183,0.090625,Puntarenas_OTROS_Hidrometereológico
0.06792792949716614,0.7610155443427556,17503,GPD,tail,21.39793168391183,0.090625,Puntarenas_OTROS_Hidrometereológico
0.06792792949716614,0.7610155443427556,17504,GPD,tail,21.39793168391183,0.090625,Puntarenas_OTROS_Hidrometereológico
0.06792792949716614,0.7610155443427556,17505,GPD,tail,21.39793168391183,0.090625,Puntarenas_OTROS_Hidrometereológico
0.06792792949716614,0.7610155443427556,17506,GPD,tail,21.39793168391183,0.090625,Puntarenas_OTROS_Hidrometereológico
0.06792792949716614,0.7610155443427556,17507,GPD,tail,21.39793168391183,0.090625,Puntarenas_OTROS_Hidrometereológico
0.06792792949716614,0.7610155443427556,17508,GPD,tail,21.39793168391183,0.090625,Puntarenas_OTROS_Hidrometereológico
0.06792792949716614,0.7610155443427556,17509,GPD,tail,21.39793168391183,0.090625,Puntarenas_OTROS_Hidrometereológico
0.06792792949716614,0.7610155443427556,17510,GPD,tail,21.39793168391183,0.090625,Puntarenas_OTROS_Hidrometereológico
0.06792792949716614,0.7610155443427556,17511,GPD,tail,21.39793168391183,0.090625,Puntarenas_OTROS_Hidrometereológico
0.06792792949716614,0.7610155443427556,17512,GPD,tail,21.39793168391183,0.090625,Puntarenas_OTROS_Hidrometereológico
0.06792792949716614,0.7610155443427556,17513,GPD,tail,21.39793168391183,0.090625,Puntarenas_OTROS_Hidrometereológico
0.06792792949716614,0.7610155443427556,17514,GPD,tail,21.39793168391183,0.090625,Puntarenas_OTROS_Hidrometereológico
0.06792792949716614,0.7610155443427556,17515,GPD,tail,21.39793168391183,0.090625,Puntarenas_OTROS_Hidrometereológico
0.06792792949716614,0.7610155443427556,17516,GPD,tail,21.39793168391183,0.090625,Puntarenas_OTROS_Hidrometereológico
0.06792792949716614,0.7610155443427556,17517,GPD,tail,21.39793168391183,0.090625,Puntarenas_OTROS_Hidrometereológico
0.03196008684018586,0.7450906262458437,17518,GPD,tail,21.39793168391183,0.090625,Puntarenas_OTROS_Hidrometereológico
0.03196008684018586,0.7450906262458437,17519,GPD,tail,21.39793168391183,0.090625,Puntarenas_OTROS_Hidrometereológico
0.03196008684018586,0.7450906262458437,17520,GPD,tail,21.39793168391183,0.090625,Puntarenas_OTROS_Hidrometereológico
0.03196008684018586,0.7450906262458437,17521,GPD,tail,21.39793168391183,0.090625,Puntarenas_OTROS_Hidrometereológico
0.03196008684018586,0.7450906262458437,17522,GPD,tail,21.39793168391183,0.090625,Puntarenas_OTROS_Hidrometereológico
0.03196008684018586,0.7450906262458437,17523,GPD,tail,21.39793168391183,0.090625,Puntarenas_OTROS_Hidrometereológico
0.03196008684018586,0.7450906262458437,17524,GPD,tail,21.39793168391183,0.090625,Puntarenas_OTROS_Hidrometereológico
0.03196008684018586,0.7450906262458437,17525,GPD,tail,21.39793168391183,0.090625,Puntarenas_OTROS_Hidrometereológico
0.03196008684018586,0.7450906262458437,17526,GPD,tail,21.39793168391183,0.090625,Puntarenas_OTROS_Hidrometereológico
0.03196008684018586,0.7450906262458437,17527,GPD,tail,21.39793168391183,0.090625,Puntarenas_OTROS_Hidrometereológico
0.03196008684018586,0.7450906262458437,17528,GPD,tail,21.39793168391183,0.090625,Puntarenas_OTROS_Hidrometereológico
0.03196008684018586,0.7450906262458437,17529,GPD,tail,21.39793168391183,0.090625,Puntarenas_OTROS_Hidrometereológico
0.03196008684018586,0.7450906262458437,17530,GPD,tail,21.39793168391183,0.090625,Puntarenas_OTROS_Hidrometereológico
0.03196008684018586,0.7450906262458437,17531,GPD,tail,21.39793168391183,0.090625,Puntarenas_OTROS_Hidrometereológico
0.03196008684018586,0.7450906262458437,17532,GPD,tail,21.39793168391183,0.090625,Puntarenas_OTROS_Hidrometereológico
0.03196008684018586,0.7450906262458437,17533,GPD,tail,21.39793168391183,0.090625,Puntarenas_OTROS_Hidrometereológico
0.01790526518387391,0.8412541510899209,17534,GPD,tail,21.39793168391183,0.090625,Puntarenas_OTROS_Hidrometereológico
0.01790526518387391,0.8412541510899209,17535,GPD,tail,21.39793168391183,0.090625,Puntarenas_OTROS_Hidrometereológico
0.01790526518387391,0.8412541510899209,17536,GPD,tail,21.39793168391183,0.090625,Puntarenas_OTROS_Hidrometereológico
0.01790526518387391,0.8412541510899209,17537,GPD,tail,21.39793168391183,0.090625,Puntarenas_OTROS_Hidrometereológico
0.01790526518387391,0.8412541510899209,17538,GPD,tail,21.39793168391183,0.090625,Puntarenas_OTROS_Hidrometereológico
0.01790526518387391,0.8412541510899209,17539,GPD,tail,21.39793168391183,0.090625,Puntarenas_OTROS_Hidrometereológico
0.01790526518387391,0.8412541510899209,17540,GPD,tail,21.39793168391183,0.090625,Puntarenas_OTROS_Hidrometereológico
0.01790526518387391,0.8412541510899209,17541,GPD,tail,21.39793168391183,0.090625,Puntarenas_OTROS_Hidrometereológico
0.0012837909786202403,0.8479225149416839,17542,GPD,tail,21.39793168391183,0.090625,Puntarenas_OTROS_Hidrometereológico
0.0012837909786202403,0.8479225149416839,17543,GPD,tail,21.39793168391183,0.090625,Puntarenas_OTROS_Hidrometereológico
0.0012837909786202403,0.8479225149416839,17544,GPD,tail,21.39793168391183,0.090625,Puntarenas_OTROS_Hidrometereológico
0.0012837909786202403,0.8479225149416839,17545,GPD,tail,21.39793168391183,0.090625,Puntarenas_OTROS_Hidrometereológico
0.0012837909786202403,0.8479225149416839,17546,GPD,tail,21.39793168391183,0.090625,Puntarenas_OTROS_Hidrometereológico
0.0012837909786202403,0.8479225149416839,17547,GPD,tail,21.39793168391183,0.090625,Puntarenas_OTROS_Hidrometereológico
0.022745885426380383,0.7723829437541159,17548,GPD,tail,21.39793168391183,0.090625,Puntarenas_OTROS_Hidrometereológico
0.022745885426380383,0.7723829437541159,17549,GPD,tail,21.39793168391183,0.090625,Puntarenas_OTROS_Hidrometereológico
0.022745885426380383,0.7723829437541159,17550,GPD,tail,21.39793168391183,0.090625,Puntarenas_OTROS_Hidrometereológico
0.022745885426380383,0.7723829437541159,17551,GPD,tail,21.39793168391183,0.090625,Puntarenas_OTROS_Hidrometereológico
0.022745885426380383,0.7723829437541159,17552,GPD,tail,21.39793168391183,0.090625,Puntarenas_OTROS_Hidrometereológico
0.022745885426380383,0.7723829437541159,17553,GPD,tail,21.39793168391183,0.090625,Puntarenas_OTROS_Hidrometereológico
-0.02387213669806435,0.9148712705011467,17554,GPD,tail,21.39793168391183,0.090625,Puntarenas_OTROS_Hidrometereológico
-0.13943177286289454,0.8576741683294417,17555,GPD,tail,21.39793168391183,0.090625,Puntarenas_OTROS_Hidrometereológico
-0.13943177286289454,0.8576741683294417,17556,GPD,tail,21.39793168391183,0.090625,Puntarenas_OTROS_Hidrometereológico
-0.13943177286289454,0.8576741683294417,17557,GPD,tail,21.39793168391183,0.090625,Puntarenas_OTROS_Hidrometereológico
-0.13943177286289454,0.8576741683294417,17558,GPD,tail,21.39793168391183,0.090625,Puntarenas_OTROS_Hidrometereológico
-0.13943177286289454,0.8576741683294417,17559,GPD,tail,21.39793168391183,0.090625,Puntarenas_OTROS_Hidrometereológico
-0.13943177286289454,0.8576741683294417,17560,GPD,tail,21.39793168391183,0.090625,Puntarenas_OTROS_Hidrometereológico
-0.13943177286289454,0.8576741683294417,17561,GPD,tail,21.39793168391183,0.090625,Puntarenas_OTROS_Hidrometereológico
-0.13943177286289454,0.8576741683294417,17562,GPD,tail,21.39793168391183,0.090625,Puntarenas_OTROS_Hidrometereológico
-0.13943177286289454,0.8576741683294417,17563,GPD,tail,21.39793168391183,0.090625,Puntarenas_OTROS_Hidrometereológico
-0.13943177286289454,0.8576741683294417,17564,GPD,tail,21.39793168391183,0.090625,Puntarenas_OTROS_Hidrometereológico
-0.13943177286289454,0.8576741683294417,17565,GPD,tail,21.39793168391183,0.090625,Puntarenas_OTROS_Hidrometereológico
-0.13943177286289454,0.8576741683294417,17566,GPD,tail,21.39793168391183,0.090625,Puntarenas_OTROS_Hidrometereológico
-0.13943177286289454,0.8576741683294417,17567,GPD,tail,21.39793168391183,0.090625,Puntarenas_OTROS_Hidrometereológico
-0.13943177286289454,0.8576741683294417,17568,GPD,tail,21.39793168391183,0.090625,Puntarenas_OTROS_Hidrometereológico
-0.13943177286289454,0.8576741683294417,17569,GPD,tail,21.39793168391183,0.090625,Puntarenas_OTROS_Hidrometereológico
-0.13943177286289454,0.8576741683294417,17570,GPD,tail,21.39793168391183,0.090625,Puntarenas_OTROS_Hidrometereológico
-0.13943177286289454,0.8576741683294417,17571,GPD,tail,21.39793168391183,0.090625,Puntarenas_OTROS_Hidrometereológico
-0.13943177286289454,0.8576741683294417,17572,GPD,tail,21.39793168391183,0.090625,Puntarenas_OTROS_Hidrometereológico
-0.13943177286289454,0.8576741683294417,17573,GPD,tail,21.39793168391183,0.090625,Puntarenas_OTROS_Hidrometereológico
-0.13943177286289454,0.8576741683294417,17574,GPD,tail,21.39793168391183,0.090625,Puntarenas_OTROS_Hidrometereológico
-0.13943177286289454,0.8576741683294417,17575,GPD,tail,21.39793168391183,0.090625,Puntarenas_OTROS_Hidrometereológico
-0.13943177286289454,0.8576741683294417,17576,GPD,tail,21.39793168391183,0.090625,Puntarenas_OTROS_Hidrometereológico
-0.13943177286289454,0.8576741683294417,17577,GPD,tail,21.39793168391183,0.090625,Puntarenas_OTROS_Hidrometereológico
-0.13943177286289454,0.8576741683294417,17578,GPD,tail,21.39793168391183,0.090625,Puntarenas_OTROS_Hidrometereológico
-0.13943177286289454,0.8576741683294417,17579,GPD,tail,21.39793168391183,0.090625,Puntarenas_OTROS_Hidrometereológico
-0.13943177286289454,0.8576741683294417,17580,GPD,tail,21.39793168391183,0.090625,Puntarenas_OTROS_Hidrometereológico
-0.13943177286289454,0.8576741683294417,17581,GPD,tail,21.39793168391183,0.090625,Puntarenas_OTROS_Hidrometereológico
-0.13943177286289454,0.8576741683294417,17582,GPD,tail,21.39793168391183,0.090625,Puntarenas_OTROS_Hidrometereológico
-0.13943177286289454,0.8576741683294417,17583,GPD,tail,21.39793168391183,0.090625,Puntarenas_OTROS_Hidrometereológico
-0.13943177286289454,0.8576741683294417,17584,GPD,tail,21.39793168391183,0.090625,Puntarenas_OTROS_Hidrometereológico
-0.13943177286289454,0.8576741683294417,17585,GPD,tail,21.39793168391183,0.090625,Puntarenas_OTROS_Hidrometereológico
-0.13943177286289454,0.8576741683294417,17586,GPD,tail,21.39793168391183,0.090625,Puntarenas_OTROS_Hidrometereológico
-0.13943177286289454,0.8576741683294417,17587,GPD,tail,21.39793168391183,0.090625,Puntarenas_OTROS_Hidrometereológico
-0.13943177286289454,0.8576741683294417,17588,GPD,tail,21.39793168391183,0.090625,Puntarenas_OTROS_Hidrometereológico
-0.13943177286289454,0.8576741683294417,17589,GPD,tail,21.39793168391183,0.090625,Puntarenas_OTROS_Hidrometereológico
-0.13943177286289454,0.8576741683294417,17590,GPD,tail,21.39793168391183,0.090625,Puntarenas_OTROS_Hidrometereológico
-0.13943177286289454,0.8576741683294417,17591,GPD,tail,21.39793168391183,0.090625,Puntarenas_OTROS_Hidrometereológico
-0.13943177286289454,0.8576741683294417,17592,GPD,tail,21.39793168391183,0.090625,Puntarenas_OTROS_Hidrometereológico
-0.13943177286289454,0.8576741683294417,17593,GPD,tail,21.39793168391183,0.090625,Puntarenas_OTROS_Hidrometereológico
-0.13943177286289454,0.8576741683294417,17594,GPD,tail,21.39793168391183,0.090625,Puntarenas_OTROS_Hidrometereológico
-0.13943177286289454,0.8576741683294417,17595,GPD,tail,21.39793168391183,0.090625,Puntarenas_OTROS_Hidrometereológico
-0.13943177286289454,0.8576741683294417,17596,GPD,tail,21.39793168391183,0.090625,Puntarenas_OTROS_Hidrometereológico
-0.13943177286289454,0.8576741683294417,17597,GPD,tail,21.39793168391183,0.090625,Puntarenas_OTROS_Hidrometereológico
-0.13943177286289454,0.8576741683294417,17598,GPD,tail,21.39793168391183,0.090625,Puntarenas_OTROS_Hidrometereológico
-0.13943177286289454,0.8576741683294417,17599,GPD,tail,21.39793168391183,0.090625,Puntarenas_OTROS_Hidrometereológico
-0.13943177286289454,0.8576741683294417,17600,GPD,tail,21.39793168391183,0.090625,Puntarenas_OTROS_Hidrometereológico
-0.13943177286289454,0.8576741683294417,17601,GPD,tail,21.39793168391183,0.090625,Puntarenas_OTROS_Hidrometereológico
-0.13943177286289454,0.8576741683294417,17602,GPD,tail,21.39793168391183,0.090625,Puntarenas_OTROS_Hidrometereológico
-0.10845553272272596,0.8894081277781091,17603,GPD,tail,21.39793168391183,0.090625,Puntarenas_OTROS_Hidrometereológico
-0.10845553272272596,0.8894081277781091,17604,GPD,tail,21.39793168391183,0.090625,Puntarenas_OTROS_Hidrometereológico
-0.10845553272272596,0.8894081277781091,17605,GPD,tail,21.39793168391183,0.090625,Puntarenas_OTROS_Hidrometereológico
-0.10845553272272596,0.8894081277781091,17606,GPD,tail,21.39793168391183,0.090625,Puntarenas_OTROS_Hidrometereológico
-0.10845553272272596,0.8894081277781091,17607,GPD,tail,21.39793168391183,0.090625,Puntarenas_OTROS_Hidrometereológico
-0.06024526246823349,0.7879101986116832,17608,GPD,tail,21.39793168391183,0.090625,Puntarenas_OTROS_Hidrometereológico
-0.06024526246823349,0.7879101986116832,17609,GPD,tail,21.39793168391183,0.090625,Puntarenas_OTROS_Hidrometereológico
-0.06024526246823349,0.7879101986116832,17610,GPD,tail,21.39793168391183,0.090625,Puntarenas_OTROS_Hidrometereológico
-0.06024526246823349,0.7879101986116832,17611,GPD,tail,21.39793168391183,0.090625,Puntarenas_OTROS_Hidrometereológico
-0.06024526246823349,0.7879101986116832,17612,GPD,tail,21.39793168391183,0.090625,Puntarenas_OTROS_Hidrometereológico
-0.06024526246823349,0.7879101986116832,17613,GPD,tail,21.39793168391183,0.090625,Puntarenas_OTROS_Hidrometereológico
-0.06024526246823349,0.7879101986116832,17614,GPD,tail,21.39793168391183,0.090625,Puntarenas_OTROS_Hidrometereológico
-0.06024526246823349,0.7879101986116832,17615,GPD,tail,21.39793168391183,0.090625,Puntarenas_OTROS_Hidrometereológico
-0.06024526246823349,0.7879101986116832,17616,GPD,tail,21.39793168391183,0.090625,Puntarenas_OTROS_Hidrometereológico
-0.06024526246823349,0.7879101986116832,17617,GPD,tail,21.39793168391183,0.090625,Puntarenas_OTROS_Hidrometereológico
-0.06024526246823349,0.7879101986116832,17618,GPD,tail,21.39793168391183,0.090625,Puntarenas_OTROS_Hidrometereológico
-0.06024526246823349,0.7879101986116832,17619,GPD,tail,21.39793168391183,0.090625,Puntarenas_OTROS_Hidrometereológico
-0.10010741108216709,1.0066947806450535,17620,GPD,tail,21.39793168391183,0.090625,Puntarenas_OTROS_Hidrometereológico
-0.10010741108216709,1.0066947806450535,17621,GPD,tail,21.39793168391183,0.090625,Puntarenas_OTROS_Hidrometereológico
-0.10010741108216709,1.0066947806450535,17622,GPD,tail,21.39793168391183,0.090625,Puntarenas_OTROS_Hidrometereológico
-0.10010741108216709,1.0066947806450535,17623,GPD,tail,21.39793168391183,0.090625,Puntarenas_OTROS_Hidrometereológico
-0.10010741108216709,1.0066947806450535,17624,GPD,tail,21.39793168391183,0.090625,Puntarenas_OTROS_Hidrometereológico
-0.10010741108216709,1.0066947806450535,17625,GPD,tail,21.39793168391183,0.090625,Puntarenas_OTROS_Hidrometereológico
-0.10010741108216709,1.0066947806450535,17626,GPD,tail,21.39793168391183,0.090625,Puntarenas_OTROS_Hidrometereológico
-0.11041374252451536,0.7968842294907528,17627,GPD,tail,21.39793168391183,0.090625,Puntarenas_OTROS_Hidrometereológico
-0.11041374252451536,0.7968842294907528,17628,GPD,tail,21.39793168391183,0.090625,Puntarenas_OTROS_Hidrometereológico
-0.11041374252451536,0.7968842294907528,17629,GPD,tail,21.39793168391183,0.090625,Puntarenas_OTROS_Hidrometereológico
-0.11041374252451536,0.7968842294907528,17630,GPD,tail,21.39793168391183,0.090625,Puntarenas_OTROS_Hidrometereológico
-0.11041374252451536,0.7968842294907528,17631,GPD,tail,21.39793168391183,0.090625,Puntarenas_OTROS_Hidrometereológico
-0.0828599555046219,0.9094684102396674,17632,GPD,tail,21.39793168391183,0.090625,Puntarenas_OTROS_Hidrometereológico
-0.0828599555046219,0.9094684102396674,17633,GPD,tail,21.39793168391183,0.090625,Puntarenas_OTROS_Hidrometereológico
-0.0828599555046219,0.9094684102396674,17634,GPD,tail,21.39793168391183,0.090625,Puntarenas_OTROS_Hidrometereológico
-0.0828599555046219,0.9094684102396674,17635,GPD,tail,21.39793168391183,0.090625,Puntarenas_OTROS_Hidrometereológico
-0.0828599555046219,0.9094684102396674,17636,GPD,tail,21.39793168391183,0.090625,Puntarenas_OTROS_Hidrometereológico
-0.0828599555046219,0.9094684102396674,17637,GPD,tail,21.39793168391183,0.090625,Puntarenas_OTROS_Hidrometereológico
-0.0828599555046219,0.9094684102396674,17638,GPD,tail,21.39793168391183,0.090625,Puntarenas_OTROS_Hidrometereológico
-0.0828599555046219,0.9094684102396674,17639,GPD,tail,21.39793168391183,0.090625,Puntarenas_OTROS_Hidrometereológico
0.011092179915786676,0.8073955987342134,17640,GPD,tail,21.39793168391183,0.090625,Puntarenas_OTROS_Hidrometereológico
0.011092179915786676,0.8073955987342134,17641,GPD,tail,21.39793168391183,0.090625,Puntarenas_OTROS_Hidrometereológico
0.011092179915786676,0.8073955987342134,17642,GPD,tail,21.39793168391183,0.090625,Puntarenas_OTROS_Hidrometereológico
0.011092179915786676,0.8073955987342134,17643,GPD,tail,21.39793168391183,0.090625,Puntarenas_OTROS_Hidrometereológico
0.011092179915786676,0.8073955987342134,17644,GPD,tail,21.39793168391183,0.090625,Puntarenas_OTROS_Hidrometereológico
0.011092179915786676,0.8073955987342134,17645,GPD,tail,21.39793168391183,0.090625,Puntarenas_OTROS_Hidrometereológico
0.011092179915786676,0.8073955987342134,17646,GPD,tail,21.39793168391183,0.090625,Puntarenas_OTROS_Hidrometereológico
0.011092179915786676,0.8073955987342134,17647,GPD,tail,21.39793168391183,0.090625,Puntarenas_OTROS_Hidrometereológico
0.011092179915786676,0.8073955987342134,17648,GPD,tail,21.39793168391183,0.090625,Puntarenas_OTROS_Hidrometereológico
0.011092179915786676,0.8073955987342134,17649,GPD,tail,21.39793168391183,0.090625,Puntarenas_OTROS_Hidrometereológico
0.011092179915786676,0.8073955987342134,17650,GPD,tail,21.39793168391183,0.090625,Puntarenas_OTROS_Hidrometereológico
0.011092179915786676,0.8073955987342134,17651,GPD,tail,21.39793168391183,0.090625,Puntarenas_OTROS_Hidrometereológico
0.011092179915786676,0.8073955987342134,17652,GPD,tail,21.39793168391183,0.090625,Puntarenas_OTROS_Hidrometereológico
0.011092179915786676,0.8073955987342134,17653,GPD,tail,21.39793168391183,0.090625,Puntarenas_OTROS_Hidrometereológico
0.011092179915786676,0.8073955987342134,17654,GPD,tail,21.39793168391183,0.090625,Puntarenas_OTROS_Hidrometereológico
0.011092179915786676,0.8073955987342134,17655,GPD,tail,21.39793168391183,0.090625,Puntarenas_OTROS_Hidrometereológico
0.011092179915786676,0.8073955987342134,17656,GPD,tail,21.39793168391183,0.090625,Puntarenas_OTROS_Hidrometereológico
0.011092179915786676,0.8073955987342134,17657,GPD,tail,21.39793168391183,0.090625,Puntarenas_OTROS_Hidrometereológico
0.011092179915786676,0.8073955987342134,17658,GPD,tail,21.39793168391183,0.090625,Puntarenas_OTROS_Hidrometereológico
0.011092179915786676,0.8073955987342134,17659,GPD,tail,21.39793168391183,0.090625,Puntarenas_OTROS_Hidrometereológico
0.011092179915786676,0.8073955987342134,17660,GPD,tail,21.39793168391183,0.090625,Puntarenas_OTROS_Hidrometereológico
0.011092179915786676,0.8073955987342134,17661,GPD,tail,21.39793168391183,0.090625,Puntarenas_OTROS_Hidrometereológico
0.011092179915786676,0.8073955987342134,17662,GPD,tail,21.39793168391183,0.090625,Puntarenas_OTROS_Hidrometereológico
-0.04213303086657213,0.9460995515473923,17663,GPD,tail,21.39793168391183,0.090625,Puntarenas_OTROS_Hidrometereológico
-0.04213303086657213,0.9460995515473923,17664,GPD,tail,21.39793168391183,0.090625,Puntarenas_OTROS_Hidrometereológico
-0.04213303086657213,0.9460995515473923,17665,GPD,tail,21.39793168391183,0.090625,Puntarenas_OTROS_Hidrometereológico
-0.04213303086657213,0.9460995515473923,17666,GPD,tail,21.39793168391183,0.090625,Puntarenas_OTROS_Hidrometereológico
-0.04213303086657213,0.9460995515473923,17667,GPD,tail,21.39793168391183,0.090625,Puntarenas_OTROS_Hidrometereológico
-0.04213303086657213,0.9460995515473923,17668,GPD,tail,21.39793168391183,0.090625,Puntarenas_OTROS_Hidrometereológico
-0.04213303086657213,0.9460995515473923,17669,GPD,tail,21.39793168391183,0.090625,Puntarenas_OTROS_Hidrometereológico
-0.04213303086657213,0.9460995515473923,17670,GPD,tail,21.39793168391183,0.090625,Puntarenas_OTROS_Hidrometereológico
0.0036053620802344727,0.8310418950798801,17671,GPD,tail,21.39793168391183,0.090625,Puntarenas_OTROS_Hidrometereológico
-0.10479291755364167,0.8973689739099661,17672,GPD,tail,21.39793168391183,0.090625,Puntarenas_OTROS_Hidrometereológico
-0.10479291755364167,0.8973689739099661,17673,GPD,tail,21.39793168391183,0.090625,Puntarenas_OTROS_Hidrometereológico
-0.10479291755364167,0.8973689739099661,17674,GPD,tail,21.39793168391183,0.090625,Puntarenas_OTROS_Hidrometereológico
-0.10479291755364167,0.8973689739099661,17675,GPD,tail,21.39793168391183,0.090625,Puntarenas_OTROS_Hidrometereológico
-0.10479291755364167,0.8973689739099661,17676,GPD,tail,21.39793168391183,0.090625,Puntarenas_OTROS_Hidrometereológico
-0.10479291755364167,0.8973689739099661,17677,GPD,tail,21.39793168391183,0.090625,Puntarenas_OTROS_Hidrometereológico
-0.10479291755364167,0.8973689739099661,17678,GPD,tail,21.39793168391183,0.090625,Puntarenas_OTROS_Hidrometereológico
-0.10479291755364167,0.8973689739099661,17679,GPD,tail,21.39793168391183,0.090625,Puntarenas_OTROS_Hidrometereológico
-0.10479291755364167,0.8973689739099661,17680,GPD,tail,21.39793168391183,0.090625,Puntarenas_OTROS_Hidrometereológico
-0.10479291755364167,0.8973689739099661,17681,GPD,tail,21.39793168391183,0.090625,Puntarenas_OTROS_Hidrometereológico
-0.10479291755364167,0.8973689739099661,17682,GPD,tail,21.39793168391183,0.090625,Puntarenas_OTROS_Hidrometereológico
-0.10479291755364167,0.8973689739099661,17683,GPD,tail,21.39793168391183,0.090625,Puntarenas_OTROS_Hidrometereológico
-0.10479291755364167,0.8973689739099661,17684,GPD,tail,21.39793168391183,0.090625,Puntarenas_OTROS_Hidrometereológico
-0.10479291755364167,0.8973689739099661,17685,GPD,tail,21.39793168391183,0.090625,Puntarenas_OTROS_Hidrometereológico
-0.10479291755364167,0.8973689739099661,17686,GPD,tail,21.39793168391183,0.090625,Puntarenas_OTROS_Hidrometereológico
-0.10479291755364167,0.8973689739099661,17687,GPD,tail,21.39793168391183,0.090625,Puntarenas_OTROS_Hidrometereológico
-0.10479291755364167,0.8973689739099661,17688,GPD,tail,21.39793168391183,0.090625,Puntarenas_OTROS_Hidrometereológico
-0.14482267081534655,0.871304105012386,17689,GPD,tail,21.39793168391183,0.090625,Puntarenas_OTROS_Hidrometereológico
-0.14482267081534655,0.871304105012386,17690,GPD,tail,21.39793168391183,0.090625,Puntarenas_OTROS_Hidrometereológico
-0.14482267081534655,0.871304105012386,17691,GPD,tail,21.39793168391183,0.090625,Puntarenas_OTROS_Hidrometereológico
-0.14482267081534655,0.871304105012386,17692,GPD,tail,21.39793168391183,0.090625,Puntarenas_OTROS_Hidrometereológico
-0.06214728700471371,0.9099191464090379,17693,GPD,tail,21.39793168391183,0.090625,Puntarenas_OTROS_Hidrometereológico
-0.06214728700471371,0.9099191464090379,17694,GPD,tail,21.39793168391183,0.090625,Puntarenas_OTROS_Hidrometereológico
-0.06214728700471371,0.9099191464090379,17695,GPD,tail,21.39793168391183,0.090625,Puntarenas_OTROS_Hidrometereológico
-0.06214728700471371,0.9099191464090379,17696,GPD,tail,21.39793168391183,0.090625,Puntarenas_OTROS_Hidrometereológico
-0.06214728700471371,0.9099191464090379,17697,GPD,tail,21.39793168391183,0.090625,Puntarenas_OTROS_Hidrometereológico
-0.06214728700471371,0.9099191464090379,17698,GPD,tail,21.39793168391183,0.090625,Puntarenas_OTROS_Hidrometereológico
-0.06004019204401721,0.8119855256158105,17699,GPD,tail,21.39793168391183,0.090625,Puntarenas_OTROS_Hidrometereológico
-0.06004019204401721,0.8119855256158105,17700,GPD,tail,21.39793168391183,0.090625,Puntarenas_OTROS_Hidrometereológico
-0.06004019204401721,0.8119855256158105,17701,GPD,tail,21.39793168391183,0.090625,Puntarenas_OTROS_Hidrometereológico
-0.06004019204401721,0.8119855256158105,17702,GPD,tail,21.39793168391183,0.090625,Puntarenas_OTROS_Hidrometereológico
-0.06004019204401721,0.8119855256158105,17703,GPD,tail,21.39793168391183,0.090625,Puntarenas_OTROS_Hidrometereológico
-0.06004019204401721,0.8119855256158105,17704,GPD,tail,21.39793168391183,0.090625,Puntarenas_OTROS_Hidrometereológico
-0.06004019204401721,0.8119855256158105,17705,GPD,tail,21.39793168391183,0.090625,Puntarenas_OTROS_Hidrometereológico
-0.06004019204401721,0.8119855256158105,17706,GPD,tail,21.39793168391183,0.090625,Puntarenas_OTROS_Hidrometereológico
-0.06004019204401721,0.8119855256158105,17707,GPD,tail,21.39793168391183,0.090625,Puntarenas_OTROS_Hidrometereológico
-0.05513340820846102,0.912329790730943,17708,GPD,tail,21.39793168391183,0.090625,Puntarenas_OTROS_Hidrometereológico
-0.05513340820846102,0.912329790730943,17709,GPD,tail,21.39793168391183,0.090625,Puntarenas_OTROS_Hidrometereológico
-0.05513340820846102,0.912329790730943,17710,GPD,tail,21.39793168391183,0.090625,Puntarenas_OTROS_Hidrometereológico
-0.05513340820846102,0.912329790730943,17711,GPD,tail,21.39793168391183,0.090625,Puntarenas_OTROS_Hidrometereológico
-0.05513340820846102,0.912329790730943,17712,GPD,tail,21.39793168391183,0.090625,Puntarenas_OTROS_Hidrometereológico
-0.05513340820846102,0.912329790730943,17713,GPD,tail,21.39793168391183,0.090625,Puntarenas_OTROS_Hidrometereológico
-0.05513340820846102,0.912329790730943,17714,GPD,tail,21.39793168391183,0.090625,Puntarenas_OTROS_Hidrometereológico
-0.05547371421184457,0.8617908488886186,17715,GPD,tail,21.39793168391183,0.090625,Puntarenas_OTROS_Hidrometereológico
-0.05547371421184457,0.8617908488886186,17716,GPD,tail,21.39793168391183,0.090625,Puntarenas_OTROS_Hidrometereológico
-0.05547371421184457,0.8617908488886186,17717,GPD,tail,21.39793168391183,0.090625,Puntarenas_OTROS_Hidrometereológico
-0.05547371421184457,0.8617908488886186,17718,GPD,tail,21.39793168391183,0.090625,Puntarenas_OTROS_Hidrometereológico
-0.05547371421184457,0.8617908488886186,17719,GPD,tail,21.39793168391183,0.090625,Puntarenas_OTROS_Hidrometereológico
-0.05547371421184457,0.8617908488886186,17720,GPD,tail,21.39793168391183,0.090625,Puntarenas_OTROS_Hidrometereológico
-0.05547371421184457,0.8617908488886186,17721,GPD,tail,21.39793168391183,0.090625,Puntarenas_OTROS_Hidrometereológico
-0.05547371421184457,0.8617908488886186,17722,GPD,tail,21.39793168391183,0.090625,Puntarenas_OTROS_Hidrometereológico
-0.05547371421184457,0.8617908488886186,17723,GPD,tail,21.39793168391183,0.090625,Puntarenas_OTROS_Hidrometereológico
-0.05547371421184457,0.8617908488886186,17724,GPD,tail,21.39793168391183,0.090625,Puntarenas_OTROS_Hidrometereológico
-0.05547371421184457,0.8617908488886186,17725,GPD,tail,21.39793168391183,0.090625,Puntarenas_OTROS_Hidrometereológico
-0.05547371421184457,0.8617908488886186,17726,GPD,tail,21.39793168391183,0.090625,Puntarenas_OTROS_Hidrometereológico
-0.05547371421184457,0.8617908488886186,17727,GPD,tail,21.39793168391183,0.090625,Puntarenas_OTROS_Hidrometereológico
-0.05547371421184457,0.8617908488886186,17728,GPD,tail,21.39793168391183,0.090625,Puntarenas_OTROS_Hidrometereológico
-0.05547371421184457,0.8617908488886186,17729,GPD,tail,21.39793168391183,0.090625,Puntarenas_OTROS_Hidrometereológico
-0.05547371421184457,0.8617908488886186,17730,GPD,tail,21.39793168391183,0.090625,Puntarenas_OTROS_Hidrometereológico
-0.05547371421184457,0.8617908488886186,17731,GPD,tail,21.39793168391183,0.090625,Puntarenas_OTROS_Hidrometereológico
-0.05547371421184457,0.8617908488886186,17732,GPD,tail,21.39793168391183,0.090625,Puntarenas_OTROS_Hidrometereológico
-0.05547371421184457,0.8617908488886186,17733,GPD,tail,21.39793168391183,0.090625,Puntarenas_OTROS_Hidrometereológico
-0.05547371421184457,0.8617908488886186,17734,GPD,tail,21.39793168391183,0.090625,Puntarenas_OTROS_Hidrometereológico
-0.05547371421184457,0.8617908488886186,17735,GPD,tail,21.39793168391183,0.090625,Puntarenas_OTROS_Hidrometereológico
-0.05547371421184457,0.8617908488886186,17736,GPD,tail,21.39793168391183,0.090625,Puntarenas_OTROS_Hidrometereológico
-0.05547371421184457,0.8617908488886186,17737,GPD,tail,21.39793168391183,0.090625,Puntarenas_OTROS_Hidrometereológico
-0.05547371421184457,0.8617908488886186,17738,GPD,tail,21.39793168391183,0.090625,Puntarenas_OTROS_Hidrometereológico
-0.05547371421184457,0.8617908488886186,17739,GPD,tail,21.39793168391183,0.090625,Puntarenas_OTROS_Hidrometereológico
-0.05547371421184457,0.8617908488886186,17740,GPD,tail,21.39793168391183,0.090625,Puntarenas_OTROS_Hidrometereológico
-0.05547371421184457,0.8617908488886186,17741,GPD,tail,21.39793168391183,0.090625,Puntarenas_OTROS_Hidrometereológico
-0.05547371421184457,0.8617908488886186,17742,GPD,tail,21.39793168391183,0.090625,Puntarenas_OTROS_Hidrometereológico
-0.05547371421184457,0.8617908488886186,17743,GPD,tail,21.39793168391183,0.090625,Puntarenas_OTROS_Hidrometereológico
-0.05547371421184457,0.8617908488886186,17744,GPD,tail,21.39793168391183,0.090625,Puntarenas_OTROS_Hidrometereológico
-0.05547371421184457,0.8617908488886186,17745,GPD,tail,21.39793168391183,0.090625,Puntarenas_OTROS_Hidrometereológico
-0.05547371421184457,0.8617908488886186,17746,GPD,tail,21.39793168391183,0.090625,Puntarenas_OTROS_Hidrometereológico
-0.05547371421184457,0.8617908488886186,17747,GPD,tail,21.39793168391183,0.090625,Puntarenas_OTROS_Hidrometereológico
-0.05547371421184457,0.8617908488886186,17748,GPD,tail,21.39793168391183,0.090625,Puntarenas_OTROS_Hidrometereológico
-0.05547371421184457,0.8617908488886186,17749,GPD,tail,21.39793168391183,0.090625,Puntarenas_OTROS_Hidrometereológico
-0.05547371421184457,0.8617908488886186,17750,GPD,tail,21.39793168391183,0.090625,Puntarenas_OTROS_Hidrometereológico
-0.05547371421184457,0.8617908488886186,17751,GPD,tail,21.39793168391183,0.090625,Puntarenas_OTROS_Hidrometereológico
-0.05547371421184457,0.8617908488886186,17752,GPD,tail,21.39793168391183,0.090625,Puntarenas_OTROS_Hidrometereológico
-0.05547371421184457,0.8617908488886186,17753,GPD,tail,21.39793168391183,0.090625,Puntarenas_OTROS_Hidrometereológico
-0.05547371421184457,0.8617908488886186,17754,GPD,tail,21.39793168391183,0.090625,Puntarenas_OTROS_Hidrometereológico
-0.053310822411647404,0.7835148391833716,17755,GPD,tail,21.39793168391183,0.090625,Puntarenas_OTROS_Hidrometereológico
-0.053310822411647404,0.7835148391833716,17756,GPD,tail,21.39793168391183,0.090625,Puntarenas_OTROS_Hidrometereológico
-0.053310822411647404,0.7835148391833716,17757,GPD,tail,21.39793168391183,0.090625,Puntarenas_OTROS_Hidrometereológico
-0.036011812204324756,0.835527172315463,17758,GPD,tail,21.39793168391183,0.090625,Puntarenas_OTROS_Hidrometereológico
-0.036011812204324756,0.835527172315463,17759,GPD,tail,21.39793168391183,0.090625,Puntarenas_OTROS_Hidrometereológico
-0.036011812204324756,0.835527172315463,17760,GPD,tail,21.39793168391183,0.090625,Puntarenas_OTROS_Hidrometereológico
-0.036011812204324756,0.835527172315463,17761,GPD,tail,21.39793168391183,0.090625,Puntarenas_OTROS_Hidrometereológico
-0.036011812204324756,0.835527172315463,17762,GPD,tail,21.39793168391183,0.090625,Puntarenas_OTROS_Hidrometereológico
-0.036011812204324756,0.835527172315463,17763,GPD,tail,21.39793168391183,0.090625,Puntarenas_OTROS_Hidrometereológico
-0.036011812204324756,0.835527172315463,17764,GPD,tail,21.39793168391183,0.090625,Puntarenas_OTROS_Hidrometereológico
-0.036011812204324756,0.835527172315463,17765,GPD,tail,21.39793168391183,0.090625,Puntarenas_OTROS_Hidrometereológico
-0.036011812204324756,0.835527172315463,17766,GPD,tail,21.39793168391183,0.090625,Puntarenas_OTROS_Hidrometereológico
-0.036011812204324756,0.835527172315463,17767,GPD,tail,21.39793168391183,0.090625,Puntarenas_OTROS_Hidrometereológico
-0.036011812204324756,0.835527172315463,17768,GPD,tail,21.39793168391183,0.090625,Puntarenas_OTROS_Hidrometereológico
-0.036011812204324756,0.835527172315463,17769,GPD,tail,21.39793168391183,0.090625,Puntarenas_OTROS_Hidrometereológico
-0.036011812204324756,0.835527172315463,17770,GPD,tail,21.39793168391183,0.090625,Puntarenas_OTROS_Hidrometereológico
-0.036011812204324756,0.835527172315463,17771,GPD,tail,21.39793168391183,0.090625,Puntarenas_OTROS_Hidrometereológico
-0.036011812204324756,0.835527172315463,17772,GPD,tail,21.39793168391183,0.090625,Puntarenas_OTROS_Hidrometereológico
-0.036011812204324756,0.835527172315463,17773,GPD,tail,21.39793168391183,0.090625,Puntarenas_OTROS_Hidrometereológico
-0.036011812204324756,0.835527172315463,17774,GPD,tail,21.39793168391183,0.090625,Puntarenas_OTROS_Hidrometereológico
-0.036011812204324756,0.835527172315463,17775,GPD,tail,21.39793168391183,0.090625,Puntarenas_OTROS_Hidrometereológico
-0.036011812204324756,0.835527172315463,17776,GPD,tail,21.39793168391183,0.090625,Puntarenas_OTROS_Hidrometereológico
-0.036011812204324756,0.835527172315463,17777,GPD,tail,21.39793168391183,0.090625,Puntarenas_OTROS_Hidrometereológico
-0.036011812204324756,0.835527172315463,17778,GPD,tail,21.39793168391183,0.090625,Puntarenas_OTROS_Hidrometereológico
-0.036011812204324756,0.835527172315463,17779,GPD,tail,21.39793168391183,0.090625,Puntarenas_OTROS_Hidrometereológico
-0.036011812204324756,0.835527172315463,17780,GPD,tail,21.39793168391183,0.090625,Puntarenas_OTROS_Hidrometereológico
-0.036011812204324756,0.835527172315463,17781,GPD,tail,21.39793168391183,0.090625,Puntarenas_OTROS_Hidrometereológico
-0.036011812204324756,0.835527172315463,17782,GPD,tail,21.39793168391183,0.090625,Puntarenas_OTROS_Hidrometereológico
-0.036011812204324756,0.835527172315463,17783,GPD,tail,21.39793168391183,0.090625,Puntarenas_OTROS_Hidrometereológico
-0.036011812204324756,0.835527172315463,17784,GPD,tail,21.39793168391183,0.090625,Puntarenas_OTROS_Hidrometereológico
-0.036011812204324756,0.835527172315463,17785,GPD,tail,21.39793168391183,0.090625,Puntarenas_OTROS_Hidrometereológico
-0.036011812204324756,0.835527172315463,17786,GPD,tail,21.39793168391183,0.090625,Puntarenas_OTROS_Hidrometereológico
-0.036011812204324756,0.835527172315463,17787,GPD,tail,21.39793168391183,0.090625,Puntarenas_OTROS_Hidrometereológico
-0.036011812204324756,0.835527172315463,17788,GPD,tail,21.39793168391183,0.090625,Puntarenas_OTROS_Hidrometereológico
-0.036011812204324756,0.835527172315463,17789,GPD,tail,21.39793168391183,0.090625,Puntarenas_OTROS_Hidrometereológico
-0.036011812204324756,0.835527172315463,17790,GPD,tail,21.39793168391183,0.090625,Puntarenas_OTROS_Hidrometereológico
-0.036011812204324756,0.835527172315463,17791,GPD,tail,21.39793168391183,0.090625,Puntarenas_OTROS_Hidrometereológico
-0.036011812204324756,0.835527172315463,17792,GPD,tail,21.39793168391183,0.090625,Puntarenas_OTROS_Hidrometereológico
-0.036011812204324756,0.835527172315463,17793,GPD,tail,21.39793168391183,0.090625,Puntarenas_OTROS_Hidrometereológico
-0.036011812204324756,0.835527172315463,17794,GPD,tail,21.39793168391183,0.090625,Puntarenas_OTROS_Hidrometereológico
-0.036011812204324756,0.835527172315463,17795,GPD,tail,21.39793168391183,0.090625,Puntarenas_OTROS_Hidrometereológico
-0.036011812204324756,0.835527172315463,17796,GPD,tail,21.39793168391183,0.090625,Puntarenas_OTROS_Hidrometereológico
-0.036011812204324756,0.835527172315463,17797,GPD,tail,21.39793168391183,0.090625,Puntarenas_OTROS_Hidrometereológico
-0.036011812204324756,0.835527172315463,17798,GPD,tail,21.39793168391183,0.090625,Puntarenas_OTROS_Hidrometereológico
-0.036011812204324756,0.835527172315463,17799,GPD,tail,21.39793168391183,0.090625,Puntarenas_OTROS_Hidrometereológico
-0.036011812204324756,0.835527172315463,17800,GPD,tail,21.39793168391183,0.090625,Puntarenas_OTROS_Hidrometereológico
-0.036011812204324756,0.835527172315463,17801,GPD,tail,21.39793168391183,0.090625,Puntarenas_OTROS_Hidrometereológico
-0.036011812204324756,0.835527172315463,17802,GPD,tail,21.39793168391183,0.090625,Puntarenas_OTROS_Hidrometereológico
-0.036011812204324756,0.835527172315463,17803,GPD,tail,21.39793168391183,0.090625,Puntarenas_OTROS_Hidrometereológico
-0.036011812204324756,0.835527172315463,17804,GPD,tail,21.39793168391183,0.090625,Puntarenas_OTROS_Hidrometereológico
-0.036011812204324756,0.835527172315463,17805,GPD,tail,21.39793168391183,0.090625,Puntarenas_OTROS_Hidrometereológico
-0.036011812204324756,0.835527172315463,17806,GPD,tail,21.39793168391183,0.090625,Puntarenas_OTROS_Hidrometereológico
-0.036011812204324756,0.835527172315463,17807,GPD,tail,21.39793168391183,0.090625,Puntarenas_OTROS_Hidrometereológico
-0.036011812204324756,0.835527172315463,17808,GPD,tail,21.39793168391183,0.090625,Puntarenas_OTROS_Hidrometereológico
-0.036011812204324756,0.835527172315463,17809,GPD,tail,21.39793168391183,0.090625,Puntarenas_OTROS_Hidrometereológico
-0.036011812204324756,0.835527172315463,17810,GPD,tail,21.39793168391183,0.090625,Puntarenas_OTROS_Hidrometereológico
-0.036011812204324756,0.835527172315463,17811,GPD,tail,21.39793168391183,0.090625,Puntarenas_OTROS_Hidrometereológico
-0.036011812204324756,0.835527172315463,17812,GPD,tail,21.39793168391183,0.090625,Puntarenas_OTROS_Hidrometereológico
-0.036011812204324756,0.835527172315463,17813,GPD,tail,21.39793168391183,0.090625,Puntarenas_OTROS_Hidrometereológico
-0.036011812204324756,0.835527172315463,17814,GPD,tail,21.39793168391183,0.090625,Puntarenas_OTROS_Hidrometereológico
-0.036011812204324756,0.835527172315463,17815,GPD,tail,21.39793168391183,0.090625,Puntarenas_OTROS_Hidrometereológico
-0.036011812204324756,0.835527172315463,17816,GPD,tail,21.39793168391183,0.090625,Puntarenas_OTROS_Hidrometereológico
-0.036011812204324756,0.835527172315463,17817,GPD,tail,21.39793168391183,0.090625,Puntarenas_OTROS_Hidrometereológico
-0.036011812204324756,0.835527172315463,17818,GPD,tail,21.39793168391183,0.090625,Puntarenas_OTROS_Hidrometereológico
-0.036011812204324756,0.835527172315463,17819,GPD,tail,21.39793168391183,0.090625,Puntarenas_OTROS_Hidrometereológico
-0.036011812204324756,0.835527172315463,17820,GPD,tail,21.39793168391183,0.090625,Puntarenas_OTROS_Hidrometereológico
-0.036011812204324756,0.835527172315463,17821,GPD,tail,21.39793168391183,0.090625,Puntarenas_OTROS_Hidrometereológico
-0.036011812204324756,0.835527172315463,17822,GPD,tail,21.39793168391183,0.090625,Puntarenas_OTROS_Hidrometereológico
-0.036011812204324756,0.835527172315463,17823,GPD,tail,21.39793168391183,0.090625,Puntarenas_OTROS_Hidrometereológico
-0.036011812204324756,0.835527172315463,17824,GPD,tail,21.39793168391183,0.090625,Puntarenas_OTROS_Hidrometereológico
-0.036011812204324756,0.835527172315463,17825,GPD,tail,21.39793168391183,0.090625,Puntarenas_OTROS_Hidrometereológico
-0.036011812204324756,0.835527172315463,17826,GPD,tail,21.39793168391183,0.090625,Puntarenas_OTROS_Hidrometereológico
-0.036011812204324756,0.835527172315463,17827,GPD,tail,21.39793168391183,0.090625,Puntarenas_OTROS_Hidrometereológico
-0.036011812204324756,0.835527172315463,17828,GPD,tail,21.39793168391183,0.090625,Puntarenas_OTROS_Hidrometereológico
-0.036011812204324756,0.835527172315463,17829,GPD,tail,21.39793168391183,0.090625,Puntarenas_OTROS_Hidrometereológico
-0.036011812204324756,0.835527172315463,17830,GPD,tail,21.39793168391183,0.090625,Puntarenas_OTROS_Hidrometereológico
-0.036011812204324756,0.835527172315463,17831,GPD,tail,21.39793168391183,0.090625,Puntarenas_OTROS_Hidrometereológico
-0.036011812204324756,0.835527172315463,17832,GPD,tail,21.39793168391183,0.090625,Puntarenas_OTROS_Hidrometereológico
-0.036011812204324756,0.835527172315463,17833,GPD,tail,21.39793168391183,0.090625,Puntarenas_OTROS_Hidrometereológico
-0.036011812204324756,0.835527172315463,17834,GPD,tail,21.39793168391183,0.090625,Puntarenas_OTROS_Hidrometereológico
-0.036011812204324756,0.835527172315463,17835,GPD,tail,21.39793168391183,0.090625,Puntarenas_OTROS_Hidrometereológico
-0.036011812204324756,0.835527172315463,17836,GPD,tail,21.39793168391183,0.090625,Puntarenas_OTROS_Hidrometereológico
-0.036011812204324756,0.835527172315463,17837,GPD,tail,21.39793168391183,0.090625,Puntarenas_OTROS_Hidrometereológico
-0.037060745983342774,0.8149112188600165,17838,GPD,tail,21.39793168391183,0.090625,Puntarenas_OTROS_Hidrometereológico
-0.037060745983342774,0.8149112188600165,17839,GPD,tail,21.39793168391183,0.090625,Puntarenas_OTROS_Hidrometereológico
-0.037060745983342774,0.8149112188600165,17840,GPD,tail,21.39793168391183,0.090625,Puntarenas_OTROS_Hidrometereológico
-0.037060745983342774,0.8149112188600165,17841,GPD,tail,21.39793168391183,0.090625,Puntarenas_OTROS_Hidrometereológico
-0.037060745983342774,0.8149112188600165,17842,GPD,tail,21.39793168391183,0.090625,Puntarenas_OTROS_Hidrometereológico
-0.037060745983342774,0.8149112188600165,17843,GPD,tail,21.39793168391183,0.090625,Puntarenas_OTROS_Hidrometereológico
-0.037060745983342774,0.8149112188600165,17844,GPD,tail,21.39793168391183,0.090625,Puntarenas_OTROS_Hidrometereológico
-0.037060745983342774,0.8149112188600165,17845,GPD,tail,21.39793168391183,0.090625,Puntarenas_OTROS_Hidrometereológico
-0.037060745983342774,0.8149112188600165,17846,GPD,tail,21.39793168391183,0.090625,Puntarenas_OTROS_Hidrometereológico
-0.037060745983342774,0.8149112188600165,17847,GPD,tail,21.39793168391183,0.090625,Puntarenas_OTROS_Hidrometereológico
-0.061329502828673194,0.8479086340948636,17848,GPD,tail,21.39793168391183,0.090625,Puntarenas_OTROS_Hidrometereológico
-0.11237654749661305,0.8699286158263481,17849,GPD,tail,21.39793168391183,0.090625,Puntarenas_OTROS_Hidrometereológico
-0.11237654749661305,0.8699286158263481,17850,GPD,tail,21.39793168391183,0.090625,Puntarenas_OTROS_Hidrometereológico
-0.11237654749661305,0.8699286158263481,17851,GPD,tail,21.39793168391183,0.090625,Puntarenas_OTROS_Hidrometereológico
-0.11237654749661305,0.8699286158263481,17852,GPD,tail,21.39793168391183,0.090625,Puntarenas_OTROS_Hidrometereológico
-0.06526608648073673,0.8261474093060391,17853,GPD,tail,21.39793168391183,0.090625,Puntarenas_OTROS_Hidrometereológico
-0.06526608648073673,0.8261474093060391,17854,GPD,tail,21.39793168391183,0.090625,Puntarenas_OTROS_Hidrometereológico
-0.06526608648073673,0.8261474093060391,17855,GPD,tail,21.39793168391183,0.090625,Puntarenas_OTROS_Hidrometereológico
-0.06526608648073673,0.8261474093060391,17856,GPD,tail,21.39793168391183,0.090625,Puntarenas_OTROS_Hidrometereológico
-0.06526608648073673,0.8261474093060391,17857,GPD,tail,21.39793168391183,0.090625,Puntarenas_OTROS_Hidrometereológico
-0.06526608648073673,0.8261474093060391,17858,GPD,tail,21.39793168391183,0.090625,Puntarenas_OTROS_Hidrometereológico
-0.06526608648073673,0.8261474093060391,17859,GPD,tail,21.39793168391183,0.090625,Puntarenas_OTROS_Hidrometereológico
-0.06526608648073673,0.8261474093060391,17860,GPD,tail,21.39793168391183,0.090625,Puntarenas_OTROS_Hidrometereológico
0.023278223248834315,0.8232915668542474,17861,GPD,tail,21.39793168391183,0.090625,Puntarenas_OTROS_Hidrometereológico
0.023278223248834315,0.8232915668542474,17862,GPD,tail,21.39793168391183,0.090625,Puntarenas_OTROS_Hidrometereológico
0.023278223248834315,0.8232915668542474,17863,GPD,tail,21.39793168391183,0.090625,Puntarenas_OTROS_Hidrometereológico
0.023278223248834315,0.8232915668542474,17864,GPD,tail,21.39793168391183,0.090625,Puntarenas_OTROS_Hidrometereológico
0.023278223248834315,0.8232915668542474,17865,GPD,tail,21.39793168391183,0.090625,Puntarenas_OTROS_Hidrometereológico
0.023278223248834315,0.8232915668542474,17866,GPD,tail,21.39793168391183,0.090625,Puntarenas_OTROS_Hidrometereológico
0.023278223248834315,0.8232915668542474,17867,GPD,tail,21.39793168391183,0.090625,Puntarenas_OTROS_Hidrometereológico
0.023278223248834315,0.8232915668542474,17868,GPD,tail,21.39793168391183,0.090625,Puntarenas_OTROS_Hidrometereológico
0.023278223248834315,0.8232915668542474,17869,GPD,tail,21.39793168391183,0.090625,Puntarenas_OTROS_Hidrometereológico
0.023278223248834315,0.8232915668542474,17870,GPD,tail,21.39793168391183,0.090625,Puntarenas_OTROS_Hidrometereológico
0.023278223248834315,0.8232915668542474,17871,GPD,tail,21.39793168391183,0.090625,Puntarenas_OTROS_Hidrometereológico
0.023278223248834315,0.8232915668542474,17872,GPD,tail,21.39793168391183,0.090625,Puntarenas_OTROS_Hidrometereológico
0.023278223248834315,0.8232915668542474,17873,GPD,tail,21.39793168391183,0.090625,Puntarenas_OTROS_Hidrometereológico
0.023278223248834315,0.8232915668542474,17874,GPD,tail,21.39793168391183,0.090625,Puntarenas_OTROS_Hidrometereológico
0.023278223248834315,0.8232915668542474,17875,GPD,tail,21.39793168391183,0.090625,Puntarenas_OTROS_Hidrometereológico
0.023278223248834315,0.8232915668542474,17876,GPD,tail,21.39793168391183,0.090625,Puntarenas_OTROS_Hidrometereológico
0.023278223248834315,0.8232915668542474,17877,GPD,tail,21.39793168391183,0.090625,Puntarenas_OTROS_Hidrometereológico
0.023278223248834315,0.8232915668542474,17878,GPD,tail,21.39793168391183,0.090625,Puntarenas_OTROS_Hidrometereológico
0.023278223248834315,0.8232915668542474,17879,GPD,tail,21.39793168391183,0.090625,Puntarenas_OTROS_Hidrometereológico
0.023278223248834315,0.8232915668542474,17880,GPD,tail,21.39793168391183,0.090625,Puntarenas_OTROS_Hidrometereológico
0.023278223248834315,0.8232915668542474,17881,GPD,tail,21.39793168391183,0.090625,Puntarenas_OTROS_Hidrometereológico
0.023278223248834315,0.8232915668542474,17882,GPD,tail,21.39793168391183,0.090625,Puntarenas_OTROS_Hidrometereológico
0.023278223248834315,0.8232915668542474,17883,GPD,tail,21.39793168391183,0.090625,Puntarenas_OTROS_Hidrometereológico
0.023278223248834315,0.8232915668542474,17884,GPD,tail,21.39793168391183,0.090625,Puntarenas_OTROS_Hidrometereológico
0.023278223248834315,0.8232915668542474,17885,GPD,tail,21.39793168391183,0.090625,Puntarenas_OTROS_Hidrometereológico
0.023278223248834315,0.8232915668542474,17886,GPD,tail,21.39793168391183,0.090625,Puntarenas_OTROS_Hidrometereológico
0.023278223248834315,0.8232915668542474,17887,GPD,tail,21.39793168391183,0.090625,Puntarenas_OTROS_Hidrometereológico
0.023278223248834315,0.8232915668542474,17888,GPD,tail,21.39793168391183,0.090625,Puntarenas_OTROS_Hidrometereológico
0.023278223248834315,0.8232915668542474,17889,GPD,tail,21.39793168391183,0.090625,Puntarenas_OTROS_Hidrometereológico
0.023278223248834315,0.8232915668542474,17890,GPD,tail,21.39793168391183,0.090625,Puntarenas_OTROS_Hidrometereológico
0.023278223248834315,0.8232915668542474,17891,GPD,tail,21.39793168391183,0.090625,Puntarenas_OTROS_Hidrometereológico
0.023278223248834315,0.8232915668542474,17892,GPD,tail,21.39793168391183,0.090625,Puntarenas_OTROS_Hidrometereológico
0.023278223248834315,0.8232915668542474,17893,GPD,tail,21.39793168391183,0.090625,Puntarenas_OTROS_Hidrometereológico
0.023278223248834315,0.8232915668542474,17894,GPD,tail,21.39793168391183,0.090625,Puntarenas_OTROS_Hidrometereológico
0.023278223248834315,0.8232915668542474,17895,GPD,tail,21.39793168391183,0.090625,Puntarenas_OTROS_Hidrometereológico
0.023278223248834315,0.8232915668542474,17896,GPD,tail,21.39793168391183,0.090625,Puntarenas_OTROS_Hidrometereológico
0.023278223248834315,0.8232915668542474,17897,GPD,tail,21.39793168391183,0.090625,Puntarenas_OTROS_Hidrometereológico
0.023278223248834315,0.8232915668542474,17898,GPD,tail,21.39793168391183,0.090625,Puntarenas_OTROS_Hidrometereológico
0.023278223248834315,0.8232915668542474,17899,GPD,tail,21.39793168391183,0.090625,Puntarenas_OTROS_Hidrometereológico
0.023278223248834315,0.8232915668542474,17900,GPD,tail,21.39793168391183,0.090625,Puntarenas_OTROS_Hidrometereológico
-0.011367219992530937,0.7795324911595457,17901,GPD,tail,21.39793168391183,0.090625,Puntarenas_OTROS_Hidrometereológico
-0.011367219992530937,0.7795324911595457,17902,GPD,tail,21.39793168391183,0.090625,Puntarenas_OTROS_Hidrometereológico
-0.028069333553974788,0.7594805437793698,17903,GPD,tail,21.39793168391183,0.090625,Puntarenas_OTROS_Hidrometereológico
-0.028069333553974788,0.7594805437793698,17904,GPD,tail,21.39793168391183,0.090625,Puntarenas_OTROS_Hidrometereológico
-0.028069333553974788,0.7594805437793698,17905,GPD,tail,21.39793168391183,0.090625,Puntarenas_OTROS_Hidrometereológico
-0.028069333553974788,0.7594805437793698,17906,GPD,tail,21.39793168391183,0.090625,Puntarenas_OTROS_Hidrometereológico
-0.028069333553974788,0.7594805437793698,17907,GPD,tail,21.39793168391183,0.090625,Puntarenas_OTROS_Hidrometereológico
-0.028069333553974788,0.7594805437793698,17908,GPD,tail,21.39793168391183,0.090625,Puntarenas_OTROS_Hidrometereológico
-0.028069333553974788,0.7594805437793698,17909,GPD,tail,21.39793168391183,0.090625,Puntarenas_OTROS_Hidrometereológico
-0.022304004248548295,0.8206422979194322,17910,GPD,tail,21.39793168391183,0.090625,Puntarenas_OTROS_Hidrometereológico
-0.04358367455887309,0.8780317703575189,17911,GPD,tail,21.39793168391183,0.090625,Puntarenas_OTROS_Hidrometereológico
-0.04358367455887309,0.8780317703575189,17912,GPD,tail,21.39793168391183,0.090625,Puntarenas_OTROS_Hidrometereológico
-0.04358367455887309,0.8780317703575189,17913,GPD,tail,21.39793168391183,0.090625,Puntarenas_OTROS_Hidrometereológico
-0.04358367455887309,0.8780317703575189,17914,GPD,tail,21.39793168391183,0.090625,Puntarenas_OTROS_Hidrometereológico
-0.04358367455887309,0.8780317703575189,17915,GPD,tail,21.39793168391183,0.090625,Puntarenas_OTROS_Hidrometereológico
-0.04358367455887309,0.8780317703575189,17916,GPD,tail,21.39793168391183,0.090625,Puntarenas_OTROS_Hidrometereológico
-0.04358367455887309,0.8780317703575189,17917,GPD,tail,21.39793168391183,0.090625,Puntarenas_OTROS_Hidrometereológico
-0.04358367455887309,0.8780317703575189,17918,GPD,tail,21.39793168391183,0.090625,Puntarenas_OTROS_Hidrometereológico
-0.04358367455887309,0.8780317703575189,17919,GPD,tail,21.39793168391183,0.090625,Puntarenas_OTROS_Hidrometereológico
-0.04358367455887309,0.8780317703575189,17920,GPD,tail,21.39793168391183,0.090625,Puntarenas_OTROS_Hidrometereológico
-0.04358367455887309,0.8780317703575189,17921,GPD,tail,21.39793168391183,0.090625,Puntarenas_OTROS_Hidrometereológico
-0.04358367455887309,0.8780317703575189,17922,GPD,tail,21.39793168391183,0.090625,Puntarenas_OTROS_Hidrometereológico
-0.04358367455887309,0.8780317703575189,17923,GPD,tail,21.39793168391183,0.090625,Puntarenas_OTROS_Hidrometereológico
-0.04358367455887309,0.8780317703575189,17924,GPD,tail,21.39793168391183,0.090625,Puntarenas_OTROS_Hidrometereológico
-0.04358367455887309,0.8780317703575189,17925,GPD,tail,21.39793168391183,0.090625,Puntarenas_OTROS_Hidrometereológico
-0.010903915286170775,0.8326424711836286,17926,GPD,tail,21.39793168391183,0.090625,Puntarenas_OTROS_Hidrometereológico
-0.010903915286170775,0.8326424711836286,17927,GPD,tail,21.39793168391183,0.090625,Puntarenas_OTROS_Hidrometereológico
-0.010903915286170775,0.8326424711836286,17928,GPD,tail,21.39793168391183,0.090625,Puntarenas_OTROS_Hidrometereológico
-0.010903915286170775,0.8326424711836286,17929,GPD,tail,21.39793168391183,0.090625,Puntarenas_OTROS_Hidrometereológico
-0.010903915286170775,0.8326424711836286,17930,GPD,tail,21.39793168391183,0.090625,Puntarenas_OTROS_Hidrometereológico
-0.010903915286170775,0.8326424711836286,17931,GPD,tail,21.39793168391183,0.090625,Puntarenas_OTROS_Hidrometereológico
-0.08726974514054148,0.8861584990992106,17932,GPD,tail,21.39793168391183,0.090625,Puntarenas_OTROS_Hidrometereológico
-0.08726974514054148,0.8861584990992106,17933,GPD,tail,21.39793168391183,0.090625,Puntarenas_OTROS_Hidrometereológico
-0.08726974514054148,0.8861584990992106,17934,GPD,tail,21.39793168391183,0.090625,Puntarenas_OTROS_Hidrometereológico
-0.08726974514054148,0.8861584990992106,17935,GPD,tail,21.39793168391183,0.090625,Puntarenas_OTROS_Hidrometereológico
-0.08726974514054148,0.8861584990992106,17936,GPD,tail,21.39793168391183,0.090625,Puntarenas_OTROS_Hidrometereológico
-0.08726974514054148,0.8861584990992106,17937,GPD,tail,21.39793168391183,0.090625,Puntarenas_OTROS_Hidrometereológico
-0.08726974514054148,0.8861584990992106,17938,GPD,tail,21.39793168391183,0.090625,Puntarenas_OTROS_Hidrometereológico
-0.08726974514054148,0.8861584990992106,17939,GPD,tail,21.39793168391183,0.090625,Puntarenas_OTROS_Hidrometereológico
-0.08726974514054148,0.8861584990992106,17940,GPD,tail,21.39793168391183,0.090625,Puntarenas_OTROS_Hidrometereológico
-0.08726974514054148,0.8861584990992106,17941,GPD,tail,21.39793168391183,0.090625,Puntarenas_OTROS_Hidrometereológico
-0.08726974514054148,0.8861584990992106,17942,GPD,tail,21.39793168391183,0.090625,Puntarenas_OTROS_Hidrometereológico
-0.08726974514054148,0.8861584990992106,17943,GPD,tail,21.39793168391183,0.090625,Puntarenas_OTROS_Hidrometereológico
-0.08726974514054148,0.8861584990992106,17944,GPD,tail,21.39793168391183,0.090625,Puntarenas_OTROS_Hidrometereológico
-0.08726974514054148,0.8861584990992106,17945,GPD,tail,21.39793168391183,0.090625,Puntarenas_OTROS_Hidrometereológico
-0.08726974514054148,0.8861584990992106,17946,GPD,tail,21.39793168391183,0.090625,Puntarenas_OTROS_Hidrometereológico
-0.08726974514054148,0.8861584990992106,17947,GPD,tail,21.39793168391183,0.090625,Puntarenas_OTROS_Hidrometereológico
-0.08726974514054148,0.8861584990992106,17948,GPD,tail,21.39793168391183,0.090625,Puntarenas_OTROS_Hidrometereológico
-0.08726974514054148,0.8861584990992106,17949,GPD,tail,21.39793168391183,0.090625,Puntarenas_OTROS_Hidrometereológico
-0.08726974514054148,0.8861584990992106,17950,GPD,tail,21.39793168391183,0.090625,Puntarenas_OTROS_Hidrometereológico
-0.08726974514054148,0.8861584990992106,17951,GPD,tail,21.39793168391183,0.090625,Puntarenas_OTROS_Hidrometereológico
-0.08726974514054148,0.8861584990992106,17952,GPD,tail,21.39793168391183,0.090625,Puntarenas_OTROS_Hidrometereológico
-0.08726974514054148,0.8861584990992106,17953,GPD,tail,21.39793168391183,0.090625,Puntarenas_OTROS_Hidrometereológico
-0.08726974514054148,0.8861584990992106,17954,GPD,tail,21.39793168391183,0.090625,Puntarenas_OTROS_Hidrometereológico
-0.08726974514054148,0.8861584990992106,17955,GPD,tail,21.39793168391183,0.090625,Puntarenas_OTROS_Hidrometereológico
-0.08726974514054148,0.8861584990992106,17956,GPD,tail,21.39793168391183,0.090625,Puntarenas_OTROS_Hidrometereológico
-0.08726974514054148,0.8861584990992106,17957,GPD,tail,21.39793168391183,0.090625,Puntarenas_OTROS_Hidrometereológico
-0.08726974514054148,0.8861584990992106,17958,GPD,tail,21.39793168391183,0.090625,Puntarenas_OTROS_Hidrometereológico
-0.08726974514054148,0.8861584990992106,17959,GPD,tail,21.39793168391183,0.090625,Puntarenas_OTROS_Hidrometereológico
-0.08726974514054148,0.8861584990992106,17960,GPD,tail,21.39793168391183,0.090625,Puntarenas_OTROS_Hidrometereológico
-0.08726974514054148,0.8861584990992106,17961,GPD,tail,21.39793168391183,0.090625,Puntarenas_OTROS_Hidrometereológico
-0.08726974514054148,0.8861584990992106,17962,GPD,tail,21.39793168391183,0.090625,Puntarenas_OTROS_Hidrometereológico
-0.08726974514054148,0.8861584990992106,17963,GPD,tail,21.39793168391183,0.090625,Puntarenas_OTROS_Hidrometereológico
-0.08726974514054148,0.8861584990992106,17964,GPD,tail,21.39793168391183,0.090625,Puntarenas_OTROS_Hidrometereológico
-0.08726974514054148,0.8861584990992106,17965,GPD,tail,21.39793168391183,0.090625,Puntarenas_OTROS_Hidrometereológico
-0.08726974514054148,0.8861584990992106,17966,GPD,tail,21.39793168391183,0.090625,Puntarenas_OTROS_Hidrometereológico
-0.08726974514054148,0.8861584990992106,17967,GPD,tail,21.39793168391183,0.090625,Puntarenas_OTROS_Hidrometereológico
-0.08726974514054148,0.8861584990992106,17968,GPD,tail,21.39793168391183,0.090625,Puntarenas_OTROS_Hidrometereológico
-0.08726974514054148,0.8861584990992106,17969,GPD,tail,21.39793168391183,0.090625,Puntarenas_OTROS_Hidrometereológico
-0.08726974514054148,0.8861584990992106,17970,GPD,tail,21.39793168391183,0.090625,Puntarenas_OTROS_Hidrometereológico
-0.08726974514054148,0.8861584990992106,17971,GPD,tail,21.39793168391183,0.090625,Puntarenas_OTROS_Hidrometereológico
-0.08726974514054148,0.8861584990992106,17972,GPD,tail,21.39793168391183,0.090625,Puntarenas_OTROS_Hidrometereológico
-0.08726974514054148,0.8861584990992106,17973,GPD,tail,21.39793168391183,0.090625,Puntarenas_OTROS_Hidrometereológico
-0.08726974514054148,0.8861584990992106,17974,GPD,tail,21.39793168391183,0.090625,Puntarenas_OTROS_Hidrometereológico
-0.08726974514054148,0.8861584990992106,17975,GPD,tail,21.39793168391183,0.090625,Puntarenas_OTROS_Hidrometereológico
-0.08726974514054148,0.8861584990992106,17976,GPD,tail,21.39793168391183,0.090625,Puntarenas_OTROS_Hidrometereológico
-0.08726974514054148,0.8861584990992106,17977,GPD,tail,21.39793168391183,0.090625,Puntarenas_OTROS_Hidrometereológico
-0.08726974514054148,0.8861584990992106,17978,GPD,tail,21.39793168391183,0.090625,Puntarenas_OTROS_Hidrometereológico
-0.08726974514054148,0.8861584990992106,17979,GPD,tail,21.39793168391183,0.090625,Puntarenas_OTROS_Hidrometereológico
-0.08726974514054148,0.8861584990992106,17980,GPD,tail,21.39793168391183,0.090625,Puntarenas_OTROS_Hidrometereológico
-0.08726974514054148,0.8861584990992106,17981,GPD,tail,21.39793168391183,0.090625,Puntarenas_OTROS_Hidrometereológico
-0.08726974514054148,0.8861584990992106,17982,GPD,tail,21.39793168391183,0.090625,Puntarenas_OTROS_Hidrometereológico
-0.08726974514054148,0.8861584990992106,17983,GPD,tail,21.39793168391183,0.090625,Puntarenas_OTROS_Hidrometereológico
-0.08726974514054148,0.8861584990992106,17984,GPD,tail,21.39793168391183,0.090625,Puntarenas_OTROS_Hidrometereológico
-0.08726974514054148,0.8861584990992106,17985,GPD,tail,21.39793168391183,0.090625,Puntarenas_OTROS_Hidrometereológico
-0.08726974514054148,0.8861584990992106,17986,GPD,tail,21.39793168391183,0.090625,Puntarenas_OTROS_Hidrometereológico
-0.08726974514054148,0.8861584990992106,17987,GPD,tail,21.39793168391183,0.090625,Puntarenas_OTROS_Hidrometereológico
-0.08726974514054148,0.8861584990992106,17988,GPD,tail,21.39793168391183,0.090625,Puntarenas_OTROS_Hidrometereológico
-0.08726974514054148,0.8861584990992106,17989,GPD,tail,21.39793168391183,0.090625,Puntarenas_OTROS_Hidrometereológico
-0.08726974514054148,0.8861584990992106,17990,GPD,tail,21.39793168391183,0.090625,Puntarenas_OTROS_Hidrometereológico
-0.08726974514054148,0.8861584990992106,17991,GPD,tail,21.39793168391183,0.090625,Puntarenas_OTROS_Hidrometereológico
-0.08726974514054148,0.8861584990992106,17992,GPD,tail,21.39793168391183,0.090625,Puntarenas_OTROS_Hidrometereológico
-0.08726974514054148,0.8861584990992106,17993,GPD,tail,21.39793168391183,0.090625,Puntarenas_OTROS_Hidrometereológico
-0.08726974514054148,0.8861584990992106,17994,GPD,tail,21.39793168391183,0.090625,Puntarenas_OTROS_Hidrometereológico
-0.08726974514054148,0.8861584990992106,17995,GPD,tail,21.39793168391183,0.090625,Puntarenas_OTROS_Hidrometereológico
-0.08726974514054148,0.8861584990992106,17996,GPD,tail,21.39793168391183,0.090625,Puntarenas_OTROS_Hidrometereológico
-0.04026222752300367,0.8886349171884351,17997,GPD,tail,21.39793168391183,0.090625,Puntarenas_OTROS_Hidrometereológico
-0.04026222752300367,0.8886349171884351,17998,GPD,tail,21.39793168391183,0.090625,Puntarenas_OTROS_Hidrometereológico
-0.04026222752300367,0.8886349171884351,17999,GPD,tail,21.39793168391183,0.090625,Puntarenas_OTROS_Hidrometereológico
-0.04026222752300367,0.8886349171884351,18000,GPD,tail,21.39793168391183,0.090625,Puntarenas_OTROS_Hidrometereológico
-0.04026222752300367,0.8886349171884351,18001,GPD,tail,21.39793168391183,0.090625,Puntarenas_OTROS_Hidrometereológico
-0.04026222752300367,0.8886349171884351,18002,GPD,tail,21.39793168391183,0.090625,Puntarenas_OTROS_Hidrometereológico
-0.04026222752300367,0.8886349171884351,18003,GPD,tail,21.39793168391183,0.090625,Puntarenas_OTROS_Hidrometereológico
-0.04026222752300367,0.8886349171884351,18004,GPD,tail,21.39793168391183,0.090625,Puntarenas_OTROS_Hidrometereológico
-0.04026222752300367,0.8886349171884351,18005,GPD,tail,21.39793168391183,0.090625,Puntarenas_OTROS_Hidrometereológico
-0.04026222752300367,0.8886349171884351,18006,GPD,tail,21.39793168391183,0.090625,Puntarenas_OTROS_Hidrometereológico
-0.04026222752300367,0.8886349171884351,18007,GPD,tail,21.39793168391183,0.090625,Puntarenas_OTROS_Hidrometereológico
-0.15054288915788097,0.9539610148801467,18008,GPD,tail,21.39793168391183,0.090625,Puntarenas_OTROS_Hidrometereológico
-0.15054288915788097,0.9539610148801467,18009,GPD,tail,21.39793168391183,0.090625,Puntarenas_OTROS_Hidrometereológico
-0.15054288915788097,0.9539610148801467,18010,GPD,tail,21.39793168391183,0.090625,Puntarenas_OTROS_Hidrometereológico
-0.15054288915788097,0.9539610148801467,18011,GPD,tail,21.39793168391183,0.090625,Puntarenas_OTROS_Hidrometereológico
-0.15054288915788097,0.9539610148801467,18012,GPD,tail,21.39793168391183,0.090625,Puntarenas_OTROS_Hidrometereológico
-0.15054288915788097,0.9539610148801467,18013,GPD,tail,21.39793168391183,0.090625,Puntarenas_OTROS_Hidrometereológico
-0.15054288915788097,0.9539610148801467,18014,GPD,tail,21.39793168391183,0.090625,Puntarenas_OTROS_Hidrometereológico
-0.15054288915788097,0.9539610148801467,18015,GPD,tail,21.39793168391183,0.090625,Puntarenas_OTROS_Hidrometereológico
-0.15054288915788097,0.9539610148801467,18016,GPD,tail,21.39793168391183,0.090625,Puntarenas_OTROS_Hidrometereológico
-0.15054288915788097,0.9539610148801467,18017,GPD,tail,21.39793168391183,0.090625,Puntarenas_OTROS_Hidrometereológico
-0.15054288915788097,0.9539610148801467,18018,GPD,tail,21.39793168391183,0.090625,Puntarenas_OTROS_Hidrometereológico
-0.15054288915788097,0.9539610148801467,18019,GPD,tail,21.39793168391183,0.090625,Puntarenas_OTROS_Hidrometereológico
-0.15054288915788097,0.9539610148801467,18020,GPD,tail,21.39793168391183,0.090625,Puntarenas_OTROS_Hidrometereológico
-0.1374337597977539,0.9752959252849328,18021,GPD,tail,21.39793168391183,0.090625,Puntarenas_OTROS_Hidrometereológico
-0.1374337597977539,0.9752959252849328,18022,GPD,tail,21.39793168391183,0.090625,Puntarenas_OTROS_Hidrometereológico
-0.1374337597977539,0.9752959252849328,18023,GPD,tail,21.39793168391183,0.090625,Puntarenas_OTROS_Hidrometereológico
-0.1374337597977539,0.9752959252849328,18024,GPD,tail,21.39793168391183,0.090625,Puntarenas_OTROS_Hidrometereológico
-0.1374337597977539,0.9752959252849328,18025,GPD,tail,21.39793168391183,0.090625,Puntarenas_OTROS_Hidrometereológico
-0.1374337597977539,0.9752959252849328,18026,GPD,tail,21.39793168391183,0.090625,Puntarenas_OTROS_Hidrometereológico
-0.1374337597977539,0.9752959252849328,18027,GPD,tail,21.39793168391183,0.090625,Puntarenas_OTROS_Hidrometereológico
-0.1374337597977539,0.9752959252849328,18028,GPD,tail,21.39793168391183,0.090625,Puntarenas_OTROS_Hidrometereológico
-0.1374337597977539,0.9752959252849328,18029,GPD,tail,21.39793168391183,0.090625,Puntarenas_OTROS_Hidrometereológico
-0.1374337597977539,0.9752959252849328,18030,GPD,tail,21.39793168391183,0.090625,Puntarenas_OTROS_Hidrometereológico
-0.1374337597977539,0.9752959252849328,18031,GPD,tail,21.39793168391183,0.090625,Puntarenas_OTROS_Hidrometereológico
-0.1374337597977539,0.9752959252849328,18032,GPD,tail,21.39793168391183,0.090625,Puntarenas_OTROS_Hidrometereológico
-0.1374337597977539,0.9752959252849328,18033,GPD,tail,21.39793168391183,0.090625,Puntarenas_OTROS_Hidrometereológico
-0.1374337597977539,0.9752959252849328,18034,GPD,tail,21.39793168391183,0.090625,Puntarenas_OTROS_Hidrometereológico
-0.1374337597977539,0.9752959252849328,18035,GPD,tail,21.39793168391183,0.090625,Puntarenas_OTROS_Hidrometereológico
-0.1374337597977539,0.9752959252849328,18036,GPD,tail,21.39793168391183,0.090625,Puntarenas_OTROS_Hidrometereológico
-0.1374337597977539,0.9752959252849328,18037,GPD,tail,21.39793168391183,0.090625,Puntarenas_OTROS_Hidrometereológico
-0.1374337597977539,0.9752959252849328,18038,GPD,tail,21.39793168391183,0.090625,Puntarenas_OTROS_Hidrometereológico
-0.1374337597977539,0.9752959252849328,18039,GPD,tail,21.39793168391183,0.090625,Puntarenas_OTROS_Hidrometereológico
-0.1374337597977539,0.9752959252849328,18040,GPD,tail,21.39793168391183,0.090625,Puntarenas_OTROS_Hidrometereológico
-0.1374337597977539,0.9752959252849328,18041,GPD,tail,21.39793168391183,0.090625,Puntarenas_OTROS_Hidrometereológico
-0.1374337597977539,0.9752959252849328,18042,GPD,tail,21.39793168391183,0.090625,Puntarenas_OTROS_Hidrometereológico
-0.1374337597977539,0.9752959252849328,18043,GPD,tail,21.39793168391183,0.090625,Puntarenas_OTROS_Hidrometereológico
-0.1374337597977539,0.9752959252849328,18044,GPD,tail,21.39793168391183,0.090625,Puntarenas_OTROS_Hidrometereológico
-0.1374337597977539,0.9752959252849328,18045,GPD,tail,21.39793168391183,0.090625,Puntarenas_OTROS_Hidrometereológico
-0.1374337597977539,0.9752959252849328,18046,GPD,tail,21.39793168391183,0.090625,Puntarenas_OTROS_Hidrometereológico
-0.1374337597977539,0.9752959252849328,18047,GPD,tail,21.39793168391183,0.090625,Puntarenas_OTROS_Hidrometereológico
-0.1374337597977539,0.9752959252849328,18048,GPD,tail,21.39793168391183,0.090625,Puntarenas_OTROS_Hidrometereológico
-0.1374337597977539,0.9752959252849328,18049,GPD,tail,21.39793168391183,0.090625,Puntarenas_OTROS_Hidrometereológico
-0.1374337597977539,0.9752959252849328,18050,GPD,tail,21.39793168391183,0.090625,Puntarenas_OTROS_Hidrometereológico
-0.1374337597977539,0.9752959252849328,18051,GPD,tail,21.39793168391183,0.090625,Puntarenas_OTROS_Hidrometereológico
-0.1374337597977539,0.9752959252849328,18052,GPD,tail,21.39793168391183,0.090625,Puntarenas_OTROS_Hidrometereológico
-0.1374337597977539,0.9752959252849328,18053,GPD,tail,21.39793168391183,0.090625,Puntarenas_OTROS_Hidrometereológico
-0.1374337597977539,0.9752959252849328,18054,GPD,tail,21.39793168391183,0.090625,Puntarenas_OTROS_Hidrometereológico
-0.1374337597977539,0.9752959252849328,18055,GPD,tail,21.39793168391183,0.090625,Puntarenas_OTROS_Hidrometereológico
-0.1374337597977539,0.9752959252849328,18056,GPD,tail,21.39793168391183,0.090625,Puntarenas_OTROS_Hidrometereológico
-0.1374337597977539,0.9752959252849328,18057,GPD,tail,21.39793168391183,0.090625,Puntarenas_OTROS_Hidrometereológico
-0.1374337597977539,0.9752959252849328,18058,GPD,tail,21.39793168391183,0.090625,Puntarenas_OTROS_Hidrometereológico
-0.1374337597977539,0.9752959252849328,18059,GPD,tail,21.39793168391183,0.090625,Puntarenas_OTROS_Hidrometereológico
-0.1374337597977539,0.9752959252849328,18060,GPD,tail,21.39793168391183,0.090625,Puntarenas_OTROS_Hidrometereológico
-0.1374337597977539,0.9752959252849328,18061,GPD,tail,21.39793168391183,0.090625,Puntarenas_OTROS_Hidrometereológico
-0.1374337597977539,0.9752959252849328,18062,GPD,tail,21.39793168391183,0.090625,Puntarenas_OTROS_Hidrometereológico
-0.1374337597977539,0.9752959252849328,18063,GPD,tail,21.39793168391183,0.090625,Puntarenas_OTROS_Hidrometereológico
-0.1374337597977539,0.9752959252849328,18064,GPD,tail,21.39793168391183,0.090625,Puntarenas_OTROS_Hidrometereológico
-0.1374337597977539,0.9752959252849328,18065,GPD,tail,21.39793168391183,0.090625,Puntarenas_OTROS_Hidrometereológico
-0.1374337597977539,0.9752959252849328,18066,GPD,tail,21.39793168391183,0.090625,Puntarenas_OTROS_Hidrometereológico
-0.1374337597977539,0.9752959252849328,18067,GPD,tail,21.39793168391183,0.090625,Puntarenas_OTROS_Hidrometereológico
-0.1374337597977539,0.9752959252849328,18068,GPD,tail,21.39793168391183,0.090625,Puntarenas_OTROS_Hidrometereológico
-0.04648537489122527,0.7978114323013841,18069,GPD,tail,21.39793168391183,0.090625,Puntarenas_OTROS_Hidrometereológico
-0.04648537489122527,0.7978114323013841,18070,GPD,tail,21.39793168391183,0.090625,Puntarenas_OTROS_Hidrometereológico
-0.04648537489122527,0.7978114323013841,18071,GPD,tail,21.39793168391183,0.090625,Puntarenas_OTROS_Hidrometereológico
-0.04648537489122527,0.7978114323013841,18072,GPD,tail,21.39793168391183,0.090625,Puntarenas_OTROS_Hidrometereológico
-0.04648537489122527,0.7978114323013841,18073,GPD,tail,21.39793168391183,0.090625,Puntarenas_OTROS_Hidrometereológico
-0.04648537489122527,0.7978114323013841,18074,GPD,tail,21.39793168391183,0.090625,Puntarenas_OTROS_Hidrometereológico
-0.04648537489122527,0.7978114323013841,18075,GPD,tail,21.39793168391183,0.090625,Puntarenas_OTROS_Hidrometereológico
-0.04648537489122527,0.7978114323013841,18076,GPD,tail,21.39793168391183,0.090625,Puntarenas_OTROS_Hidrometereológico
-0.04648537489122527,0.7978114323013841,18077,GPD,tail,21.39793168391183,0.090625,Puntarenas_OTROS_Hidrometereológico
-0.04648537489122527,0.7978114323013841,18078,GPD,tail,21.39793168391183,0.090625,Puntarenas_OTROS_Hidrometereológico
-0.04648537489122527,0.7978114323013841,18079,GPD,tail,21.39793168391183,0.090625,Puntarenas_OTROS_Hidrometereológico
-0.04648537489122527,0.7978114323013841,18080,GPD,tail,21.39793168391183,0.090625,Puntarenas_OTROS_Hidrometereológico
-0.04648537489122527,0.7978114323013841,18081,GPD,tail,21.39793168391183,0.090625,Puntarenas_OTROS_Hidrometereológico
-0.04648537489122527,0.7978114323013841,18082,GPD,tail,21.39793168391183,0.090625,Puntarenas_OTROS_Hidrometereológico
-0.04648537489122527,0.7978114323013841,18083,GPD,tail,21.39793168391183,0.090625,Puntarenas_OTROS_Hidrometereológico
-0.07423247472488856,0.829839847489406,18084,GPD,tail,21.39793168391183,0.090625,Puntarenas_OTROS_Hidrometereológico
-0.07423247472488856,0.829839847489406,18085,GPD,tail,21.39793168391183,0.090625,Puntarenas_OTROS_Hidrometereológico
-0.07423247472488856,0.829839847489406,18086,GPD,tail,21.39793168391183,0.090625,Puntarenas_OTROS_Hidrometereológico
-0.07423247472488856,0.829839847489406,18087,GPD,tail,21.39793168391183,0.090625,Puntarenas_OTROS_Hidrometereológico
-0.07423247472488856,0.829839847489406,18088,GPD,tail,21.39793168391183,0.090625,Puntarenas_OTROS_Hidrometereológico
-0.07423247472488856,0.829839847489406,18089,GPD,tail,21.39793168391183,0.090625,Puntarenas_OTROS_Hidrometereológico
-0.05221884597495396,0.8658763905614941,18090,GPD,tail,21.39793168391183,0.090625,Puntarenas_OTROS_Hidrometereológico
-0.05221884597495396,0.8658763905614941,18091,GPD,tail,21.39793168391183,0.090625,Puntarenas_OTROS_Hidrometereológico
-0.05221884597495396,0.8658763905614941,18092,GPD,tail,21.39793168391183,0.090625,Puntarenas_OTROS_Hidrometereológico
-0.05221884597495396,0.8658763905614941,18093,GPD,tail,21.39793168391183,0.090625,Puntarenas_OTROS_Hidrometereológico
-0.05221884597495396,0.8658763905614941,18094,GPD,tail,21.39793168391183,0.090625,Puntarenas_OTROS_Hidrometereológico
-0.05221884597495396,0.8658763905614941,18095,GPD,tail,21.39793168391183,0.090625,Puntarenas_OTROS_Hidrometereológico
-0.05221884597495396,0.8658763905614941,18096,GPD,tail,21.39793168391183,0.090625,Puntarenas_OTROS_Hidrometereológico
-0.05221884597495396,0.8658763905614941,18097,GPD,tail,21.39793168391183,0.090625,Puntarenas_OTROS_Hidrometereológico
-0.05221884597495396,0.8658763905614941,18098,GPD,tail,21.39793168391183,0.090625,Puntarenas_OTROS_Hidrometereológico
-0.05221884597495396,0.8658763905614941,18099,GPD,tail,21.39793168391183,0.090625,Puntarenas_OTROS_Hidrometereológico
-0.05221884597495396,0.8658763905614941,18100,GPD,tail,21.39793168391183,0.090625,Puntarenas_OTROS_Hidrometereológico
-0.05221884597495396,0.8658763905614941,18101,GPD,tail,21.39793168391183,0.090625,Puntarenas_OTROS_Hidrometereológico
-0.05221884597495396,0.8658763905614941,18102,GPD,tail,21.39793168391183,0.090625,Puntarenas_OTROS_Hidrometereológico
-0.05221884597495396,0.8658763905614941,18103,GPD,tail,21.39793168391183,0.090625,Puntarenas_OTROS_Hidrometereológico
-0.05221884597495396,0.8658763905614941,18104,GPD,tail,21.39793168391183,0.090625,Puntarenas_OTROS_Hidrometereológico
-0.05221884597495396,0.8658763905614941,18105,GPD,tail,21.39793168391183,0.090625,Puntarenas_OTROS_Hidrometereológico
-0.05221884597495396,0.8658763905614941,18106,GPD,tail,21.39793168391183,0.090625,Puntarenas_OTROS_Hidrometereológico
-0.05221884597495396,0.8658763905614941,18107,GPD,tail,21.39793168391183,0.090625,Puntarenas_OTROS_Hidrometereológico
-0.05221884597495396,0.8658763905614941,18108,GPD,tail,21.39793168391183,0.090625,Puntarenas_OTROS_Hidrometereológico
-0.08083882299719444,0.829923750437146,18109,GPD,tail,21.39793168391183,0.090625,Puntarenas_OTROS_Hidrometereológico
-0.08159804005220872,0.8757255569857688,18110,GPD,tail,21.39793168391183,0.090625,Puntarenas_OTROS_Hidrometereológico
-0.08159804005220872,0.8757255569857688,18111,GPD,tail,21.39793168391183,0.090625,Puntarenas_OTROS_Hidrometereológico
-0.08159804005220872,0.8757255569857688,18112,GPD,tail,21.39793168391183,0.090625,Puntarenas_OTROS_Hidrometereológico
-0.08159804005220872,0.8757255569857688,18113,GPD,tail,21.39793168391183,0.090625,Puntarenas_OTROS_Hidrometereológico
-0.07026276133427159,0.7962079389995326,18114,GPD,tail,21.39793168391183,0.090625,Puntarenas_OTROS_Hidrometereológico
-0.07026276133427159,0.7962079389995326,18115,GPD,tail,21.39793168391183,0.090625,Puntarenas_OTROS_Hidrometereológico
-0.07026276133427159,0.7962079389995326,18116,GPD,tail,21.39793168391183,0.090625,Puntarenas_OTROS_Hidrometereológico
-0.07026276133427159,0.7962079389995326,18117,GPD,tail,21.39793168391183,0.090625,Puntarenas_OTROS_Hidrometereológico
-0.07026276133427159,0.7962079389995326,18118,GPD,tail,21.39793168391183,0.090625,Puntarenas_OTROS_Hidrometereológico
-0.07026276133427159,0.7962079389995326,18119,GPD,tail,21.39793168391183,0.090625,Puntarenas_OTROS_Hidrometereológico
-0.07026276133427159,0.7962079389995326,18120,GPD,tail,21.39793168391183,0.090625,Puntarenas_OTROS_Hidrometereológico
-0.10448047186183258,0.8179484020199219,18121,GPD,tail,21.39793168391183,0.090625,Puntarenas_OTROS_Hidrometereológico
-0.10448047186183258,0.8179484020199219,18122,GPD,tail,21.39793168391183,0.090625,Puntarenas_OTROS_Hidrometereológico
-0.10448047186183258,0.8179484020199219,18123,GPD,tail,21.39793168391183,0.090625,Puntarenas_OTROS_Hidrometereológico
-0.10448047186183258,0.8179484020199219,18124,GPD,tail,21.39793168391183,0.090625,Puntarenas_OTROS_Hidrometereológico
-0.10448047186183258,0.8179484020199219,18125,GPD,tail,21.39793168391183,0.090625,Puntarenas_OTROS_Hidrometereológico
-0.10448047186183258,0.8179484020199219,18126,GPD,tail,21.39793168391183,0.090625,Puntarenas_OTROS_Hidrometereológico
-0.10448047186183258,0.8179484020199219,18127,GPD,tail,21.39793168391183,0.090625,Puntarenas_OTROS_Hidrometereológico
-0.10448047186183258,0.8179484020199219,18128,GPD,tail,21.39793168391183,0.090625,Puntarenas_OTROS_Hidrometereológico
-0.10448047186183258,0.8179484020199219,18129,GPD,tail,21.39793168391183,0.090625,Puntarenas_OTROS_Hidrometereológico
-0.10448047186183258,0.8179484020199219,18130,GPD,tail,21.39793168391183,0.090625,Puntarenas_OTROS_Hidrometereológico
-0.10448047186183258,0.8179484020199219,18131,GPD,tail,21.39793168391183,0.090625,Puntarenas_OTROS_Hidrometereológico
-0.10448047186183258,0.8179484020199219,18132,GPD,tail,21.39793168391183,0.090625,Puntarenas_OTROS_Hidrometereológico
-0.04801498277705065,0.8135094627687355,18133,GPD,tail,21.39793168391183,0.090625,Puntarenas_OTROS_Hidrometereológico
-0.04801498277705065,0.8135094627687355,18134,GPD,tail,21.39793168391183,0.090625,Puntarenas_OTROS_Hidrometereológico
-0.04801498277705065,0.8135094627687355,18135,GPD,tail,21.39793168391183,0.090625,Puntarenas_OTROS_Hidrometereológico
-0.04801498277705065,0.8135094627687355,18136,GPD,tail,21.39793168391183,0.090625,Puntarenas_OTROS_Hidrometereológico
-0.04801498277705065,0.8135094627687355,18137,GPD,tail,21.39793168391183,0.090625,Puntarenas_OTROS_Hidrometereológico
-0.04801498277705065,0.8135094627687355,18138,GPD,tail,21.39793168391183,0.090625,Puntarenas_OTROS_Hidrometereológico
-0.04801498277705065,0.8135094627687355,18139,GPD,tail,21.39793168391183,0.090625,Puntarenas_OTROS_Hidrometereológico
-0.04801498277705065,0.8135094627687355,18140,GPD,tail,21.39793168391183,0.090625,Puntarenas_OTROS_Hidrometereológico
-0.04801498277705065,0.8135094627687355,18141,GPD,tail,21.39793168391183,0.090625,Puntarenas_OTROS_Hidrometereológico
-0.04801498277705065,0.8135094627687355,18142,GPD,tail,21.39793168391183,0.090625,Puntarenas_OTROS_Hidrometereológico
-0.04801498277705065,0.8135094627687355,18143,GPD,tail,21.39793168391183,0.090625,Puntarenas_OTROS_Hidrometereológico
-0.04801498277705065,0.8135094627687355,18144,GPD,tail,21.39793168391183,0.090625,Puntarenas_OTROS_Hidrometereológico
-0.04801498277705065,0.8135094627687355,18145,GPD,tail,21.39793168391183,0.090625,Puntarenas_OTROS_Hidrometereológico
-0.04801498277705065,0.8135094627687355,18146,GPD,tail,21.39793168391183,0.090625,Puntarenas_OTROS_Hidrometereológico
-0.04801498277705065,0.8135094627687355,18147,GPD,tail,21.39793168391183,0.090625,Puntarenas_OTROS_Hidrometereológico
-0.04801498277705065,0.8135094627687355,18148,GPD,tail,21.39793168391183,0.090625,Puntarenas_OTROS_Hidrometereológico
-0.04801498277705065,0.8135094627687355,18149,GPD,tail,21.39793168391183,0.090625,Puntarenas_OTROS_Hidrometereológico
-0.04801498277705065,0.8135094627687355,18150,GPD,tail,21.39793168391183,0.090625,Puntarenas_OTROS_Hidrometereológico
-0.04801498277705065,0.8135094627687355,18151,GPD,tail,21.39793168391183,0.090625,Puntarenas_OTROS_Hidrometereológico
-0.04801498277705065,0.8135094627687355,18152,GPD,tail,21.39793168391183,0.090625,Puntarenas_OTROS_Hidrometereológico
-0.04801498277705065,0.8135094627687355,18153,GPD,tail,21.39793168391183,0.090625,Puntarenas_OTROS_Hidrometereológico
-0.04801498277705065,0.8135094627687355,18154,GPD,tail,21.39793168391183,0.090625,Puntarenas_OTROS_Hidrometereológico
-0.04801498277705065,0.8135094627687355,18155,GPD,tail,21.39793168391183,0.090625,Puntarenas_OTROS_Hidrometereológico
-0.04801498277705065,0.8135094627687355,18156,GPD,tail,21.39793168391183,0.090625,Puntarenas_OTROS_Hidrometereológico
-0.04801498277705065,0.8135094627687355,18157,GPD,tail,21.39793168391183,0.090625,Puntarenas_OTROS_Hidrometereológico
-0.04801498277705065,0.8135094627687355,18158,GPD,tail,21.39793168391183,0.090625,Puntarenas_OTROS_Hidrometereológico
-0.04310937507084701,0.7935067087461113,18159,GPD,tail,21.39793168391183,0.090625,Puntarenas_OTROS_Hidrometereológico
-0.04310937507084701,0.7935067087461113,18160,GPD,tail,21.39793168391183,0.090625,Puntarenas_OTROS_Hidrometereológico
-0.04310937507084701,0.7935067087461113,18161,GPD,tail,21.39793168391183,0.090625,Puntarenas_OTROS_Hidrometereológico
-0.04310937507084701,0.7935067087461113,18162,GPD,tail,21.39793168391183,0.090625,Puntarenas_OTROS_Hidrometereológico
-0.04310937507084701,0.7935067087461113,18163,GPD,tail,21.39793168391183,0.090625,Puntarenas_OTROS_Hidrometereológico
-0.04310937507084701,0.7935067087461113,18164,GPD,tail,21.39793168391183,0.090625,Puntarenas_OTROS_Hidrometereológico
-0.04310937507084701,0.7935067087461113,18165,GPD,tail,21.39793168391183,0.090625,Puntarenas_OTROS_Hidrometereológico
-0.04310937507084701,0.7935067087461113,18166,GPD,tail,21.39793168391183,0.090625,Puntarenas_OTROS_Hidrometereológico
-0.04310937507084701,0.7935067087461113,18167,GPD,tail,21.39793168391183,0.090625,Puntarenas_OTROS_Hidrometereológico
-0.04310937507084701,0.7935067087461113,18168,GPD,tail,21.39793168391183,0.090625,Puntarenas_OTROS_Hidrometereológico
-0.04310937507084701,0.7935067087461113,18169,GPD,tail,21.39793168391183,0.090625,Puntarenas_OTROS_Hidrometereológico
-0.04310937507084701,0.7935067087461113,18170,GPD,tail,21.39793168391183,0.090625,Puntarenas_OTROS_Hidrometereológico
-0.04310937507084701,0.7935067087461113,18171,GPD,tail,21.39793168391183,0.090625,Puntarenas_OTROS_Hidrometereológico
-0.04310937507084701,0.7935067087461113,18172,GPD,tail,21.39793168391183,0.090625,Puntarenas_OTROS_Hidrometereológico
-0.04310937507084701,0.7935067087461113,18173,GPD,tail,21.39793168391183,0.090625,Puntarenas_OTROS_Hidrometereológico
-0.04310937507084701,0.7935067087461113,18174,GPD,tail,21.39793168391183,0.090625,Puntarenas_OTROS_Hidrometereológico
-0.017035418264210938,0.7845859407540725,18175,GPD,tail,21.39793168391183,0.090625,Puntarenas_OTROS_Hidrometereológico
-0.017035418264210938,0.7845859407540725,18176,GPD,tail,21.39793168391183,0.090625,Puntarenas_OTROS_Hidrometereológico
-0.017035418264210938,0.7845859407540725,18177,GPD,tail,21.39793168391183,0.090625,Puntarenas_OTROS_Hidrometereológico
-0.017035418264210938,0.7845859407540725,18178,GPD,tail,21.39793168391183,0.090625,Puntarenas_OTROS_Hidrometereológico
-0.017035418264210938,0.7845859407540725,18179,GPD,tail,21.39793168391183,0.090625,Puntarenas_OTROS_Hidrometereológico
-0.017035418264210938,0.7845859407540725,18180,GPD,tail,21.39793168391183,0.090625,Puntarenas_OTROS_Hidrometereológico
-0.017035418264210938,0.7845859407540725,18181,GPD,tail,21.39793168391183,0.090625,Puntarenas_OTROS_Hidrometereológico
-0.017035418264210938,0.7845859407540725,18182,GPD,tail,21.39793168391183,0.090625,Puntarenas_OTROS_Hidrometereológico
-0.017035418264210938,0.7845859407540725,18183,GPD,tail,21.39793168391183,0.090625,Puntarenas_OTROS_Hidrometereológico
0.031092470754198482,0.7665857537960685,18184,GPD,tail,21.39793168391183,0.090625,Puntarenas_OTROS_Hidrometereológico
0.031092470754198482,0.7665857537960685,18185,GPD,tail,21.39793168391183,0.090625,Puntarenas_OTROS_Hidrometereológico
0.031092470754198482,0.7665857537960685,18186,GPD,tail,21.39793168391183,0.090625,Puntarenas_OTROS_Hidrometereológico
0.031092470754198482,0.7665857537960685,18187,GPD,tail,21.39793168391183,0.090625,Puntarenas_OTROS_Hidrometereológico
0.031092470754198482,0.7665857537960685,18188,GPD,tail,21.39793168391183,0.090625,Puntarenas_OTROS_Hidrometereológico
0.031092470754198482,0.7665857537960685,18189,GPD,tail,21.39793168391183,0.090625,Puntarenas_OTROS_Hidrometereológico
0.031092470754198482,0.7665857537960685,18190,GPD,tail,21.39793168391183,0.090625,Puntarenas_OTROS_Hidrometereológico
0.031092470754198482,0.7665857537960685,18191,GPD,tail,21.39793168391183,0.090625,Puntarenas_OTROS_Hidrometereológico
0.031092470754198482,0.7665857537960685,18192,GPD,tail,21.39793168391183,0.090625,Puntarenas_OTROS_Hidrometereológico
0.031092470754198482,0.7665857537960685,18193,GPD,tail,21.39793168391183,0.090625,Puntarenas_OTROS_Hidrometereológico
0.031092470754198482,0.7665857537960685,18194,GPD,tail,21.39793168391183,0.090625,Puntarenas_OTROS_Hidrometereológico
0.031092470754198482,0.7665857537960685,18195,GPD,tail,21.39793168391183,0.090625,Puntarenas_OTROS_Hidrometereológico
0.031092470754198482,0.7665857537960685,18196,GPD,tail,21.39793168391183,0.090625,Puntarenas_OTROS_Hidrometereológico
0.031092470754198482,0.7665857537960685,18197,GPD,tail,21.39793168391183,0.090625,Puntarenas_OTROS_Hidrometereológico
-0.05659887016914916,0.8222319552804723,18198,GPD,tail,21.39793168391183,0.090625,Puntarenas_OTROS_Hidrometereológico
-0.05659887016914916,0.8222319552804723,18199,GPD,tail,21.39793168391183,0.090625,Puntarenas_OTROS_Hidrometereológico
-0.05659887016914916,0.8222319552804723,18200,GPD,tail,21.39793168391183,0.090625,Puntarenas_OTROS_Hidrometereológico
-0.05659887016914916,0.8222319552804723,18201,GPD,tail,21.39793168391183,0.090625,Puntarenas_OTROS_Hidrometereológico
-0.05659887016914916,0.8222319552804723,18202,GPD,tail,21.39793168391183,0.090625,Puntarenas_OTROS_Hidrometereológico
-0.05659887016914916,0.8222319552804723,18203,GPD,tail,21.39793168391183,0.090625,Puntarenas_OTROS_Hidrometereológico
-0.05659887016914916,0.8222319552804723,18204,GPD,tail,21.39793168391183,0.090625,Puntarenas_OTROS_Hidrometereológico
-0.05659887016914916,0.8222319552804723,18205,GPD,tail,21.39793168391183,0.090625,Puntarenas_OTROS_Hidrometereológico
-0.05659887016914916,0.8222319552804723,18206,GPD,tail,21.39793168391183,0.090625,Puntarenas_OTROS_Hidrometereológico
-0.05659887016914916,0.8222319552804723,18207,GPD,tail,21.39793168391183,0.090625,Puntarenas_OTROS_Hidrometereológico
-0.05659887016914916,0.8222319552804723,18208,GPD,tail,21.39793168391183,0.090625,Puntarenas_OTROS_Hidrometereológico
-0.05659887016914916,0.8222319552804723,18209,GPD,tail,21.39793168391183,0.090625,Puntarenas_OTROS_Hidrometereológico
-0.05659887016914916,0.8222319552804723,18210,GPD,tail,21.39793168391183,0.090625,Puntarenas_OTROS_Hidrometereológico
-0.05659887016914916,0.8222319552804723,18211,GPD,tail,21.39793168391183,0.090625,Puntarenas_OTROS_Hidrometereológico
-0.05659887016914916,0.8222319552804723,18212,GPD,tail,21.39793168391183,0.090625,Puntarenas_OTROS_Hidrometereológico
-0.05659887016914916,0.8222319552804723,18213,GPD,tail,21.39793168391183,0.090625,Puntarenas_OTROS_Hidrometereológico
-0.05659887016914916,0.8222319552804723,18214,GPD,tail,21.39793168391183,0.090625,Puntarenas_OTROS_Hidrometereológico
-0.05659887016914916,0.8222319552804723,18215,GPD,tail,21.39793168391183,0.090625,Puntarenas_OTROS_Hidrometereológico
-0.05659887016914916,0.8222319552804723,18216,GPD,tail,21.39793168391183,0.090625,Puntarenas_OTROS_Hidrometereológico
-0.05659887016914916,0.8222319552804723,18217,GPD,tail,21.39793168391183,0.090625,Puntarenas_OTROS_Hidrometereológico
-0.05659887016914916,0.8222319552804723,18218,GPD,tail,21.39793168391183,0.090625,Puntarenas_OTROS_Hidrometereológico
-0.05659887016914916,0.8222319552804723,18219,GPD,tail,21.39793168391183,0.090625,Puntarenas_OTROS_Hidrometereológico
-0.05659887016914916,0.8222319552804723,18220,GPD,tail,21.39793168391183,0.090625,Puntarenas_OTROS_Hidrometereológico
-0.05659887016914916,0.8222319552804723,18221,GPD,tail,21.39793168391183,0.090625,Puntarenas_OTROS_Hidrometereológico
-0.05659887016914916,0.8222319552804723,18222,GPD,tail,21.39793168391183,0.090625,Puntarenas_OTROS_Hidrometereológico
-0.05659887016914916,0.8222319552804723,18223,GPD,tail,21.39793168391183,0.090625,Puntarenas_OTROS_Hidrometereológico
-0.05659887016914916,0.8222319552804723,18224,GPD,tail,21.39793168391183,0.090625,Puntarenas_OTROS_Hidrometereológico
-0.05659887016914916,0.8222319552804723,18225,GPD,tail,21.39793168391183,0.090625,Puntarenas_OTROS_Hidrometereológico
-0.05659887016914916,0.8222319552804723,18226,GPD,tail,21.39793168391183,0.090625,Puntarenas_OTROS_Hidrometereológico
-0.05659887016914916,0.8222319552804723,18227,GPD,tail,21.39793168391183,0.090625,Puntarenas_OTROS_Hidrometereológico
-0.05659887016914916,0.8222319552804723,18228,GPD,tail,21.39793168391183,0.090625,Puntarenas_OTROS_Hidrometereológico
-0.05659887016914916,0.8222319552804723,18229,GPD,tail,21.39793168391183,0.090625,Puntarenas_OTROS_Hidrometereológico
-0.05659887016914916,0.8222319552804723,18230,GPD,tail,21.39793168391183,0.090625,Puntarenas_OTROS_Hidrometereológico
-0.05659887016914916,0.8222319552804723,18231,GPD,tail,21.39793168391183,0.090625,Puntarenas_OTROS_Hidrometereológico
-0.05659887016914916,0.8222319552804723,18232,GPD,tail,21.39793168391183,0.090625,Puntarenas_OTROS_Hidrometereológico
-0.05659887016914916,0.8222319552804723,18233,GPD,tail,21.39793168391183,0.090625,Puntarenas_OTROS_Hidrometereológico
-0.05659887016914916,0.8222319552804723,18234,GPD,tail,21.39793168391183,0.090625,Puntarenas_OTROS_Hidrometereológico
-0.05659887016914916,0.8222319552804723,18235,GPD,tail,21.39793168391183,0.090625,Puntarenas_OTROS_Hidrometereológico
-0.05659887016914916,0.8222319552804723,18236,GPD,tail,21.39793168391183,0.090625,Puntarenas_OTROS_Hidrometereológico
-0.05659887016914916,0.8222319552804723,18237,GPD,tail,21.39793168391183,0.090625,Puntarenas_OTROS_Hidrometereológico
-0.05659887016914916,0.8222319552804723,18238,GPD,tail,21.39793168391183,0.090625,Puntarenas_OTROS_Hidrometereológico
-0.05659887016914916,0.8222319552804723,18239,GPD,tail,21.39793168391183,0.090625,Puntarenas_OTROS_Hidrometereológico
-0.05659887016914916,0.8222319552804723,18240,GPD,tail,21.39793168391183,0.090625,Puntarenas_OTROS_Hidrometereológico
-0.05659887016914916,0.8222319552804723,18241,GPD,tail,21.39793168391183,0.090625,Puntarenas_OTROS_Hidrometereológico
-0.05659887016914916,0.8222319552804723,18242,GPD,tail,21.39793168391183,0.090625,Puntarenas_OTROS_Hidrometereológico
-0.05659887016914916,0.8222319552804723,18243,GPD,tail,21.39793168391183,0.090625,Puntarenas_OTROS_Hidrometereológico
-0.05659887016914916,0.8222319552804723,18244,GPD,tail,21.39793168391183,0.090625,Puntarenas_OTROS_Hidrometereológico
-0.05659887016914916,0.8222319552804723,18245,GPD,tail,21.39793168391183,0.090625,Puntarenas_OTROS_Hidrometereológico
-0.05659887016914916,0.8222319552804723,18246,GPD,tail,21.39793168391183,0.090625,Puntarenas_OTROS_Hidrometereológico
-0.05659887016914916,0.8222319552804723,18247,GPD,tail,21.39793168391183,0.090625,Puntarenas_OTROS_Hidrometereológico
-0.05659887016914916,0.8222319552804723,18248,GPD,tail,21.39793168391183,0.090625,Puntarenas_OTROS_Hidrometereológico
-0.05659887016914916,0.8222319552804723,18249,GPD,tail,21.39793168391183,0.090625,Puntarenas_OTROS_Hidrometereológico
-0.05659887016914916,0.8222319552804723,18250,GPD,tail,21.39793168391183,0.090625,Puntarenas_OTROS_Hidrometereológico
-0.05659887016914916,0.8222319552804723,18251,GPD,tail,21.39793168391183,0.090625,Puntarenas_OTROS_Hidrometereológico
-0.05659887016914916,0.8222319552804723,18252,GPD,tail,21.39793168391183,0.090625,Puntarenas_OTROS_Hidrometereológico
-0.05659887016914916,0.8222319552804723,18253,GPD,tail,21.39793168391183,0.090625,Puntarenas_OTROS_Hidrometereológico
-0.05659887016914916,0.8222319552804723,18254,GPD,tail,21.39793168391183,0.090625,Puntarenas_OTROS_Hidrometereológico
-0.05659887016914916,0.8222319552804723,18255,GPD,tail,21.39793168391183,0.090625,Puntarenas_OTROS_Hidrometereológico
-0.05659887016914916,0.8222319552804723,18256,GPD,tail,21.39793168391183,0.090625,Puntarenas_OTROS_Hidrometereológico
-0.05659887016914916,0.8222319552804723,18257,GPD,tail,21.39793168391183,0.090625,Puntarenas_OTROS_Hidrometereológico
-0.05659887016914916,0.8222319552804723,18258,GPD,tail,21.39793168391183,0.090625,Puntarenas_OTROS_Hidrometereológico
-0.05659887016914916,0.8222319552804723,18259,GPD,tail,21.39793168391183,0.090625,Puntarenas_OTROS_Hidrometereológico
-0.05659887016914916,0.8222319552804723,18260,GPD,tail,21.39793168391183,0.090625,Puntarenas_OTROS_Hidrometereológico
-0.05659887016914916,0.8222319552804723,18261,GPD,tail,21.39793168391183,0.090625,Puntarenas_OTROS_Hidrometereológico
0.0037556087093695983,0.7920926163613232,18262,GPD,tail,21.39793168391183,0.090625,Puntarenas_OTROS_Hidrometereológico
0.0037556087093695983,0.7920926163613232,18263,GPD,tail,21.39793168391183,0.090625,Puntarenas_OTROS_Hidrometereológico
0.0037556087093695983,0.7920926163613232,18264,GPD,tail,21.39793168391183,0.090625,Puntarenas_OTROS_Hidrometereológico
0.0037556087093695983,0.7920926163613232,18265,GPD,tail,21.39793168391183,0.090625,Puntarenas_OTROS_Hidrometereológico
0.0037556087093695983,0.7920926163613232,18266,GPD,tail,21.39793168391183,0.090625,Puntarenas_OTROS_Hidrometereológico
0.0037556087093695983,0.7920926163613232,18267,GPD,tail,21.39793168391183,0.090625,Puntarenas_OTROS_Hidrometereológico
0.0037556087093695983,0.7920926163613232,18268,GPD,tail,21.39793168391183,0.090625,Puntarenas_OTROS_Hidrometereológico
0.0037556087093695983,0.7920926163613232,18269,GPD,tail,21.39793168391183,0.090625,Puntarenas_OTROS_Hidrometereológico
0.0037556087093695983,0.7920926163613232,18270,GPD,tail,21.39793168391183,0.090625,Puntarenas_OTROS_Hidrometereológico
0.0037556087093695983,0.7920926163613232,18271,GPD,tail,21.39793168391183,0.090625,Puntarenas_OTROS_Hidrometereológico
0.0037556087093695983,0.7920926163613232,18272,GPD,tail,21.39793168391183,0.090625,Puntarenas_OTROS_Hidrometereológico
0.0037556087093695983,0.7920926163613232,18273,GPD,tail,21.39793168391183,0.090625,Puntarenas_OTROS_Hidrometereológico
0.0037556087093695983,0.7920926163613232,18274,GPD,tail,21.39793168391183,0.090625,Puntarenas_OTROS_Hidrometereológico
0.0037556087093695983,0.7920926163613232,18275,GPD,tail,21.39793168391183,0.090625,Puntarenas_OTROS_Hidrometereológico
0.0037556087093695983,0.7920926163613232,18276,GPD,tail,21.39793168391183,0.090625,Puntarenas_OTROS_Hidrometereológico
-0.006393997680459996,0.7933620918336651,18277,GPD,tail,21.39793168391183,0.090625,Puntarenas_OTROS_Hidrometereológico
-0.006393997680459996,0.7933620918336651,18278,GPD,tail,21.39793168391183,0.090625,Puntarenas_OTROS_Hidrometereológico
-0.006393997680459996,0.7933620918336651,18279,GPD,tail,21.39793168391183,0.090625,Puntarenas_OTROS_Hidrometereológico
-0.006393997680459996,0.7933620918336651,18280,GPD,tail,21.39793168391183,0.090625,Puntarenas_OTROS_Hidrometereológico
-0.006393997680459996,0.7933620918336651,18281,GPD,tail,21.39793168391183,0.090625,Puntarenas_OTROS_Hidrometereológico
-0.006393997680459996,0.7933620918336651,18282,GPD,tail,21.39793168391183,0.090625,Puntarenas_OTROS_Hidrometereológico
-0.006393997680459996,0.7933620918336651,18283,GPD,tail,21.39793168391183,0.090625,Puntarenas_OTROS_Hidrometereológico
-0.006393997680459996,0.7933620918336651,18284,GPD,tail,21.39793168391183,0.090625,Puntarenas_OTROS_Hidrometereológico
-0.006393997680459996,0.7933620918336651,18285,GPD,tail,21.39793168391183,0.090625,Puntarenas_OTROS_Hidrometereológico
-0.006393997680459996,0.7933620918336651,18286,GPD,tail,21.39793168391183,0.090625,Puntarenas_OTROS_Hidrometereológico
-0.006393997680459996,0.7933620918336651,18287,GPD,tail,21.39793168391183,0.090625,Puntarenas_OTROS_Hidrometereológico
-0.006393997680459996,0.7933620918336651,18288,GPD,tail,21.39793168391183,0.090625,Puntarenas_OTROS_Hidrometereológico
-0.006393997680459996,0.7933620918336651,18289,GPD,tail,21.39793168391183,0.090625,Puntarenas_OTROS_Hidrometereológico
-0.006393997680459996,0.7933620918336651,18290,GPD,tail,21.39793168391183,0.090625,Puntarenas_OTROS_Hidrometereológico
-0.006393997680459996,0.7933620918336651,18291,GPD,tail,21.39793168391183,0.090625,Puntarenas_OTROS_Hidrometereológico
-0.006393997680459996,0.7933620918336651,18292,GPD,tail,21.39793168391183,0.090625,Puntarenas_OTROS_Hidrometereológico
-0.006393997680459996,0.7933620918336651,18293,GPD,tail,21.39793168391183,0.090625,Puntarenas_OTROS_Hidrometereológico
-0.006393997680459996,0.7933620918336651,18294,GPD,tail,21.39793168391183,0.090625,Puntarenas_OTROS_Hidrometereológico
0.003143959886849172,0.8550781237311414,18295,GPD,tail,21.39793168391183,0.090625,Puntarenas_OTROS_Hidrometereológico
0.003143959886849172,0.8550781237311414,18296,GPD,tail,21.39793168391183,0.090625,Puntarenas_OTROS_Hidrometereológico
0.003143959886849172,0.8550781237311414,18297,GPD,tail,21.39793168391183,0.090625,Puntarenas_OTROS_Hidrometereológico
0.003143959886849172,0.8550781237311414,18298,GPD,tail,21.39793168391183,0.090625,Puntarenas_OTROS_Hidrometereológico
0.003143959886849172,0.8550781237311414,18299,GPD,tail,21.39793168391183,0.090625,Puntarenas_OTROS_Hidrometereológico
0.003143959886849172,0.8550781237311414,18300,GPD,tail,21.39793168391183,0.090625,Puntarenas_OTROS_Hidrometereológico
0.003143959886849172,0.8550781237311414,18301,GPD,tail,21.39793168391183,0.090625,Puntarenas_OTROS_Hidrometereológico
0.003143959886849172,0.8550781237311414,18302,GPD,tail,21.39793168391183,0.090625,Puntarenas_OTROS_Hidrometereológico
0.003143959886849172,0.8550781237311414,18303,GPD,tail,21.39793168391183,0.090625,Puntarenas_OTROS_Hidrometereológico
0.003143959886849172,0.8550781237311414,18304,GPD,tail,21.39793168391183,0.090625,Puntarenas_OTROS_Hidrometereológico
0.003143959886849172,0.8550781237311414,18305,GPD,tail,21.39793168391183,0.090625,Puntarenas_OTROS_Hidrometereológico
0.003143959886849172,0.8550781237311414,18306,GPD,tail,21.39793168391183,0.090625,Puntarenas_OTROS_Hidrometereológico
0.003143959886849172,0.8550781237311414,18307,GPD,tail,21.39793168391183,0.090625,Puntarenas_OTROS_Hidrometereológico
0.003143959886849172,0.8550781237311414,18308,GPD,tail,21.39793168391183,0.090625,Puntarenas_OTROS_Hidrometereológico
0.003143959886849172,0.8550781237311414,18309,GPD,tail,21.39793168391183,0.090625,Puntarenas_OTROS_Hidrometereológico
0.003143959886849172,0.8550781237311414,18310,GPD,tail,21.39793168391183,0.090625,Puntarenas_OTROS_Hidrometereológico
0.003143959886849172,0.8550781237311414,18311,GPD,tail,21.39793168391183,0.090625,Puntarenas_OTROS_Hidrometereológico
0.003143959886849172,0.8550781237311414,18312,GPD,tail,21.39793168391183,0.090625,Puntarenas_OTROS_Hidrometereológico
0.003143959886849172,0.8550781237311414,18313,GPD,tail,21.39793168391183,0.090625,Puntarenas_OTROS_Hidrometereológico
0.003143959886849172,0.8550781237311414,18314,GPD,tail,21.39793168391183,0.090625,Puntarenas_OTROS_Hidrometereológico
0.003143959886849172,0.8550781237311414,18315,GPD,tail,21.39793168391183,0.090625,Puntarenas_OTROS_Hidrometereológico
0.003143959886849172,0.8550781237311414,18316,GPD,tail,21.39793168391183,0.090625,Puntarenas_OTROS_Hidrometereológico
0.003143959886849172,0.8550781237311414,18317,GPD,tail,21.39793168391183,0.090625,Puntarenas_OTROS_Hidrometereológico
0.003143959886849172,0.8550781237311414,18318,GPD,tail,21.39793168391183,0.090625,Puntarenas_OTROS_Hidrometereológico
0.003143959886849172,0.8550781237311414,18319,GPD,tail,21.39793168391183,0.090625,Puntarenas_OTROS_Hidrometereológico
0.003143959886849172,0.8550781237311414,18320,GPD,tail,21.39793168391183,0.090625,Puntarenas_OTROS_Hidrometereológico
0.003143959886849172,0.8550781237311414,18321,GPD,tail,21.39793168391183,0.090625,Puntarenas_OTROS_Hidrometereológico
0.003143959886849172,0.8550781237311414,18322,GPD,tail,21.39793168391183,0.090625,Puntarenas_OTROS_Hidrometereológico
0.003143959886849172,0.8550781237311414,18323,GPD,tail,21.39793168391183,0.090625,Puntarenas_OTROS_Hidrometereológico
0.003143959886849172,0.8550781237311414,18324,GPD,tail,21.39793168391183,0.090625,Puntarenas_OTROS_Hidrometereológico
0.003143959886849172,0.8550781237311414,18325,GPD,tail,21.39793168391183,0.090625,Puntarenas_OTROS_Hidrometereológico
0.003143959886849172,0.8550781237311414,18326,GPD,tail,21.39793168391183,0.090625,Puntarenas_OTROS_Hidrometereológico
0.003143959886849172,0.8550781237311414,18327,GPD,tail,21.39793168391183,0.090625,Puntarenas_OTROS_Hidrometereológico
0.003143959886849172,0.8550781237311414,18328,GPD,tail,21.39793168391183,0.090625,Puntarenas_OTROS_Hidrometereológico
0.003143959886849172,0.8550781237311414,18329,GPD,tail,21.39793168391183,0.090625,Puntarenas_OTROS_Hidrometereológico
0.003143959886849172,0.8550781237311414,18330,GPD,tail,21.39793168391183,0.090625,Puntarenas_OTROS_Hidrometereológico
0.003143959886849172,0.8550781237311414,18331,GPD,tail,21.39793168391183,0.090625,Puntarenas_OTROS_Hidrometereológico
0.003143959886849172,0.8550781237311414,18332,GPD,tail,21.39793168391183,0.090625,Puntarenas_OTROS_Hidrometereológico
0.003143959886849172,0.8550781237311414,18333,GPD,tail,21.39793168391183,0.090625,Puntarenas_OTROS_Hidrometereológico
0.003143959886849172,0.8550781237311414,18334,GPD,tail,21.39793168391183,0.090625,Puntarenas_OTROS_Hidrometereológico
0.003143959886849172,0.8550781237311414,18335,GPD,tail,21.39793168391183,0.090625,Puntarenas_OTROS_Hidrometereológico
0.003143959886849172,0.8550781237311414,18336,GPD,tail,21.39793168391183,0.090625,Puntarenas_OTROS_Hidrometereológico
0.003143959886849172,0.8550781237311414,18337,GPD,tail,21.39793168391183,0.090625,Puntarenas_OTROS_Hidrometereológico
-0.12513090306328195,0.923049997066628,18338,GPD,tail,21.39793168391183,0.090625,Puntarenas_OTROS_Hidrometereológico
-0.12513090306328195,0.923049997066628,18339,GPD,tail,21.39793168391183,0.090625,Puntarenas_OTROS_Hidrometereológico
-0.12513090306328195,0.923049997066628,18340,GPD,tail,21.39793168391183,0.090625,Puntarenas_OTROS_Hidrometereológico
-0.12513090306328195,0.923049997066628,18341,GPD,tail,21.39793168391183,0.090625,Puntarenas_OTROS_Hidrometereológico
-0.12513090306328195,0.923049997066628,18342,GPD,tail,21.39793168391183,0.090625,Puntarenas_OTROS_Hidrometereológico
-0.12513090306328195,0.923049997066628,18343,GPD,tail,21.39793168391183,0.090625,Puntarenas_OTROS_Hidrometereológico
-0.12513090306328195,0.923049997066628,18344,GPD,tail,21.39793168391183,0.090625,Puntarenas_OTROS_Hidrometereológico
-0.12513090306328195,0.923049997066628,18345,GPD,tail,21.39793168391183,0.090625,Puntarenas_OTROS_Hidrometereológico
-0.02461002894932124,0.8106941359575888,18346,GPD,tail,21.39793168391183,0.090625,Puntarenas_OTROS_Hidrometereológico
-0.02461002894932124,0.8106941359575888,18347,GPD,tail,21.39793168391183,0.090625,Puntarenas_OTROS_Hidrometereológico
-0.02461002894932124,0.8106941359575888,18348,GPD,tail,21.39793168391183,0.090625,Puntarenas_OTROS_Hidrometereológico
-0.02461002894932124,0.8106941359575888,18349,GPD,tail,21.39793168391183,0.090625,Puntarenas_OTROS_Hidrometereológico
-0.02461002894932124,0.8106941359575888,18350,GPD,tail,21.39793168391183,0.090625,Puntarenas_OTROS_Hidrometereológico
-0.02461002894932124,0.8106941359575888,18351,GPD,tail,21.39793168391183,0.090625,Puntarenas_OTROS_Hidrometereológico
-0.02461002894932124,0.8106941359575888,18352,GPD,tail,21.39793168391183,0.090625,Puntarenas_OTROS_Hidrometereológico
-0.02461002894932124,0.8106941359575888,18353,GPD,tail,21.39793168391183,0.090625,Puntarenas_OTROS_Hidrometereológico
-0.02461002894932124,0.8106941359575888,18354,GPD,tail,21.39793168391183,0.090625,Puntarenas_OTROS_Hidrometereológico
-0.02461002894932124,0.8106941359575888,18355,GPD,tail,21.39793168391183,0.090625,Puntarenas_OTROS_Hidrometereológico
-0.02461002894932124,0.8106941359575888,18356,GPD,tail,21.39793168391183,0.090625,Puntarenas_OTROS_Hidrometereológico
-0.02461002894932124,0.8106941359575888,18357,GPD,tail,21.39793168391183,0.090625,Puntarenas_OTROS_Hidrometereológico
-0.02461002894932124,0.8106941359575888,18358,GPD,tail,21.39793168391183,0.090625,Puntarenas_OTROS_Hidrometereológico
-0.02461002894932124,0.8106941359575888,18359,GPD,tail,21.39793168391183,0.090625,Puntarenas_OTROS_Hidrometereológico
-0.02461002894932124,0.8106941359575888,18360,GPD,tail,21.39793168391183,0.090625,Puntarenas_OTROS_Hidrometereológico
-0.02461002894932124,0.8106941359575888,18361,GPD,tail,21.39793168391183,0.090625,Puntarenas_OTROS_Hidrometereológico
0.03336504531084373,0.8134909473570098,18362,GPD,tail,21.39793168391183,0.090625,Puntarenas_OTROS_Hidrometereológico
0.03336504531084373,0.8134909473570098,18363,GPD,tail,21.39793168391183,0.090625,Puntarenas_OTROS_Hidrometereológico
0.03336504531084373,0.8134909473570098,18364,GPD,tail,21.39793168391183,0.090625,Puntarenas_OTROS_Hidrometereológico
0.03336504531084373,0.8134909473570098,18365,GPD,tail,21.39793168391183,0.090625,Puntarenas_OTROS_Hidrometereológico
0.03336504531084373,0.8134909473570098,18366,GPD,tail,21.39793168391183,0.090625,Puntarenas_OTROS_Hidrometereológico
0.03336504531084373,0.8134909473570098,18367,GPD,tail,21.39793168391183,0.090625,Puntarenas_OTROS_Hidrometereológico
0.03336504531084373,0.8134909473570098,18368,GPD,tail,21.39793168391183,0.090625,Puntarenas_OTROS_Hidrometereológico
0.03336504531084373,0.8134909473570098,18369,GPD,tail,21.39793168391183,0.090625,Puntarenas_OTROS_Hidrometereológico
0.03336504531084373,0.8134909473570098,18370,GPD,tail,21.39793168391183,0.090625,Puntarenas_OTROS_Hidrometereológico
0.03336504531084373,0.8134909473570098,18371,GPD,tail,21.39793168391183,0.090625,Puntarenas_OTROS_Hidrometereológico
0.03336504531084373,0.8134909473570098,18372,GPD,tail,21.39793168391183,0.090625,Puntarenas_OTROS_Hidrometereológico
0.03336504531084373,0.8134909473570098,18373,GPD,tail,21.39793168391183,0.090625,Puntarenas_OTROS_Hidrometereológico
0.03336504531084373,0.8134909473570098,18374,GPD,tail,21.39793168391183,0.090625,Puntarenas_OTROS_Hidrometereológico
0.03336504531084373,0.8134909473570098,18375,GPD,tail,21.39793168391183,0.090625,Puntarenas_OTROS_Hidrometereológico
0.03336504531084373,0.8134909473570098,18376,GPD,tail,21.39793168391183,0.090625,Puntarenas_OTROS_Hidrometereológico
0.03336504531084373,0.8134909473570098,18377,GPD,tail,21.39793168391183,0.090625,Puntarenas_OTROS_Hidrometereológico
0.03336504531084373,0.8134909473570098,18378,GPD,tail,21.39793168391183,0.090625,Puntarenas_OTROS_Hidrometereológico
0.03336504531084373,0.8134909473570098,18379,GPD,tail,21.39793168391183,0.090625,Puntarenas_OTROS_Hidrometereológico
0.03336504531084373,0.8134909473570098,18380,GPD,tail,21.39793168391183,0.090625,Puntarenas_OTROS_Hidrometereológico
-0.13339865028650547,0.9779026036146762,18381,GPD,tail,21.39793168391183,0.090625,Puntarenas_OTROS_Hidrometereológico
-0.13339865028650547,0.9779026036146762,18382,GPD,tail,21.39793168391183,0.090625,Puntarenas_OTROS_Hidrometereológico
-0.13339865028650547,0.9779026036146762,18383,GPD,tail,21.39793168391183,0.090625,Puntarenas_OTROS_Hidrometereológico
-0.13339865028650547,0.9779026036146762,18384,GPD,tail,21.39793168391183,0.090625,Puntarenas_OTROS_Hidrometereológico
-0.13339865028650547,0.9779026036146762,18385,GPD,tail,21.39793168391183,0.090625,Puntarenas_OTROS_Hidrometereológico
-0.13339865028650547,0.9779026036146762,18386,GPD,tail,21.39793168391183,0.090625,Puntarenas_OTROS_Hidrometereológico
-0.13339865028650547,0.9779026036146762,18387,GPD,tail,21.39793168391183,0.090625,Puntarenas_OTROS_Hidrometereológico
-0.13339865028650547,0.9779026036146762,18388,GPD,tail,21.39793168391183,0.090625,Puntarenas_OTROS_Hidrometereológico
-0.13339865028650547,0.9779026036146762,18389,GPD,tail,21.39793168391183,0.090625,Puntarenas_OTROS_Hidrometereológico
-0.13339865028650547,0.9779026036146762,18390,GPD,tail,21.39793168391183,0.090625,Puntarenas_OTROS_Hidrometereológico
-0.13339865028650547,0.9779026036146762,18391,GPD,tail,21.39793168391183,0.090625,Puntarenas_OTROS_Hidrometereológico
-0.13339865028650547,0.9779026036146762,18392,GPD,tail,21.39793168391183,0.090625,Puntarenas_OTROS_Hidrometereológico
-0.13339865028650547,0.9779026036146762,18393,GPD,tail,21.39793168391183,0.090625,Puntarenas_OTROS_Hidrometereológico
0.002405218382972557,0.7672719942681125,18394,GPD,tail,21.39793168391183,0.090625,Puntarenas_OTROS_Hidrometereológico
0.002405218382972557,0.7672719942681125,18395,GPD,tail,21.39793168391183,0.090625,Puntarenas_OTROS_Hidrometereológico
0.002405218382972557,0.7672719942681125,18396,GPD,tail,21.39793168391183,0.090625,Puntarenas_OTROS_Hidrometereológico
0.002405218382972557,0.7672719942681125,18397,GPD,tail,21.39793168391183,0.090625,Puntarenas_OTROS_Hidrometereológico
0.002405218382972557,0.7672719942681125,18398,GPD,tail,21.39793168391183,0.090625,Puntarenas_OTROS_Hidrometereológico
0.002405218382972557,0.7672719942681125,18399,GPD,tail,21.39793168391183,0.090625,Puntarenas_OTROS_Hidrometereológico
0.002405218382972557,0.7672719942681125,18400,GPD,tail,21.39793168391183,0.090625,Puntarenas_OTROS_Hidrometereológico
0.002405218382972557,0.7672719942681125,18401,GPD,tail,21.39793168391183,0.090625,Puntarenas_OTROS_Hidrometereológico
0.002405218382972557,0.7672719942681125,18402,GPD,tail,21.39793168391183,0.090625,Puntarenas_OTROS_Hidrometereológico
0.002405218382972557,0.7672719942681125,18403,GPD,tail,21.39793168391183,0.090625,Puntarenas_OTROS_Hidrometereológico
0.002405218382972557,0.7672719942681125,18404,GPD,tail,21.39793168391183,0.090625,Puntarenas_OTROS_Hidrometereológico
0.002405218382972557,0.7672719942681125,18405,GPD,tail,21.39793168391183,0.090625,Puntarenas_OTROS_Hidrometereológico
0.002405218382972557,0.7672719942681125,18406,GPD,tail,21.39793168391183,0.090625,Puntarenas_OTROS_Hidrometereológico
0.002405218382972557,0.7672719942681125,18407,GPD,tail,21.39793168391183,0.090625,Puntarenas_OTROS_Hidrometereológico
0.002405218382972557,0.7672719942681125,18408,GPD,tail,21.39793168391183,0.090625,Puntarenas_OTROS_Hidrometereológico
0.002405218382972557,0.7672719942681125,18409,GPD,tail,21.39793168391183,0.090625,Puntarenas_OTROS_Hidrometereológico
0.002405218382972557,0.7672719942681125,18410,GPD,tail,21.39793168391183,0.090625,Puntarenas_OTROS_Hidrometereológico
0.002405218382972557,0.7672719942681125,18411,GPD,tail,21.39793168391183,0.090625,Puntarenas_OTROS_Hidrometereológico
0.002405218382972557,0.7672719942681125,18412,GPD,tail,21.39793168391183,0.090625,Puntarenas_OTROS_Hidrometereológico
0.002405218382972557,0.7672719942681125,18413,GPD,tail,21.39793168391183,0.090625,Puntarenas_OTROS_Hidrometereológico
0.002405218382972557,0.7672719942681125,18414,GPD,tail,21.39793168391183,0.090625,Puntarenas_OTROS_Hidrometereológico
0.002405218382972557,0.7672719942681125,18415,GPD,tail,21.39793168391183,0.090625,Puntarenas_OTROS_Hidrometereológico
0.002405218382972557,0.7672719942681125,18416,GPD,tail,21.39793168391183,0.090625,Puntarenas_OTROS_Hidrometereológico
0.002405218382972557,0.7672719942681125,18417,GPD,tail,21.39793168391183,0.090625,Puntarenas_OTROS_Hidrometereológico
0.002405218382972557,0.7672719942681125,18418,GPD,tail,21.39793168391183,0.090625,Puntarenas_OTROS_Hidrometereológico
0.002405218382972557,0.7672719942681125,18419,GPD,tail,21.39793168391183,0.090625,Puntarenas_OTROS_Hidrometereológico
0.002405218382972557,0.7672719942681125,18420,GPD,tail,21.39793168391183,0.090625,Puntarenas_OTROS_Hidrometereológico
0.002405218382972557,0.7672719942681125,18421,GPD,tail,21.39793168391183,0.090625,Puntarenas_OTROS_Hidrometereológico
0.002405218382972557,0.7672719942681125,18422,GPD,tail,21.39793168391183,0.090625,Puntarenas_OTROS_Hidrometereológico
0.002405218382972557,0.7672719942681125,18423,GPD,tail,21.39793168391183,0.090625,Puntarenas_OTROS_Hidrometereológico
0.002405218382972557,0.7672719942681125,18424,GPD,tail,21.39793168391183,0.090625,Puntarenas_OTROS_Hidrometereológico
0.002405218382972557,0.7672719942681125,18425,GPD,tail,21.39793168391183,0.090625,Puntarenas_OTROS_Hidrometereológico
0.002405218382972557,0.7672719942681125,18426,GPD,tail,21.39793168391183,0.090625,Puntarenas_OTROS_Hidrometereológico
0.002405218382972557,0.7672719942681125,18427,GPD,tail,21.39793168391183,0.090625,Puntarenas_OTROS_Hidrometereológico
0.002405218382972557,0.7672719942681125,18428,GPD,tail,21.39793168391183,0.090625,Puntarenas_OTROS_Hidrometereológico
0.002405218382972557,0.7672719942681125,18429,GPD,tail,21.39793168391183,0.090625,Puntarenas_OTROS_Hidrometereológico
0.002405218382972557,0.7672719942681125,18430,GPD,tail,21.39793168391183,0.090625,Puntarenas_OTROS_Hidrometereológico
0.002405218382972557,0.7672719942681125,18431,GPD,tail,21.39793168391183,0.090625,Puntarenas_OTROS_Hidrometereológico
0.002405218382972557,0.7672719942681125,18432,GPD,tail,21.39793168391183,0.090625,Puntarenas_OTROS_Hidrometereológico
0.002405218382972557,0.7672719942681125,18433,GPD,tail,21.39793168391183,0.090625,Puntarenas_OTROS_Hidrometereológico
0.002405218382972557,0.7672719942681125,18434,GPD,tail,21.39793168391183,0.090625,Puntarenas_OTROS_Hidrometereológico
0.002405218382972557,0.7672719942681125,18435,GPD,tail,21.39793168391183,0.090625,Puntarenas_OTROS_Hidrometereológico
0.002405218382972557,0.7672719942681125,18436,GPD,tail,21.39793168391183,0.090625,Puntarenas_OTROS_Hidrometereológico
0.002405218382972557,0.7672719942681125,18437,GPD,tail,21.39793168391183,0.090625,Puntarenas_OTROS_Hidrometereológico
0.002405218382972557,0.7672719942681125,18438,GPD,tail,21.39793168391183,0.090625,Puntarenas_OTROS_Hidrometereológico
0.002405218382972557,0.7672719942681125,18439,GPD,tail,21.39793168391183,0.090625,Puntarenas_OTROS_Hidrometereológico
0.002405218382972557,0.7672719942681125,18440,GPD,tail,21.39793168391183,0.090625,Puntarenas_OTROS_Hidrometereológico
0.002405218382972557,0.7672719942681125,18441,GPD,tail,21.39793168391183,0.090625,Puntarenas_OTROS_Hidrometereológico
0.002405218382972557,0.7672719942681125,18442,GPD,tail,21.39793168391183,0.090625,Puntarenas_OTROS_Hidrometereológico
0.002405218382972557,0.7672719942681125,18443,GPD,tail,21.39793168391183,0.090625,Puntarenas_OTROS_Hidrometereológico
0.002405218382972557,0.7672719942681125,18444,GPD,tail,21.39793168391183,0.090625,Puntarenas_OTROS_Hidrometereológico
0.002405218382972557,0.7672719942681125,18445,GPD,tail,21.39793168391183,0.090625,Puntarenas_OTROS_Hidrometereológico
0.002405218382972557,0.7672719942681125,18446,GPD,tail,21.39793168391183,0.090625,Puntarenas_OTROS_Hidrometereológico
0.002405218382972557,0.7672719942681125,18447,GPD,tail,21.39793168391183,0.090625,Puntarenas_OTROS_Hidrometereológico
0.002405218382972557,0.7672719942681125,18448,GPD,tail,21.39793168391183,0.090625,Puntarenas_OTROS_Hidrometereológico
0.002405218382972557,0.7672719942681125,18449,GPD,tail,21.39793168391183,0.090625,Puntarenas_OTROS_Hidrometereológico
0.002405218382972557,0.7672719942681125,18450,GPD,tail,21.39793168391183,0.090625,Puntarenas_OTROS_Hidrometereológico
0.002405218382972557,0.7672719942681125,18451,GPD,tail,21.39793168391183,0.090625,Puntarenas_OTROS_Hidrometereológico
0.002405218382972557,0.7672719942681125,18452,GPD,tail,21.39793168391183,0.090625,Puntarenas_OTROS_Hidrometereológico
0.002405218382972557,0.7672719942681125,18453,GPD,tail,21.39793168391183,0.090625,Puntarenas_OTROS_Hidrometereológico
0.002405218382972557,0.7672719942681125,18454,GPD,tail,21.39793168391183,0.090625,Puntarenas_OTROS_Hidrometereológico
0.002405218382972557,0.7672719942681125,18455,GPD,tail,21.39793168391183,0.090625,Puntarenas_OTROS_Hidrometereológico
0.002405218382972557,0.7672719942681125,18456,GPD,tail,21.39793168391183,0.090625,Puntarenas_OTROS_Hidrometereológico
0.002405218382972557,0.7672719942681125,18457,GPD,tail,21.39793168391183,0.090625,Puntarenas_OTROS_Hidrometereológico
0.002405218382972557,0.7672719942681125,18458,GPD,tail,21.39793168391183,0.090625,Puntarenas_OTROS_Hidrometereológico
0.002405218382972557,0.7672719942681125,18459,GPD,tail,21.39793168391183,0.090625,Puntarenas_OTROS_Hidrometereológico
0.002405218382972557,0.7672719942681125,18460,GPD,tail,21.39793168391183,0.090625,Puntarenas_OTROS_Hidrometereológico
0.002405218382972557,0.7672719942681125,18461,GPD,tail,21.39793168391183,0.090625,Puntarenas_OTROS_Hidrometereológico
0.002405218382972557,0.7672719942681125,18462,GPD,tail,21.39793168391183,0.090625,Puntarenas_OTROS_Hidrometereológico
0.002405218382972557,0.7672719942681125,18463,GPD,tail,21.39793168391183,0.090625,Puntarenas_OTROS_Hidrometereológico
0.002405218382972557,0.7672719942681125,18464,GPD,tail,21.39793168391183,0.090625,Puntarenas_OTROS_Hidrometereológico
0.002405218382972557,0.7672719942681125,18465,GPD,tail,21.39793168391183,0.090625,Puntarenas_OTROS_Hidrometereológico
0.002405218382972557,0.7672719942681125,18466,GPD,tail,21.39793168391183,0.090625,Puntarenas_OTROS_Hidrometereológico
0.002405218382972557,0.7672719942681125,18467,GPD,tail,21.39793168391183,0.090625,Puntarenas_OTROS_Hidrometereológico
0.002405218382972557,0.7672719942681125,18468,GPD,tail,21.39793168391183,0.090625,Puntarenas_OTROS_Hidrometereológico
0.002405218382972557,0.7672719942681125,18469,GPD,tail,21.39793168391183,0.090625,Puntarenas_OTROS_Hidrometereológico
0.002405218382972557,0.7672719942681125,18470,GPD,tail,21.39793168391183,0.090625,Puntarenas_OTROS_Hidrometereológico
0.002405218382972557,0.7672719942681125,18471,GPD,tail,21.39793168391183,0.090625,Puntarenas_OTROS_Hidrometereológico
0.002405218382972557,0.7672719942681125,18472,GPD,tail,21.39793168391183,0.090625,Puntarenas_OTROS_Hidrometereológico
0.002405218382972557,0.7672719942681125,18473,GPD,tail,21.39793168391183,0.090625,Puntarenas_OTROS_Hidrometereológico
-0.11072237467010683,0.8531767610228673,18474,GPD,tail,21.39793168391183,0.090625,Puntarenas_OTROS_Hidrometereológico
-0.11072237467010683,0.8531767610228673,18475,GPD,tail,21.39793168391183,0.090625,Puntarenas_OTROS_Hidrometereológico
-0.11072237467010683,0.8531767610228673,18476,GPD,tail,21.39793168391183,0.090625,Puntarenas_OTROS_Hidrometereológico
-0.11072237467010683,0.8531767610228673,18477,GPD,tail,21.39793168391183,0.090625,Puntarenas_OTROS_Hidrometereológico
-0.11072237467010683,0.8531767610228673,18478,GPD,tail,21.39793168391183,0.090625,Puntarenas_OTROS_Hidrometereológico
-0.11072237467010683,0.8531767610228673,18479,GPD,tail,21.39793168391183,0.090625,Puntarenas_OTROS_Hidrometereológico
-0.11072237467010683,0.8531767610228673,18480,GPD,tail,21.39793168391183,0.090625,Puntarenas_OTROS_Hidrometereológico
-0.11072237467010683,0.8531767610228673,18481,GPD,tail,21.39793168391183,0.090625,Puntarenas_OTROS_Hidrometereológico
-0.11072237467010683,0.8531767610228673,18482,GPD,tail,21.39793168391183,0.090625,Puntarenas_OTROS_Hidrometereológico
-0.11072237467010683,0.8531767610228673,18483,GPD,tail,21.39793168391183,0.090625,Puntarenas_OTROS_Hidrometereológico
-0.11072237467010683,0.8531767610228673,18484,GPD,tail,21.39793168391183,0.090625,Puntarenas_OTROS_Hidrometereológico
-0.02589001679188463,0.8260259002402591,18485,GPD,tail,21.39793168391183,0.090625,Puntarenas_OTROS_Hidrometereológico
-0.02589001679188463,0.8260259002402591,18486,GPD,tail,21.39793168391183,0.090625,Puntarenas_OTROS_Hidrometereológico
-0.02589001679188463,0.8260259002402591,18487,GPD,tail,21.39793168391183,0.090625,Puntarenas_OTROS_Hidrometereológico
-0.02589001679188463,0.8260259002402591,18488,GPD,tail,21.39793168391183,0.090625,Puntarenas_OTROS_Hidrometereológico
-0.02589001679188463,0.8260259002402591,18489,GPD,tail,21.39793168391183,0.090625,Puntarenas_OTROS_Hidrometereológico
-0.11663934661101001,0.8948986105262156,18490,GPD,tail,21.39793168391183,0.090625,Puntarenas_OTROS_Hidrometereológico
-0.11663934661101001,0.8948986105262156,18491,GPD,tail,21.39793168391183,0.090625,Puntarenas_OTROS_Hidrometereológico
-0.11663934661101001,0.8948986105262156,18492,GPD,tail,21.39793168391183,0.090625,Puntarenas_OTROS_Hidrometereológico
-0.11663934661101001,0.8948986105262156,18493,GPD,tail,21.39793168391183,0.090625,Puntarenas_OTROS_Hidrometereológico
-0.11663934661101001,0.8948986105262156,18494,GPD,tail,21.39793168391183,0.090625,Puntarenas_OTROS_Hidrometereológico
-0.11663934661101001,0.8948986105262156,18495,GPD,tail,21.39793168391183,0.090625,Puntarenas_OTROS_Hidrometereológico
-0.11663934661101001,0.8948986105262156,18496,GPD,tail,21.39793168391183,0.090625,Puntarenas_OTROS_Hidrometereológico
-0.11663934661101001,0.8948986105262156,18497,GPD,tail,21.39793168391183,0.090625,Puntarenas_OTROS_Hidrometereológico
-0.11663934661101001,0.8948986105262156,18498,GPD,tail,21.39793168391183,0.090625,Puntarenas_OTROS_Hidrometereológico
-0.11663934661101001,0.8948986105262156,18499,GPD,tail,21.39793168391183,0.090625,Puntarenas_OTROS_Hidrometereológico
-0.11663934661101001,0.8948986105262156,18500,GPD,tail,21.39793168391183,0.090625,Puntarenas_OTROS_Hidrometereológico
-0.11663934661101001,0.8948986105262156,18501,GPD,tail,21.39793168391183,0.090625,Puntarenas_OTROS_Hidrometereológico
-0.11663934661101001,0.8948986105262156,18502,GPD,tail,21.39793168391183,0.090625,Puntarenas_OTROS_Hidrometereológico
-0.11663934661101001,0.8948986105262156,18503,GPD,tail,21.39793168391183,0.090625,Puntarenas_OTROS_Hidrometereológico
-0.11663934661101001,0.8948986105262156,18504,GPD,tail,21.39793168391183,0.090625,Puntarenas_OTROS_Hidrometereológico
-0.11663934661101001,0.8948986105262156,18505,GPD,tail,21.39793168391183,0.090625,Puntarenas_OTROS_Hidrometereológico
-0.11663934661101001,0.8948986105262156,18506,GPD,tail,21.39793168391183,0.090625,Puntarenas_OTROS_Hidrometereológico
-0.11663934661101001,0.8948986105262156,18507,GPD,tail,21.39793168391183,0.090625,Puntarenas_OTROS_Hidrometereológico
-0.11663934661101001,0.8948986105262156,18508,GPD,tail,21.39793168391183,0.090625,Puntarenas_OTROS_Hidrometereológico
-0.11663934661101001,0.8948986105262156,18509,GPD,tail,21.39793168391183,0.090625,Puntarenas_OTROS_Hidrometereológico
-0.11663934661101001,0.8948986105262156,18510,GPD,tail,21.39793168391183,0.090625,Puntarenas_OTROS_Hidrometereológico
-0.11663934661101001,0.8948986105262156,18511,GPD,tail,21.39793168391183,0.090625,Puntarenas_OTROS_Hidrometereológico
-0.11663934661101001,0.8948986105262156,18512,GPD,tail,21.39793168391183,0.090625,Puntarenas_OTROS_Hidrometereológico
-0.11663934661101001,0.8948986105262156,18513,GPD,tail,21.39793168391183,0.090625,Puntarenas_OTROS_Hidrometereológico
-0.11663934661101001,0.8948986105262156,18514,GPD,tail,21.39793168391183,0.090625,Puntarenas_OTROS_Hidrometereológico
-0.11663934661101001,0.8948986105262156,18515,GPD,tail,21.39793168391183,0.090625,Puntarenas_OTROS_Hidrometereológico
-0.11663934661101001,0.8948986105262156,18516,GPD,tail,21.39793168391183,0.090625,Puntarenas_OTROS_Hidrometereológico
-0.11663934661101001,0.8948986105262156,18517,GPD,tail,21.39793168391183,0.090625,Puntarenas_OTROS_Hidrometereológico
-0.11663934661101001,0.8948986105262156,18518,GPD,tail,21.39793168391183,0.090625,Puntarenas_OTROS_Hidrometereológico
-0.11663934661101001,0.8948986105262156,18519,GPD,tail,21.39793168391183,0.090625,Puntarenas_OTROS_Hidrometereológico
-0.11663934661101001,0.8948986105262156,18520,GPD,tail,21.39793168391183,0.090625,Puntarenas_OTROS_Hidrometereológico
-0.11663934661101001,0.8948986105262156,18521,GPD,tail,21.39793168391183,0.090625,Puntarenas_OTROS_Hidrometereológico
-0.11663934661101001,0.8948986105262156,18522,GPD,tail,21.39793168391183,0.090625,Puntarenas_OTROS_Hidrometereológico
-0.11663934661101001,0.8948986105262156,18523,GPD,tail,21.39793168391183,0.090625,Puntarenas_OTROS_Hidrometereológico
-0.11663934661101001,0.8948986105262156,18524,GPD,tail,21.39793168391183,0.090625,Puntarenas_OTROS_Hidrometereológico
-0.11663934661101001,0.8948986105262156,18525,GPD,tail,21.39793168391183,0.090625,Puntarenas_OTROS_Hidrometereológico
-0.11663934661101001,0.8948986105262156,18526,GPD,tail,21.39793168391183,0.090625,Puntarenas_OTROS_Hidrometereológico
-0.11663934661101001,0.8948986105262156,18527,GPD,tail,21.39793168391183,0.090625,Puntarenas_OTROS_Hidrometereológico
-0.11663934661101001,0.8948986105262156,18528,GPD,tail,21.39793168391183,0.090625,Puntarenas_OTROS_Hidrometereológico
-0.11663934661101001,0.8948986105262156,18529,GPD,tail,21.39793168391183,0.090625,Puntarenas_OTROS_Hidrometereológico
-0.11663934661101001,0.8948986105262156,18530,GPD,tail,21.39793168391183,0.090625,Puntarenas_OTROS_Hidrometereológico
-0.11663934661101001,0.8948986105262156,18531,GPD,tail,21.39793168391183,0.090625,Puntarenas_OTROS_Hidrometereológico
-0.11663934661101001,0.8948986105262156,18532,GPD,tail,21.39793168391183,0.090625,Puntarenas_OTROS_Hidrometereológico
-0.11663934661101001,0.8948986105262156,18533,GPD,tail,21.39793168391183,0.090625,Puntarenas_OTROS_Hidrometereológico
-0.11663934661101001,0.8948986105262156,18534,GPD,tail,21.39793168391183,0.090625,Puntarenas_OTROS_Hidrometereológico
-0.08341337304621745,0.8733578687545808,18535,GPD,tail,21.39793168391183,0.090625,Puntarenas_OTROS_Hidrometereológico
-0.08341337304621745,0.8733578687545808,18536,GPD,tail,21.39793168391183,0.090625,Puntarenas_OTROS_Hidrometereológico
-0.08341337304621745,0.8733578687545808,18537,GPD,tail,21.39793168391183,0.090625,Puntarenas_OTROS_Hidrometereológico
-0.08341337304621745,0.8733578687545808,18538,GPD,tail,21.39793168391183,0.090625,Puntarenas_OTROS_Hidrometereológico
0.020507863421748082,0.720268976974045,18539,GPD,tail,21.39793168391183,0.090625,Puntarenas_OTROS_Hidrometereológico
0.020507863421748082,0.720268976974045,18540,GPD,tail,21.39793168391183,0.090625,Puntarenas_OTROS_Hidrometereológico
0.020507863421748082,0.720268976974045,18541,GPD,tail,21.39793168391183,0.090625,Puntarenas_OTROS_Hidrometereológico
0.020507863421748082,0.720268976974045,18542,GPD,tail,21.39793168391183,0.090625,Puntarenas_OTROS_Hidrometereológico
0.020507863421748082,0.720268976974045,18543,GPD,tail,21.39793168391183,0.090625,Puntarenas_OTROS_Hidrometereológico
0.020507863421748082,0.720268976974045,18544,GPD,tail,21.39793168391183,0.090625,Puntarenas_OTROS_Hidrometereológico
0.020507863421748082,0.720268976974045,18545,GPD,tail,21.39793168391183,0.090625,Puntarenas_OTROS_Hidrometereológico
0.020507863421748082,0.720268976974045,18546,GPD,tail,21.39793168391183,0.090625,Puntarenas_OTROS_Hidrometereológico
0.020507863421748082,0.720268976974045,18547,GPD,tail,21.39793168391183,0.090625,Puntarenas_OTROS_Hidrometereológico
0.020507863421748082,0.720268976974045,18548,GPD,tail,21.39793168391183,0.090625,Puntarenas_OTROS_Hidrometereológico
0.020507863421748082,0.720268976974045,18549,GPD,tail,21.39793168391183,0.090625,Puntarenas_OTROS_Hidrometereológico
0.020507863421748082,0.720268976974045,18550,GPD,tail,21.39793168391183,0.090625,Puntarenas_OTROS_Hidrometereológico
0.020507863421748082,0.720268976974045,18551,GPD,tail,21.39793168391183,0.090625,Puntarenas_OTROS_Hidrometereológico
0.020507863421748082,0.720268976974045,18552,GPD,tail,21.39793168391183,0.090625,Puntarenas_OTROS_Hidrometereológico
0.020507863421748082,0.720268976974045,18553,GPD,tail,21.39793168391183,0.090625,Puntarenas_OTROS_Hidrometereológico
0.020507863421748082,0.720268976974045,18554,GPD,tail,21.39793168391183,0.090625,Puntarenas_OTROS_Hidrometereológico
0.020507863421748082,0.720268976974045,18555,GPD,tail,21.39793168391183,0.090625,Puntarenas_OTROS_Hidrometereológico
0.020507863421748082,0.720268976974045,18556,GPD,tail,21.39793168391183,0.090625,Puntarenas_OTROS_Hidrometereológico
-0.009245444930512943,0.7578494635444352,18557,GPD,tail,21.39793168391183,0.090625,Puntarenas_OTROS_Hidrometereológico
-0.009245444930512943,0.7578494635444352,18558,GPD,tail,21.39793168391183,0.090625,Puntarenas_OTROS_Hidrometereológico
-0.11550011685218445,0.8658669133958259,18559,GPD,tail,21.39793168391183,0.090625,Puntarenas_OTROS_Hidrometereológico
-0.11550011685218445,0.8658669133958259,18560,GPD,tail,21.39793168391183,0.090625,Puntarenas_OTROS_Hidrometereológico
-0.11550011685218445,0.8658669133958259,18561,GPD,tail,21.39793168391183,0.090625,Puntarenas_OTROS_Hidrometereológico
-0.11550011685218445,0.8658669133958259,18562,GPD,tail,21.39793168391183,0.090625,Puntarenas_OTROS_Hidrometereológico
-0.11550011685218445,0.8658669133958259,18563,GPD,tail,21.39793168391183,0.090625,Puntarenas_OTROS_Hidrometereológico
-0.11550011685218445,0.8658669133958259,18564,GPD,tail,21.39793168391183,0.090625,Puntarenas_OTROS_Hidrometereológico
-0.11550011685218445,0.8658669133958259,18565,GPD,tail,21.39793168391183,0.090625,Puntarenas_OTROS_Hidrometereológico
-0.11550011685218445,0.8658669133958259,18566,GPD,tail,21.39793168391183,0.090625,Puntarenas_OTROS_Hidrometereológico
-0.11550011685218445,0.8658669133958259,18567,GPD,tail,21.39793168391183,0.090625,Puntarenas_OTROS_Hidrometereológico
-0.11550011685218445,0.8658669133958259,18568,GPD,tail,21.39793168391183,0.090625,Puntarenas_OTROS_Hidrometereológico
-0.11550011685218445,0.8658669133958259,18569,GPD,tail,21.39793168391183,0.090625,Puntarenas_OTROS_Hidrometereológico
-0.11550011685218445,0.8658669133958259,18570,GPD,tail,21.39793168391183,0.090625,Puntarenas_OTROS_Hidrometereológico
-0.11550011685218445,0.8658669133958259,18571,GPD,tail,21.39793168391183,0.090625,Puntarenas_OTROS_Hidrometereológico
-0.11550011685218445,0.8658669133958259,18572,GPD,tail,21.39793168391183,0.090625,Puntarenas_OTROS_Hidrometereológico
-0.06350865558385643,0.8032009658271023,18573,GPD,tail,21.39793168391183,0.090625,Puntarenas_OTROS_Hidrometereológico
-0.06350865558385643,0.8032009658271023,18574,GPD,tail,21.39793168391183,0.090625,Puntarenas_OTROS_Hidrometereológico
-0.06350865558385643,0.8032009658271023,18575,GPD,tail,21.39793168391183,0.090625,Puntarenas_OTROS_Hidrometereológico
-0.06350865558385643,0.8032009658271023,18576,GPD,tail,21.39793168391183,0.090625,Puntarenas_OTROS_Hidrometereológico
-0.06350865558385643,0.8032009658271023,18577,GPD,tail,21.39793168391183,0.090625,Puntarenas_OTROS_Hidrometereológico
-0.06350865558385643,0.8032009658271023,18578,GPD,tail,21.39793168391183,0.090625,Puntarenas_OTROS_Hidrometereológico
-0.06350865558385643,0.8032009658271023,18579,GPD,tail,21.39793168391183,0.090625,Puntarenas_OTROS_Hidrometereológico
-0.06350865558385643,0.8032009658271023,18580,GPD,tail,21.39793168391183,0.090625,Puntarenas_OTROS_Hidrometereológico
-0.06350865558385643,0.8032009658271023,18581,GPD,tail,21.39793168391183,0.090625,Puntarenas_OTROS_Hidrometereológico
-0.06350865558385643,0.8032009658271023,18582,GPD,tail,21.39793168391183,0.090625,Puntarenas_OTROS_Hidrometereológico
-0.06350865558385643,0.8032009658271023,18583,GPD,tail,21.39793168391183,0.090625,Puntarenas_OTROS_Hidrometereológico
-0.06350865558385643,0.8032009658271023,18584,GPD,tail,21.39793168391183,0.090625,Puntarenas_OTROS_Hidrometereológico
-0.06350865558385643,0.8032009658271023,18585,GPD,tail,21.39793168391183,0.090625,Puntarenas_OTROS_Hidrometereológico
-0.06350865558385643,0.8032009658271023,18586,GPD,tail,21.39793168391183,0.090625,Puntarenas_OTROS_Hidrometereológico
-0.06350865558385643,0.8032009658271023,18587,GPD,tail,21.39793168391183,0.090625,Puntarenas_OTROS_Hidrometereológico
-0.06350865558385643,0.8032009658271023,18588,GPD,tail,21.39793168391183,0.090625,Puntarenas_OTROS_Hidrometereológico
-0.06350865558385643,0.8032009658271023,18589,GPD,tail,21.39793168391183,0.090625,Puntarenas_OTROS_Hidrometereológico
-0.06350865558385643,0.8032009658271023,18590,GPD,tail,21.39793168391183,0.090625,Puntarenas_OTROS_Hidrometereológico
-0.06350865558385643,0.8032009658271023,18591,GPD,tail,21.39793168391183,0.090625,Puntarenas_OTROS_Hidrometereológico
-0.06350865558385643,0.8032009658271023,18592,GPD,tail,21.39793168391183,0.090625,Puntarenas_OTROS_Hidrometereológico
-0.06350865558385643,0.8032009658271023,18593,GPD,tail,21.39793168391183,0.090625,Puntarenas_OTROS_Hidrometereológico
-0.06350865558385643,0.8032009658271023,18594,GPD,tail,21.39793168391183,0.090625,Puntarenas_OTROS_Hidrometereológico
-0.06350865558385643,0.8032009658271023,18595,GPD,tail,21.39793168391183,0.090625,Puntarenas_OTROS_Hidrometereológico
-0.06350865558385643,0.8032009658271023,18596,GPD,tail,21.39793168391183,0.090625,Puntarenas_OTROS_Hidrometereológico
-0.06350865558385643,0.8032009658271023,18597,GPD,tail,21.39793168391183,0.090625,Puntarenas_OTROS_Hidrometereológico
-0.06350865558385643,0.8032009658271023,18598,GPD,tail,21.39793168391183,0.090625,Puntarenas_OTROS_Hidrometereológico
-0.06350865558385643,0.8032009658271023,18599,GPD,tail,21.39793168391183,0.090625,Puntarenas_OTROS_Hidrometereológico
-0.06350865558385643,0.8032009658271023,18600,GPD,tail,21.39793168391183,0.090625,Puntarenas_OTROS_Hidrometereológico
-0.06350865558385643,0.8032009658271023,18601,GPD,tail,21.39793168391183,0.090625,Puntarenas_OTROS_Hidrometereológico
-0.06350865558385643,0.8032009658271023,18602,GPD,tail,21.39793168391183,0.090625,Puntarenas_OTROS_Hidrometereológico
-0.06350865558385643,0.8032009658271023,18603,GPD,tail,21.39793168391183,0.090625,Puntarenas_OTROS_Hidrometereológico
-0.06350865558385643,0.8032009658271023,18604,GPD,tail,21.39793168391183,0.090625,Puntarenas_OTROS_Hidrometereológico
-0.06350865558385643,0.8032009658271023,18605,GPD,tail,21.39793168391183,0.090625,Puntarenas_OTROS_Hidrometereológico
-0.06350865558385643,0.8032009658271023,18606,GPD,tail,21.39793168391183,0.090625,Puntarenas_OTROS_Hidrometereológico
-0.06350865558385643,0.8032009658271023,18607,GPD,tail,21.39793168391183,0.090625,Puntarenas_OTROS_Hidrometereológico
-0.06350865558385643,0.8032009658271023,18608,GPD,tail,21.39793168391183,0.090625,Puntarenas_OTROS_Hidrometereológico
-0.06350865558385643,0.8032009658271023,18609,GPD,tail,21.39793168391183,0.090625,Puntarenas_OTROS_Hidrometereológico
-0.06350865558385643,0.8032009658271023,18610,GPD,tail,21.39793168391183,0.090625,Puntarenas_OTROS_Hidrometereológico
-0.06350865558385643,0.8032009658271023,18611,GPD,tail,21.39793168391183,0.090625,Puntarenas_OTROS_Hidrometereológico
-0.06350865558385643,0.8032009658271023,18612,GPD,tail,21.39793168391183,0.090625,Puntarenas_OTROS_Hidrometereológico
-0.06350865558385643,0.8032009658271023,18613,GPD,tail,21.39793168391183,0.090625,Puntarenas_OTROS_Hidrometereológico
-0.06350865558385643,0.8032009658271023,18614,GPD,tail,21.39793168391183,0.090625,Puntarenas_OTROS_Hidrometereológico
-0.06350865558385643,0.8032009658271023,18615,GPD,tail,21.39793168391183,0.090625,Puntarenas_OTROS_Hidrometereológico
-0.06350865558385643,0.8032009658271023,18616,GPD,tail,21.39793168391183,0.090625,Puntarenas_OTROS_Hidrometereológico
-0.06350865558385643,0.8032009658271023,18617,GPD,tail,21.39793168391183,0.090625,Puntarenas_OTROS_Hidrometereológico
-0.06350865558385643,0.8032009658271023,18618,GPD,tail,21.39793168391183,0.090625,Puntarenas_OTROS_Hidrometereológico
-0.06350865558385643,0.8032009658271023,18619,GPD,tail,21.39793168391183,0.090625,Puntarenas_OTROS_Hidrometereológico
-0.06350865558385643,0.8032009658271023,18620,GPD,tail,21.39793168391183,0.090625,Puntarenas_OTROS_Hidrometereológico
-0.06350865558385643,0.8032009658271023,18621,GPD,tail,21.39793168391183,0.090625,Puntarenas_OTROS_Hidrometereológico
-0.06350865558385643,0.8032009658271023,18622,GPD,tail,21.39793168391183,0.090625,Puntarenas_OTROS_Hidrometereológico
-0.06350865558385643,0.8032009658271023,18623,GPD,tail,21.39793168391183,0.090625,Puntarenas_OTROS_Hidrometereológico
-0.06350865558385643,0.8032009658271023,18624,GPD,tail,21.39793168391183,0.090625,Puntarenas_OTROS_Hidrometereológico
-0.06350865558385643,0.8032009658271023,18625,GPD,tail,21.39793168391183,0.090625,Puntarenas_OTROS_Hidrometereológico
-0.06350865558385643,0.8032009658271023,18626,GPD,tail,21.39793168391183,0.090625,Puntarenas_OTROS_Hidrometereológico
-0.06350865558385643,0.8032009658271023,18627,GPD,tail,21.39793168391183,0.090625,Puntarenas_OTROS_Hidrometereológico
-0.06350865558385643,0.8032009658271023,18628,GPD,tail,21.39793168391183,0.090625,Puntarenas_OTROS_Hidrometereológico
-0.06350865558385643,0.8032009658271023,18629,GPD,tail,21.39793168391183,0.090625,Puntarenas_OTROS_Hidrometereológico
-0.06350865558385643,0.8032009658271023,18630,GPD,tail,21.39793168391183,0.090625,Puntarenas_OTROS_Hidrometereológico
-0.06350865558385643,0.8032009658271023,18631,GPD,tail,21.39793168391183,0.090625,Puntarenas_OTROS_Hidrometereológico
-0.06350865558385643,0.8032009658271023,18632,GPD,tail,21.39793168391183,0.090625,Puntarenas_OTROS_Hidrometereológico
-0.06350865558385643,0.8032009658271023,18633,GPD,tail,21.39793168391183,0.090625,Puntarenas_OTROS_Hidrometereológico
-0.06350865558385643,0.8032009658271023,18634,GPD,tail,21.39793168391183,0.090625,Puntarenas_OTROS_Hidrometereológico
-0.06350865558385643,0.8032009658271023,18635,GPD,tail,21.39793168391183,0.090625,Puntarenas_OTROS_Hidrometereológico
-0.06350865558385643,0.8032009658271023,18636,GPD,tail,21.39793168391183,0.090625,Puntarenas_OTROS_Hidrometereológico
-0.06350865558385643,0.8032009658271023,18637,GPD,tail,21.39793168391183,0.090625,Puntarenas_OTROS_Hidrometereológico
-0.06350865558385643,0.8032009658271023,18638,GPD,tail,21.39793168391183,0.090625,Puntarenas_OTROS_Hidrometereológico
-0.06350865558385643,0.8032009658271023,18639,GPD,tail,21.39793168391183,0.090625,Puntarenas_OTROS_Hidrometereológico
-0.06350865558385643,0.8032009658271023,18640,GPD,tail,21.39793168391183,0.090625,Puntarenas_OTROS_Hidrometereológico
0.01687302621985738,0.7281685863022686,18641,GPD,tail,21.39793168391183,0.090625,Puntarenas_OTROS_Hidrometereológico
0.01687302621985738,0.7281685863022686,18642,GPD,tail,21.39793168391183,0.090625,Puntarenas_OTROS_Hidrometereológico
0.01687302621985738,0.7281685863022686,18643,GPD,tail,21.39793168391183,0.090625,Puntarenas_OTROS_Hidrometereológico
0.01687302621985738,0.7281685863022686,18644,GPD,tail,21.39793168391183,0.090625,Puntarenas_OTROS_Hidrometereológico
0.01687302621985738,0.7281685863022686,18645,GPD,tail,21.39793168391183,0.090625,Puntarenas_OTROS_Hidrometereológico
0.01687302621985738,0.7281685863022686,18646,GPD,tail,21.39793168391183,0.090625,Puntarenas_OTROS_Hidrometereológico
-0.07749919836085632,0.9694086794817086,18647,GPD,tail,21.39793168391183,0.090625,Puntarenas_OTROS_Hidrometereológico
-0.07749919836085632,0.9694086794817086,18648,GPD,tail,21.39793168391183,0.090625,Puntarenas_OTROS_Hidrometereológico
-0.07749919836085632,0.9694086794817086,18649,GPD,tail,21.39793168391183,0.090625,Puntarenas_OTROS_Hidrometereológico
-0.07749919836085632,0.9694086794817086,18650,GPD,tail,21.39793168391183,0.090625,Puntarenas_OTROS_Hidrometereológico
-0.07749919836085632,0.9694086794817086,18651,GPD,tail,21.39793168391183,0.090625,Puntarenas_OTROS_Hidrometereológico
-0.07749919836085632,0.9694086794817086,18652,GPD,tail,21.39793168391183,0.090625,Puntarenas_OTROS_Hidrometereológico
-0.07749919836085632,0.9694086794817086,18653,GPD,tail,21.39793168391183,0.090625,Puntarenas_OTROS_Hidrometereológico
-0.07749919836085632,0.9694086794817086,18654,GPD,tail,21.39793168391183,0.090625,Puntarenas_OTROS_Hidrometereológico
-0.07749919836085632,0.9694086794817086,18655,GPD,tail,21.39793168391183,0.090625,Puntarenas_OTROS_Hidrometereológico
-0.09664834071256756,0.814943314299975,18656,GPD,tail,21.39793168391183,0.090625,Puntarenas_OTROS_Hidrometereológico
-0.09664834071256756,0.814943314299975,18657,GPD,tail,21.39793168391183,0.090625,Puntarenas_OTROS_Hidrometereológico
-0.09664834071256756,0.814943314299975,18658,GPD,tail,21.39793168391183,0.090625,Puntarenas_OTROS_Hidrometereológico
-0.09664834071256756,0.814943314299975,18659,GPD,tail,21.39793168391183,0.090625,Puntarenas_OTROS_Hidrometereológico
-0.13036628532324834,0.915734530344288,18660,GPD,tail,21.39793168391183,0.090625,Puntarenas_OTROS_Hidrometereológico
-0.13036628532324834,0.915734530344288,18661,GPD,tail,21.39793168391183,0.090625,Puntarenas_OTROS_Hidrometereológico
-0.13036628532324834,0.915734530344288,18662,GPD,tail,21.39793168391183,0.090625,Puntarenas_OTROS_Hidrometereológico
-0.13036628532324834,0.915734530344288,18663,GPD,tail,21.39793168391183,0.090625,Puntarenas_OTROS_Hidrometereológico
-0.13036628532324834,0.915734530344288,18664,GPD,tail,21.39793168391183,0.090625,Puntarenas_OTROS_Hidrometereológico
-0.13036628532324834,0.915734530344288,18665,GPD,tail,21.39793168391183,0.090625,Puntarenas_OTROS_Hidrometereológico
-0.13036628532324834,0.915734530344288,18666,GPD,tail,21.39793168391183,0.090625,Puntarenas_OTROS_Hidrometereológico
-0.13036628532324834,0.915734530344288,18667,GPD,tail,21.39793168391183,0.090625,Puntarenas_OTROS_Hidrometereológico
-0.13036628532324834,0.915734530344288,18668,GPD,tail,21.39793168391183,0.090625,Puntarenas_OTROS_Hidrometereológico
-0.13036628532324834,0.915734530344288,18669,GPD,tail,21.39793168391183,0.090625,Puntarenas_OTROS_Hidrometereológico
-0.13036628532324834,0.915734530344288,18670,GPD,tail,21.39793168391183,0.090625,Puntarenas_OTROS_Hidrometereológico
-0.13036628532324834,0.915734530344288,18671,GPD,tail,21.39793168391183,0.090625,Puntarenas_OTROS_Hidrometereológico
-0.13036628532324834,0.915734530344288,18672,GPD,tail,21.39793168391183,0.090625,Puntarenas_OTROS_Hidrometereológico
-0.13036628532324834,0.915734530344288,18673,GPD,tail,21.39793168391183,0.090625,Puntarenas_OTROS_Hidrometereológico
-0.13036628532324834,0.915734530344288,18674,GPD,tail,21.39793168391183,0.090625,Puntarenas_OTROS_Hidrometereológico
-0.13036628532324834,0.915734530344288,18675,GPD,tail,21.39793168391183,0.090625,Puntarenas_OTROS_Hidrometereológico
-0.13036628532324834,0.915734530344288,18676,GPD,tail,21.39793168391183,0.090625,Puntarenas_OTROS_Hidrometereológico
-0.13036628532324834,0.915734530344288,18677,GPD,tail,21.39793168391183,0.090625,Puntarenas_OTROS_Hidrometereológico
-0.13036628532324834,0.915734530344288,18678,GPD,tail,21.39793168391183,0.090625,Puntarenas_OTROS_Hidrometereológico
-0.13036628532324834,0.915734530344288,18679,GPD,tail,21.39793168391183,0.090625,Puntarenas_OTROS_Hidrometereológico
-0.13036628532324834,0.915734530344288,18680,GPD,tail,21.39793168391183,0.090625,Puntarenas_OTROS_Hidrometereológico
-0.13036628532324834,0.915734530344288,18681,GPD,tail,21.39793168391183,0.090625,Puntarenas_OTROS_Hidrometereológico
-0.13036628532324834,0.915734530344288,18682,GPD,tail,21.39793168391183,0.090625,Puntarenas_OTROS_Hidrometereológico
-0.13036628532324834,0.915734530344288,18683,GPD,tail,21.39793168391183,0.090625,Puntarenas_OTROS_Hidrometereológico
-0.13036628532324834,0.915734530344288,18684,GPD,tail,21.39793168391183,0.090625,Puntarenas_OTROS_Hidrometereológico
-0.13036628532324834,0.915734530344288,18685,GPD,tail,21.39793168391183,0.090625,Puntarenas_OTROS_Hidrometereológico
-0.06393630437119131,0.8367255214219994,18686,GPD,tail,21.39793168391183,0.090625,Puntarenas_OTROS_Hidrometereológico
-0.06393630437119131,0.8367255214219994,18687,GPD,tail,21.39793168391183,0.090625,Puntarenas_OTROS_Hidrometereológico
-0.06393630437119131,0.8367255214219994,18688,GPD,tail,21.39793168391183,0.090625,Puntarenas_OTROS_Hidrometereológico
-0.06393630437119131,0.8367255214219994,18689,GPD,tail,21.39793168391183,0.090625,Puntarenas_OTROS_Hidrometereológico
-0.06393630437119131,0.8367255214219994,18690,GPD,tail,21.39793168391183,0.090625,Puntarenas_OTROS_Hidrometereológico
-0.06393630437119131,0.8367255214219994,18691,GPD,tail,21.39793168391183,0.090625,Puntarenas_OTROS_Hidrometereológico
-0.06393630437119131,0.8367255214219994,18692,GPD,tail,21.39793168391183,0.090625,Puntarenas_OTROS_Hidrometereológico
-0.06393630437119131,0.8367255214219994,18693,GPD,tail,21.39793168391183,0.090625,Puntarenas_OTROS_Hidrometereológico
-0.11167616565534101,0.8974996590361511,18694,GPD,tail,21.39793168391183,0.090625,Puntarenas_OTROS_Hidrometereológico
-0.11167616565534101,0.8974996590361511,18695,GPD,tail,21.39793168391183,0.090625,Puntarenas_OTROS_Hidrometereológico
-0.11167616565534101,0.8974996590361511,18696,GPD,tail,21.39793168391183,0.090625,Puntarenas_OTROS_Hidrometereológico
-0.09911859316397417,0.8782388624996629,18697,GPD,tail,21.39793168391183,0.090625,Puntarenas_OTROS_Hidrometereológico
-0.09911859316397417,0.8782388624996629,18698,GPD,tail,21.39793168391183,0.090625,Puntarenas_OTROS_Hidrometereológico
-0.09911859316397417,0.8782388624996629,18699,GPD,tail,21.39793168391183,0.090625,Puntarenas_OTROS_Hidrometereológico
-0.09911859316397417,0.8782388624996629,18700,GPD,tail,21.39793168391183,0.090625,Puntarenas_OTROS_Hidrometereológico
-0.09911859316397417,0.8782388624996629,18701,GPD,tail,21.39793168391183,0.090625,Puntarenas_OTROS_Hidrometereológico
-0.09911859316397417,0.8782388624996629,18702,GPD,tail,21.39793168391183,0.090625,Puntarenas_OTROS_Hidrometereológico
-0.09911859316397417,0.8782388624996629,18703,GPD,tail,21.39793168391183,0.090625,Puntarenas_OTROS_Hidrometereológico
-0.1321165815547049,0.9427636917981703,18704,GPD,tail,21.39793168391183,0.090625,Puntarenas_OTROS_Hidrometereológico
-0.1321165815547049,0.9427636917981703,18705,GPD,tail,21.39793168391183,0.090625,Puntarenas_OTROS_Hidrometereológico
-0.18974236991915153,0.9875866598891467,18706,GPD,tail,21.39793168391183,0.090625,Puntarenas_OTROS_Hidrometereológico
-0.18974236991915153,0.9875866598891467,18707,GPD,tail,21.39793168391183,0.090625,Puntarenas_OTROS_Hidrometereológico
-0.18974236991915153,0.9875866598891467,18708,GPD,tail,21.39793168391183,0.090625,Puntarenas_OTROS_Hidrometereológico
-0.18974236991915153,0.9875866598891467,18709,GPD,tail,21.39793168391183,0.090625,Puntarenas_OTROS_Hidrometereológico
-0.18974236991915153,0.9875866598891467,18710,GPD,tail,21.39793168391183,0.090625,Puntarenas_OTROS_Hidrometereológico
-0.18974236991915153,0.9875866598891467,18711,GPD,tail,21.39793168391183,0.090625,Puntarenas_OTROS_Hidrometereológico
-0.18974236991915153,0.9875866598891467,18712,GPD,tail,21.39793168391183,0.090625,Puntarenas_OTROS_Hidrometereológico
-0.18974236991915153,0.9875866598891467,18713,GPD,tail,21.39793168391183,0.090625,Puntarenas_OTROS_Hidrometereológico
-0.18974236991915153,0.9875866598891467,18714,GPD,tail,21.39793168391183,0.090625,Puntarenas_OTROS_Hidrometereológico
-0.18974236991915153,0.9875866598891467,18715,GPD,tail,21.39793168391183,0.090625,Puntarenas_OTROS_Hidrometereológico
-0.18974236991915153,0.9875866598891467,18716,GPD,tail,21.39793168391183,0.090625,Puntarenas_OTROS_Hidrometereológico
-0.18974236991915153,0.9875866598891467,18717,GPD,tail,21.39793168391183,0.090625,Puntarenas_OTROS_Hidrometereológico
-0.18974236991915153,0.9875866598891467,18718,GPD,tail,21.39793168391183,0.090625,Puntarenas_OTROS_Hidrometereológico
-0.18974236991915153,0.9875866598891467,18719,GPD,tail,21.39793168391183,0.090625,Puntarenas_OTROS_Hidrometereológico
-0.18974236991915153,0.9875866598891467,18720,GPD,tail,21.39793168391183,0.090625,Puntarenas_OTROS_Hidrometereológico
-0.18974236991915153,0.9875866598891467,18721,GPD,tail,21.39793168391183,0.090625,Puntarenas_OTROS_Hidrometereológico
-0.18974236991915153,0.9875866598891467,18722,GPD,tail,21.39793168391183,0.090625,Puntarenas_OTROS_Hidrometereológico
-0.18974236991915153,0.9875866598891467,18723,GPD,tail,21.39793168391183,0.090625,Puntarenas_OTROS_Hidrometereológico
-0.18974236991915153,0.9875866598891467,18724,GPD,tail,21.39793168391183,0.090625,Puntarenas_OTROS_Hidrometereológico
-0.18974236991915153,0.9875866598891467,18725,GPD,tail,21.39793168391183,0.090625,Puntarenas_OTROS_Hidrometereológico
-0.18974236991915153,0.9875866598891467,18726,GPD,tail,21.39793168391183,0.090625,Puntarenas_OTROS_Hidrometereológico
-0.18974236991915153,0.9875866598891467,18727,GPD,tail,21.39793168391183,0.090625,Puntarenas_OTROS_Hidrometereológico
-0.18974236991915153,0.9875866598891467,18728,GPD,tail,21.39793168391183,0.090625,Puntarenas_OTROS_Hidrometereológico
-0.18974236991915153,0.9875866598891467,18729,GPD,tail,21.39793168391183,0.090625,Puntarenas_OTROS_Hidrometereológico
-0.18974236991915153,0.9875866598891467,18730,GPD,tail,21.39793168391183,0.090625,Puntarenas_OTROS_Hidrometereológico
-0.18974236991915153,0.9875866598891467,18731,GPD,tail,21.39793168391183,0.090625,Puntarenas_OTROS_Hidrometereológico
-0.18974236991915153,0.9875866598891467,18732,GPD,tail,21.39793168391183,0.090625,Puntarenas_OTROS_Hidrometereológico
-0.18974236991915153,0.9875866598891467,18733,GPD,tail,21.39793168391183,0.090625,Puntarenas_OTROS_Hidrometereológico
-0.18974236991915153,0.9875866598891467,18734,GPD,tail,21.39793168391183,0.090625,Puntarenas_OTROS_Hidrometereológico
-0.18974236991915153,0.9875866598891467,18735,GPD,tail,21.39793168391183,0.090625,Puntarenas_OTROS_Hidrometereológico
-0.18974236991915153,0.9875866598891467,18736,GPD,tail,21.39793168391183,0.090625,Puntarenas_OTROS_Hidrometereológico
-0.18974236991915153,0.9875866598891467,18737,GPD,tail,21.39793168391183,0.090625,Puntarenas_OTROS_Hidrometereológico
-0.18974236991915153,0.9875866598891467,18738,GPD,tail,21.39793168391183,0.090625,Puntarenas_OTROS_Hidrometereológico
-0.18974236991915153,0.9875866598891467,18739,GPD,tail,21.39793168391183,0.090625,Puntarenas_OTROS_Hidrometereológico
-0.18974236991915153,0.9875866598891467,18740,GPD,tail,21.39793168391183,0.090625,Puntarenas_OTROS_Hidrometereológico
-0.18974236991915153,0.9875866598891467,18741,GPD,tail,21.39793168391183,0.090625,Puntarenas_OTROS_Hidrometereológico
-0.18974236991915153,0.9875866598891467,18742,GPD,tail,21.39793168391183,0.090625,Puntarenas_OTROS_Hidrometereológico
-0.18974236991915153,0.9875866598891467,18743,GPD,tail,21.39793168391183,0.090625,Puntarenas_OTROS_Hidrometereológico
-0.18974236991915153,0.9875866598891467,18744,GPD,tail,21.39793168391183,0.090625,Puntarenas_OTROS_Hidrometereológico
-0.18974236991915153,0.9875866598891467,18745,GPD,tail,21.39793168391183,0.090625,Puntarenas_OTROS_Hidrometereológico
-0.18974236991915153,0.9875866598891467,18746,GPD,tail,21.39793168391183,0.090625,Puntarenas_OTROS_Hidrometereológico
-0.18974236991915153,0.9875866598891467,18747,GPD,tail,21.39793168391183,0.090625,Puntarenas_OTROS_Hidrometereológico
-0.18974236991915153,0.9875866598891467,18748,GPD,tail,21.39793168391183,0.090625,Puntarenas_OTROS_Hidrometereológico
-0.18974236991915153,0.9875866598891467,18749,GPD,tail,21.39793168391183,0.090625,Puntarenas_OTROS_Hidrometereológico
-0.18974236991915153,0.9875866598891467,18750,GPD,tail,21.39793168391183,0.090625,Puntarenas_OTROS_Hidrometereológico
-0.18974236991915153,0.9875866598891467,18751,GPD,tail,21.39793168391183,0.090625,Puntarenas_OTROS_Hidrometereológico
-0.18974236991915153,0.9875866598891467,18752,GPD,tail,21.39793168391183,0.090625,Puntarenas_OTROS_Hidrometereológico
-0.18974236991915153,0.9875866598891467,18753,GPD,tail,21.39793168391183,0.090625,Puntarenas_OTROS_Hidrometereológico
-0.18974236991915153,0.9875866598891467,18754,GPD,tail,21.39793168391183,0.090625,Puntarenas_OTROS_Hidrometereológico
-0.18974236991915153,0.9875866598891467,18755,GPD,tail,21.39793168391183,0.090625,Puntarenas_OTROS_Hidrometereológico
-0.16796356186429534,0.9627393833484139,18756,GPD,tail,21.39793168391183,0.090625,Puntarenas_OTROS_Hidrometereológico
-0.16796356186429534,0.9627393833484139,18757,GPD,tail,21.39793168391183,0.090625,Puntarenas_OTROS_Hidrometereológico
-0.16796356186429534,0.9627393833484139,18758,GPD,tail,21.39793168391183,0.090625,Puntarenas_OTROS_Hidrometereológico
-0.16796356186429534,0.9627393833484139,18759,GPD,tail,21.39793168391183,0.090625,Puntarenas_OTROS_Hidrometereológico
-0.16796356186429534,0.9627393833484139,18760,GPD,tail,21.39793168391183,0.090625,Puntarenas_OTROS_Hidrometereológico
-0.16796356186429534,0.9627393833484139,18761,GPD,tail,21.39793168391183,0.090625,Puntarenas_OTROS_Hidrometereológico
-0.16796356186429534,0.9627393833484139,18762,GPD,tail,21.39793168391183,0.090625,Puntarenas_OTROS_Hidrometereológico
-0.16796356186429534,0.9627393833484139,18763,GPD,tail,21.39793168391183,0.090625,Puntarenas_OTROS_Hidrometereológico
-0.16796356186429534,0.9627393833484139,18764,GPD,tail,21.39793168391183,0.090625,Puntarenas_OTROS_Hidrometereológico
-0.16796356186429534,0.9627393833484139,18765,GPD,tail,21.39793168391183,0.090625,Puntarenas_OTROS_Hidrometereológico
-0.16796356186429534,0.9627393833484139,18766,GPD,tail,21.39793168391183,0.090625,Puntarenas_OTROS_Hidrometereológico
-0.16796356186429534,0.9627393833484139,18767,GPD,tail,21.39793168391183,0.090625,Puntarenas_OTROS_Hidrometereológico
-0.16796356186429534,0.9627393833484139,18768,GPD,tail,21.39793168391183,0.090625,Puntarenas_OTROS_Hidrometereológico
-0.16796356186429534,0.9627393833484139,18769,GPD,tail,21.39793168391183,0.090625,Puntarenas_OTROS_Hidrometereológico
-0.16796356186429534,0.9627393833484139,18770,GPD,tail,21.39793168391183,0.090625,Puntarenas_OTROS_Hidrometereológico
-0.16796356186429534,0.9627393833484139,18771,GPD,tail,21.39793168391183,0.090625,Puntarenas_OTROS_Hidrometereológico
-0.16796356186429534,0.9627393833484139,18772,GPD,tail,21.39793168391183,0.090625,Puntarenas_OTROS_Hidrometereológico
-0.16796356186429534,0.9627393833484139,18773,GPD,tail,21.39793168391183,0.090625,Puntarenas_OTROS_Hidrometereológico
-0.07278186253463827,0.8068230635996227,18774,GPD,tail,21.39793168391183,0.090625,Puntarenas_OTROS_Hidrometereológico
-0.07278186253463827,0.8068230635996227,18775,GPD,tail,21.39793168391183,0.090625,Puntarenas_OTROS_Hidrometereológico
-0.07278186253463827,0.8068230635996227,18776,GPD,tail,21.39793168391183,0.090625,Puntarenas_OTROS_Hidrometereológico
-0.07278186253463827,0.8068230635996227,18777,GPD,tail,21.39793168391183,0.090625,Puntarenas_OTROS_Hidrometereológico
-0.07278186253463827,0.8068230635996227,18778,GPD,tail,21.39793168391183,0.090625,Puntarenas_OTROS_Hidrometereológico
-0.07278186253463827,0.8068230635996227,18779,GPD,tail,21.39793168391183,0.090625,Puntarenas_OTROS_Hidrometereológico
-0.07278186253463827,0.8068230635996227,18780,GPD,tail,21.39793168391183,0.090625,Puntarenas_OTROS_Hidrometereológico
-0.07278186253463827,0.8068230635996227,18781,GPD,tail,21.39793168391183,0.090625,Puntarenas_OTROS_Hidrometereológico
-0.07278186253463827,0.8068230635996227,18782,GPD,tail,21.39793168391183,0.090625,Puntarenas_OTROS_Hidrometereológico
-0.07278186253463827,0.8068230635996227,18783,GPD,tail,21.39793168391183,0.090625,Puntarenas_OTROS_Hidrometereológico
-0.07278186253463827,0.8068230635996227,18784,GPD,tail,21.39793168391183,0.090625,Puntarenas_OTROS_Hidrometereológico
-0.07278186253463827,0.8068230635996227,18785,GPD,tail,21.39793168391183,0.090625,Puntarenas_OTROS_Hidrometereológico
-0.07278186253463827,0.8068230635996227,18786,GPD,tail,21.39793168391183,0.090625,Puntarenas_OTROS_Hidrometereológico
-0.07278186253463827,0.8068230635996227,18787,GPD,tail,21.39793168391183,0.090625,Puntarenas_OTROS_Hidrometereológico
-0.07278186253463827,0.8068230635996227,18788,GPD,tail,21.39793168391183,0.090625,Puntarenas_OTROS_Hidrometereológico
-0.07278186253463827,0.8068230635996227,18789,GPD,tail,21.39793168391183,0.090625,Puntarenas_OTROS_Hidrometereológico
-0.07278186253463827,0.8068230635996227,18790,GPD,tail,21.39793168391183,0.090625,Puntarenas_OTROS_Hidrometereológico
-0.07278186253463827,0.8068230635996227,18791,GPD,tail,21.39793168391183,0.090625,Puntarenas_OTROS_Hidrometereológico
-0.07278186253463827,0.8068230635996227,18792,GPD,tail,21.39793168391183,0.090625,Puntarenas_OTROS_Hidrometereológico
-0.07278186253463827,0.8068230635996227,18793,GPD,tail,21.39793168391183,0.090625,Puntarenas_OTROS_Hidrometereológico
-0.07278186253463827,0.8068230635996227,18794,GPD,tail,21.39793168391183,0.090625,Puntarenas_OTROS_Hidrometereológico
-0.07278186253463827,0.8068230635996227,18795,GPD,tail,21.39793168391183,0.090625,Puntarenas_OTROS_Hidrometereológico
-0.07278186253463827,0.8068230635996227,18796,GPD,tail,21.39793168391183,0.090625,Puntarenas_OTROS_Hidrometereológico
-0.07278186253463827,0.8068230635996227,18797,GPD,tail,21.39793168391183,0.090625,Puntarenas_OTROS_Hidrometereológico
-0.07278186253463827,0.8068230635996227,18798,GPD,tail,21.39793168391183,0.090625,Puntarenas_OTROS_Hidrometereológico
0.056949465578960703,0.7455728080708862,18799,GPD,tail,21.39793168391183,0.090625,Puntarenas_OTROS_Hidrometereológico
0.056949465578960703,0.7455728080708862,18800,GPD,tail,21.39793168391183,0.090625,Puntarenas_OTROS_Hidrometereológico
0.056949465578960703,0.7455728080708862,18801,GPD,tail,21.39793168391183,0.090625,Puntarenas_OTROS_Hidrometereológico
0.056949465578960703,0.7455728080708862,18802,GPD,tail,21.39793168391183,0.090625,Puntarenas_OTROS_Hidrometereológico
0.10308922032956863,0.7823926071270062,18803,GPD,tail,21.39793168391183,0.090625,Puntarenas_OTROS_Hidrometereológico
0.10308922032956863,0.7823926071270062,18804,GPD,tail,21.39793168391183,0.090625,Puntarenas_OTROS_Hidrometereológico
0.10308922032956863,0.7823926071270062,18805,GPD,tail,21.39793168391183,0.090625,Puntarenas_OTROS_Hidrometereológico
0.0686490103083611,0.9024028244436126,18806,GPD,tail,21.39793168391183,0.090625,Puntarenas_OTROS_Hidrometereológico
0.0686490103083611,0.9024028244436126,18807,GPD,tail,21.39793168391183,0.090625,Puntarenas_OTROS_Hidrometereológico
0.0686490103083611,0.9024028244436126,18808,GPD,tail,21.39793168391183,0.090625,Puntarenas_OTROS_Hidrometereológico
0.0686490103083611,0.9024028244436126,18809,GPD,tail,21.39793168391183,0.090625,Puntarenas_OTROS_Hidrometereológico
0.0686490103083611,0.9024028244436126,18810,GPD,tail,21.39793168391183,0.090625,Puntarenas_OTROS_Hidrometereológico
0.0686490103083611,0.9024028244436126,18811,GPD,tail,21.39793168391183,0.090625,Puntarenas_OTROS_Hidrometereológico
0.08771190805366365,0.7752109207454777,18812,GPD,tail,21.39793168391183,0.090625,Puntarenas_OTROS_Hidrometereológico
0.08771190805366365,0.7752109207454777,18813,GPD,tail,21.39793168391183,0.090625,Puntarenas_OTROS_Hidrometereológico
0.08771190805366365,0.7752109207454777,18814,GPD,tail,21.39793168391183,0.090625,Puntarenas_OTROS_Hidrometereológico
0.18404731535257726,0.7733220192045754,18815,GPD,tail,21.39793168391183,0.090625,Puntarenas_OTROS_Hidrometereológico
0.18404731535257726,0.7733220192045754,18816,GPD,tail,21.39793168391183,0.090625,Puntarenas_OTROS_Hidrometereológico
0.18404731535257726,0.7733220192045754,18817,GPD,tail,21.39793168391183,0.090625,Puntarenas_OTROS_Hidrometereológico
0.18404731535257726,0.7733220192045754,18818,GPD,tail,21.39793168391183,0.090625,Puntarenas_OTROS_Hidrometereológico
-0.08150190644812308,0.8039444428429767,18819,GPD,tail,21.39793168391183,0.090625,Puntarenas_OTROS_Hidrometereológico
-0.08150190644812308,0.8039444428429767,18820,GPD,tail,21.39793168391183,0.090625,Puntarenas_OTROS_Hidrometereológico
-0.08150190644812308,0.8039444428429767,18821,GPD,tail,21.39793168391183,0.090625,Puntarenas_OTROS_Hidrometereológico
-0.08150190644812308,0.8039444428429767,18822,GPD,tail,21.39793168391183,0.090625,Puntarenas_OTROS_Hidrometereológico
-0.08150190644812308,0.8039444428429767,18823,GPD,tail,21.39793168391183,0.090625,Puntarenas_OTROS_Hidrometereológico
-0.08150190644812308,0.8039444428429767,18824,GPD,tail,21.39793168391183,0.090625,Puntarenas_OTROS_Hidrometereológico
-0.08150190644812308,0.8039444428429767,18825,GPD,tail,21.39793168391183,0.090625,Puntarenas_OTROS_Hidrometereológico
-0.08150190644812308,0.8039444428429767,18826,GPD,tail,21.39793168391183,0.090625,Puntarenas_OTROS_Hidrometereológico
-0.08150190644812308,0.8039444428429767,18827,GPD,tail,21.39793168391183,0.090625,Puntarenas_OTROS_Hidrometereológico
-0.08150190644812308,0.8039444428429767,18828,GPD,tail,21.39793168391183,0.090625,Puntarenas_OTROS_Hidrometereológico
-0.08150190644812308,0.8039444428429767,18829,GPD,tail,21.39793168391183,0.090625,Puntarenas_OTROS_Hidrometereológico
-0.08150190644812308,0.8039444428429767,18830,GPD,tail,21.39793168391183,0.090625,Puntarenas_OTROS_Hidrometereológico
-0.08150190644812308,0.8039444428429767,18831,GPD,tail,21.39793168391183,0.090625,Puntarenas_OTROS_Hidrometereológico
-0.08150190644812308,0.8039444428429767,18832,GPD,tail,21.39793168391183,0.090625,Puntarenas_OTROS_Hidrometereológico
-0.08150190644812308,0.8039444428429767,18833,GPD,tail,21.39793168391183,0.090625,Puntarenas_OTROS_Hidrometereológico
-0.08150190644812308,0.8039444428429767,18834,GPD,tail,21.39793168391183,0.090625,Puntarenas_OTROS_Hidrometereológico
-0.08150190644812308,0.8039444428429767,18835,GPD,tail,21.39793168391183,0.090625,Puntarenas_OTROS_Hidrometereológico
-0.16341064838045627,0.9889173896405827,18836,GPD,tail,21.39793168391183,0.090625,Puntarenas_OTROS_Hidrometereológico
-0.16341064838045627,0.9889173896405827,18837,GPD,tail,21.39793168391183,0.090625,Puntarenas_OTROS_Hidrometereológico
-0.16341064838045627,0.9889173896405827,18838,GPD,tail,21.39793168391183,0.090625,Puntarenas_OTROS_Hidrometereológico
0.03742118037357414,0.791394939975401,18839,GPD,tail,21.39793168391183,0.090625,Puntarenas_OTROS_Hidrometereológico
0.03742118037357414,0.791394939975401,18840,GPD,tail,21.39793168391183,0.090625,Puntarenas_OTROS_Hidrometereológico
0.03742118037357414,0.791394939975401,18841,GPD,tail,21.39793168391183,0.090625,Puntarenas_OTROS_Hidrometereológico
0.03742118037357414,0.791394939975401,18842,GPD,tail,21.39793168391183,0.090625,Puntarenas_OTROS_Hidrometereológico
0.03742118037357414,0.791394939975401,18843,GPD,tail,21.39793168391183,0.090625,Puntarenas_OTROS_Hidrometereológico
0.03742118037357414,0.791394939975401,18844,GPD,tail,21.39793168391183,0.090625,Puntarenas_OTROS_Hidrometereológico
0.03742118037357414,0.791394939975401,18845,GPD,tail,21.39793168391183,0.090625,Puntarenas_OTROS_Hidrometereológico
0.12834377598684543,0.6989479788548633,18846,GPD,tail,21.39793168391183,0.090625,Puntarenas_OTROS_Hidrometereológico
0.12834377598684543,0.6989479788548633,18847,GPD,tail,21.39793168391183,0.090625,Puntarenas_OTROS_Hidrometereológico
0.12834377598684543,0.6989479788548633,18848,GPD,tail,21.39793168391183,0.090625,Puntarenas_OTROS_Hidrometereológico
0.12834377598684543,0.6989479788548633,18849,GPD,tail,21.39793168391183,0.090625,Puntarenas_OTROS_Hidrometereológico
0.12834377598684543,0.6989479788548633,18850,GPD,tail,21.39793168391183,0.090625,Puntarenas_OTROS_Hidrometereológico
0.12834377598684543,0.6989479788548633,18851,GPD,tail,21.39793168391183,0.090625,Puntarenas_OTROS_Hidrometereológico
0.12834377598684543,0.6989479788548633,18852,GPD,tail,21.39793168391183,0.090625,Puntarenas_OTROS_Hidrometereológico
0.12834377598684543,0.6989479788548633,18853,GPD,tail,21.39793168391183,0.090625,Puntarenas_OTROS_Hidrometereológico
0.12834377598684543,0.6989479788548633,18854,GPD,tail,21.39793168391183,0.090625,Puntarenas_OTROS_Hidrometereológico
0.12834377598684543,0.6989479788548633,18855,GPD,tail,21.39793168391183,0.090625,Puntarenas_OTROS_Hidrometereológico
0.12834377598684543,0.6989479788548633,18856,GPD,tail,21.39793168391183,0.090625,Puntarenas_OTROS_Hidrometereológico
0.12834377598684543,0.6989479788548633,18857,GPD,tail,21.39793168391183,0.090625,Puntarenas_OTROS_Hidrometereológico
0.12834377598684543,0.6989479788548633,18858,GPD,tail,21.39793168391183,0.090625,Puntarenas_OTROS_Hidrometereológico
0.12834377598684543,0.6989479788548633,18859,GPD,tail,21.39793168391183,0.090625,Puntarenas_OTROS_Hidrometereológico
0.12834377598684543,0.6989479788548633,18860,GPD,tail,21.39793168391183,0.090625,Puntarenas_OTROS_Hidrometereológico
0.12834377598684543,0.6989479788548633,18861,GPD,tail,21.39793168391183,0.090625,Puntarenas_OTROS_Hidrometereológico
0.12834377598684543,0.6989479788548633,18862,GPD,tail,21.39793168391183,0.090625,Puntarenas_OTROS_Hidrometereológico
0.12834377598684543,0.6989479788548633,18863,GPD,tail,21.39793168391183,0.090625,Puntarenas_OTROS_Hidrometereológico
0.12834377598684543,0.6989479788548633,18864,GPD,tail,21.39793168391183,0.090625,Puntarenas_OTROS_Hidrometereológico
0.09747116123226486,0.7480022079888814,18865,GPD,tail,21.39793168391183,0.090625,Puntarenas_OTROS_Hidrometereológico
0.09747116123226486,0.7480022079888814,18866,GPD,tail,21.39793168391183,0.090625,Puntarenas_OTROS_Hidrometereológico
0.09747116123226486,0.7480022079888814,18867,GPD,tail,21.39793168391183,0.090625,Puntarenas_OTROS_Hidrometereológico
0.09747116123226486,0.7480022079888814,18868,GPD,tail,21.39793168391183,0.090625,Puntarenas_OTROS_Hidrometereológico
0.09747116123226486,0.7480022079888814,18869,GPD,tail,21.39793168391183,0.090625,Puntarenas_OTROS_Hidrometereológico
0.09747116123226486,0.7480022079888814,18870,GPD,tail,21.39793168391183,0.090625,Puntarenas_OTROS_Hidrometereológico
0.09747116123226486,0.7480022079888814,18871,GPD,tail,21.39793168391183,0.090625,Puntarenas_OTROS_Hidrometereológico
0.09747116123226486,0.7480022079888814,18872,GPD,tail,21.39793168391183,0.090625,Puntarenas_OTROS_Hidrometereológico
0.09747116123226486,0.7480022079888814,18873,GPD,tail,21.39793168391183,0.090625,Puntarenas_OTROS_Hidrometereológico
0.09747116123226486,0.7480022079888814,18874,GPD,tail,21.39793168391183,0.090625,Puntarenas_OTROS_Hidrometereológico
0.09747116123226486,0.7480022079888814,18875,GPD,tail,21.39793168391183,0.090625,Puntarenas_OTROS_Hidrometereológico
0.023403749796069823,0.9166368463586745,18876,GPD,tail,21.39793168391183,0.090625,Puntarenas_OTROS_Hidrometereológico
0.023403749796069823,0.9166368463586745,18877,GPD,tail,21.39793168391183,0.090625,Puntarenas_OTROS_Hidrometereológico
0.023403749796069823,0.9166368463586745,18878,GPD,tail,21.39793168391183,0.090625,Puntarenas_OTROS_Hidrometereológico
0.023403749796069823,0.9166368463586745,18879,GPD,tail,21.39793168391183,0.090625,Puntarenas_OTROS_Hidrometereológico
0.023403749796069823,0.9166368463586745,18880,GPD,tail,21.39793168391183,0.090625,Puntarenas_OTROS_Hidrometereológico
0.023403749796069823,0.9166368463586745,18881,GPD,tail,21.39793168391183,0.090625,Puntarenas_OTROS_Hidrometereológico
0.023403749796069823,0.9166368463586745,18882,GPD,tail,21.39793168391183,0.090625,Puntarenas_OTROS_Hidrometereológico
0.023403749796069823,0.9166368463586745,18883,GPD,tail,21.39793168391183,0.090625,Puntarenas_OTROS_Hidrometereológico
0.023403749796069823,0.9166368463586745,18884,GPD,tail,21.39793168391183,0.090625,Puntarenas_OTROS_Hidrometereológico
-0.16876395247389575,0.9579023293030003,18885,GPD,tail,21.39793168391183,0.090625,Puntarenas_OTROS_Hidrometereológico
-0.16876395247389575,0.9579023293030003,18886,GPD,tail,21.39793168391183,0.090625,Puntarenas_OTROS_Hidrometereológico
-0.16876395247389575,0.9579023293030003,18887,GPD,tail,21.39793168391183,0.090625,Puntarenas_OTROS_Hidrometereológico
-0.16876395247389575,0.9579023293030003,18888,GPD,tail,21.39793168391183,0.090625,Puntarenas_OTROS_Hidrometereológico
-0.16876395247389575,0.9579023293030003,18889,GPD,tail,21.39793168391183,0.090625,Puntarenas_OTROS_Hidrometereológico
-0.16876395247389575,0.9579023293030003,18890,GPD,tail,21.39793168391183,0.090625,Puntarenas_OTROS_Hidrometereológico
-0.16876395247389575,0.9579023293030003,18891,GPD,tail,21.39793168391183,0.090625,Puntarenas_OTROS_Hidrometereológico
-0.16876395247389575,0.9579023293030003,18892,GPD,tail,21.39793168391183,0.090625,Puntarenas_OTROS_Hidrometereológico
-0.16876395247389575,0.9579023293030003,18893,GPD,tail,21.39793168391183,0.090625,Puntarenas_OTROS_Hidrometereológico
-0.16876395247389575,0.9579023293030003,18894,GPD,tail,21.39793168391183,0.090625,Puntarenas_OTROS_Hidrometereológico
-0.16876395247389575,0.9579023293030003,18895,GPD,tail,21.39793168391183,0.090625,Puntarenas_OTROS_Hidrometereológico
-0.16876395247389575,0.9579023293030003,18896,GPD,tail,21.39793168391183,0.090625,Puntarenas_OTROS_Hidrometereológico
-0.16876395247389575,0.9579023293030003,18897,GPD,tail,21.39793168391183,0.090625,Puntarenas_OTROS_Hidrometereológico
-0.16876395247389575,0.9579023293030003,18898,GPD,tail,21.39793168391183,0.090625,Puntarenas_OTROS_Hidrometereológico
-0.16876395247389575,0.9579023293030003,18899,GPD,tail,21.39793168391183,0.090625,Puntarenas_OTROS_Hidrometereológico
-0.16876395247389575,0.9579023293030003,18900,GPD,tail,21.39793168391183,0.090625,Puntarenas_OTROS_Hidrometereológico
-0.16876395247389575,0.9579023293030003,18901,GPD,tail,21.39793168391183,0.090625,Puntarenas_OTROS_Hidrometereológico
-0.16876395247389575,0.9579023293030003,18902,GPD,tail,21.39793168391183,0.090625,Puntarenas_OTROS_Hidrometereológico
-0.16876395247389575,0.9579023293030003,18903,GPD,tail,21.39793168391183,0.090625,Puntarenas_OTROS_Hidrometereológico
-0.16876395247389575,0.9579023293030003,18904,GPD,tail,21.39793168391183,0.090625,Puntarenas_OTROS_Hidrometereológico
-0.16876395247389575,0.9579023293030003,18905,GPD,tail,21.39793168391183,0.090625,Puntarenas_OTROS_Hidrometereológico
-0.16876395247389575,0.9579023293030003,18906,GPD,tail,21.39793168391183,0.090625,Puntarenas_OTROS_Hidrometereológico
-0.16876395247389575,0.9579023293030003,18907,GPD,tail,21.39793168391183,0.090625,Puntarenas_OTROS_Hidrometereológico
-0.16876395247389575,0.9579023293030003,18908,GPD,tail,21.39793168391183,0.090625,Puntarenas_OTROS_Hidrometereológico
-0.16876395247389575,0.9579023293030003,18909,GPD,tail,21.39793168391183,0.090625,Puntarenas_OTROS_Hidrometereológico
-0.16876395247389575,0.9579023293030003,18910,GPD,tail,21.39793168391183,0.090625,Puntarenas_OTROS_Hidrometereológico
-0.16876395247389575,0.9579023293030003,18911,GPD,tail,21.39793168391183,0.090625,Puntarenas_OTROS_Hidrometereológico
-0.16876395247389575,0.9579023293030003,18912,GPD,tail,21.39793168391183,0.090625,Puntarenas_OTROS_Hidrometereológico
-0.16876395247389575,0.9579023293030003,18913,GPD,tail,21.39793168391183,0.090625,Puntarenas_OTROS_Hidrometereológico
-0.16876395247389575,0.9579023293030003,18914,GPD,tail,21.39793168391183,0.090625,Puntarenas_OTROS_Hidrometereológico
-0.16876395247389575,0.9579023293030003,18915,GPD,tail,21.39793168391183,0.090625,Puntarenas_OTROS_Hidrometereológico
-0.16876395247389575,0.9579023293030003,18916,GPD,tail,21.39793168391183,0.090625,Puntarenas_OTROS_Hidrometereológico
-0.1502086589008482,1.026589766577654,18917,GPD,tail,21.39793168391183,0.090625,Puntarenas_OTROS_Hidrometereológico
-0.1502086589008482,1.026589766577654,18918,GPD,tail,21.39793168391183,0.090625,Puntarenas_OTROS_Hidrometereológico
-0.1502086589008482,1.026589766577654,18919,GPD,tail,21.39793168391183,0.090625,Puntarenas_OTROS_Hidrometereológico
-0.1502086589008482,1.026589766577654,18920,GPD,tail,21.39793168391183,0.090625,Puntarenas_OTROS_Hidrometereológico
-0.1502086589008482,1.026589766577654,18921,GPD,tail,21.39793168391183,0.090625,Puntarenas_OTROS_Hidrometereológico
-0.1502086589008482,1.026589766577654,18922,GPD,tail,21.39793168391183,0.090625,Puntarenas_OTROS_Hidrometereológico
-0.1502086589008482,1.026589766577654,18923,GPD,tail,21.39793168391183,0.090625,Puntarenas_OTROS_Hidrometereológico
-0.1502086589008482,1.026589766577654,18924,GPD,tail,21.39793168391183,0.090625,Puntarenas_OTROS_Hidrometereológico
-0.1502086589008482,1.026589766577654,18925,GPD,tail,21.39793168391183,0.090625,Puntarenas_OTROS_Hidrometereológico
-0.1502086589008482,1.026589766577654,18926,GPD,tail,21.39793168391183,0.090625,Puntarenas_OTROS_Hidrometereológico
-0.1502086589008482,1.026589766577654,18927,GPD,tail,21.39793168391183,0.090625,Puntarenas_OTROS_Hidrometereológico
-0.1502086589008482,1.026589766577654,18928,GPD,tail,21.39793168391183,0.090625,Puntarenas_OTROS_Hidrometereológico
-0.1502086589008482,1.026589766577654,18929,GPD,tail,21.39793168391183,0.090625,Puntarenas_OTROS_Hidrometereológico
-0.1502086589008482,1.026589766577654,18930,GPD,tail,21.39793168391183,0.090625,Puntarenas_OTROS_Hidrometereológico
-0.1502086589008482,1.026589766577654,18931,GPD,tail,21.39793168391183,0.090625,Puntarenas_OTROS_Hidrometereológico
-0.1502086589008482,1.026589766577654,18932,GPD,tail,21.39793168391183,0.090625,Puntarenas_OTROS_Hidrometereológico
-0.1502086589008482,1.026589766577654,18933,GPD,tail,21.39793168391183,0.090625,Puntarenas_OTROS_Hidrometereológico
-0.1502086589008482,1.026589766577654,18934,GPD,tail,21.39793168391183,0.090625,Puntarenas_OTROS_Hidrometereológico
-0.1502086589008482,1.026589766577654,18935,GPD,tail,21.39793168391183,0.090625,Puntarenas_OTROS_Hidrometereológico
-0.1502086589008482,1.026589766577654,18936,GPD,tail,21.39793168391183,0.090625,Puntarenas_OTROS_Hidrometereológico
-0.1703676866659396,0.912729466920904,18937,GPD,tail,21.39793168391183,0.090625,Puntarenas_OTROS_Hidrometereológico
-0.1703676866659396,0.912729466920904,18938,GPD,tail,21.39793168391183,0.090625,Puntarenas_OTROS_Hidrometereológico
-0.1703676866659396,0.912729466920904,18939,GPD,tail,21.39793168391183,0.090625,Puntarenas_OTROS_Hidrometereológico
-0.1703676866659396,0.912729466920904,18940,GPD,tail,21.39793168391183,0.090625,Puntarenas_OTROS_Hidrometereológico
-0.1703676866659396,0.912729466920904,18941,GPD,tail,21.39793168391183,0.090625,Puntarenas_OTROS_Hidrometereológico
-0.1703676866659396,0.912729466920904,18942,GPD,tail,21.39793168391183,0.090625,Puntarenas_OTROS_Hidrometereológico
-0.1703676866659396,0.912729466920904,18943,GPD,tail,21.39793168391183,0.090625,Puntarenas_OTROS_Hidrometereológico
-0.1703676866659396,0.912729466920904,18944,GPD,tail,21.39793168391183,0.090625,Puntarenas_OTROS_Hidrometereológico
-0.1703676866659396,0.912729466920904,18945,GPD,tail,21.39793168391183,0.090625,Puntarenas_OTROS_Hidrometereológico
-0.1703676866659396,0.912729466920904,18946,GPD,tail,21.39793168391183,0.090625,Puntarenas_OTROS_Hidrometereológico
-0.1703676866659396,0.912729466920904,18947,GPD,tail,21.39793168391183,0.090625,Puntarenas_OTROS_Hidrometereológico
-0.1703676866659396,0.912729466920904,18948,GPD,tail,21.39793168391183,0.090625,Puntarenas_OTROS_Hidrometereológico
-0.1703676866659396,0.912729466920904,18949,GPD,tail,21.39793168391183,0.090625,Puntarenas_OTROS_Hidrometereológico
-0.1703676866659396,0.912729466920904,18950,GPD,tail,21.39793168391183,0.090625,Puntarenas_OTROS_Hidrometereológico
-0.1703676866659396,0.912729466920904,18951,GPD,tail,21.39793168391183,0.090625,Puntarenas_OTROS_Hidrometereológico
-0.1703676866659396,0.912729466920904,18952,GPD,tail,21.39793168391183,0.090625,Puntarenas_OTROS_Hidrometereológico
-0.11887286637938782,0.9044946389790548,18953,GPD,tail,21.39793168391183,0.090625,Puntarenas_OTROS_Hidrometereológico
-0.11887286637938782,0.9044946389790548,18954,GPD,tail,21.39793168391183,0.090625,Puntarenas_OTROS_Hidrometereológico
-0.11887286637938782,0.9044946389790548,18955,GPD,tail,21.39793168391183,0.090625,Puntarenas_OTROS_Hidrometereológico
-0.11887286637938782,0.9044946389790548,18956,GPD,tail,21.39793168391183,0.090625,Puntarenas_OTROS_Hidrometereológico
-0.11887286637938782,0.9044946389790548,18957,GPD,tail,21.39793168391183,0.090625,Puntarenas_OTROS_Hidrometereológico
-0.11887286637938782,0.9044946389790548,18958,GPD,tail,21.39793168391183,0.090625,Puntarenas_OTROS_Hidrometereológico
-0.11887286637938782,0.9044946389790548,18959,GPD,tail,21.39793168391183,0.090625,Puntarenas_OTROS_Hidrometereológico
-0.11887286637938782,0.9044946389790548,18960,GPD,tail,21.39793168391183,0.090625,Puntarenas_OTROS_Hidrometereológico
-0.11887286637938782,0.9044946389790548,18961,GPD,tail,21.39793168391183,0.090625,Puntarenas_OTROS_Hidrometereológico
-0.11887286637938782,0.9044946389790548,18962,GPD,tail,21.39793168391183,0.090625,Puntarenas_OTROS_Hidrometereológico
-0.11887286637938782,0.9044946389790548,18963,GPD,tail,21.39793168391183,0.090625,Puntarenas_OTROS_Hidrometereológico
-0.11887286637938782,0.9044946389790548,18964,GPD,tail,21.39793168391183,0.090625,Puntarenas_OTROS_Hidrometereológico
-0.11887286637938782,0.9044946389790548,18965,GPD,tail,21.39793168391183,0.090625,Puntarenas_OTROS_Hidrometereológico
-0.11887286637938782,0.9044946389790548,18966,GPD,tail,21.39793168391183,0.090625,Puntarenas_OTROS_Hidrometereológico
-0.11887286637938782,0.9044946389790548,18967,GPD,tail,21.39793168391183,0.090625,Puntarenas_OTROS_Hidrometereológico
-0.11887286637938782,0.9044946389790548,18968,GPD,tail,21.39793168391183,0.090625,Puntarenas_OTROS_Hidrometereológico
-0.11887286637938782,0.9044946389790548,18969,GPD,tail,21.39793168391183,0.090625,Puntarenas_OTROS_Hidrometereológico
-0.11887286637938782,0.9044946389790548,18970,GPD,tail,21.39793168391183,0.090625,Puntarenas_OTROS_Hidrometereológico
-0.11887286637938782,0.9044946389790548,18971,GPD,tail,21.39793168391183,0.090625,Puntarenas_OTROS_Hidrometereológico
-0.11887286637938782,0.9044946389790548,18972,GPD,tail,21.39793168391183,0.090625,Puntarenas_OTROS_Hidrometereológico
-0.11887286637938782,0.9044946389790548,18973,GPD,tail,21.39793168391183,0.090625,Puntarenas_OTROS_Hidrometereológico
-0.11887286637938782,0.9044946389790548,18974,GPD,tail,21.39793168391183,0.090625,Puntarenas_OTROS_Hidrometereológico
-0.11887286637938782,0.9044946389790548,18975,GPD,tail,21.39793168391183,0.090625,Puntarenas_OTROS_Hidrometereológico
-0.11887286637938782,0.9044946389790548,18976,GPD,tail,21.39793168391183,0.090625,Puntarenas_OTROS_Hidrometereológico
-0.11887286637938782,0.9044946389790548,18977,GPD,tail,21.39793168391183,0.090625,Puntarenas_OTROS_Hidrometereológico
-0.11887286637938782,0.9044946389790548,18978,GPD,tail,21.39793168391183,0.090625,Puntarenas_OTROS_Hidrometereológico
-0.11887286637938782,0.9044946389790548,18979,GPD,tail,21.39793168391183,0.090625,Puntarenas_OTROS_Hidrometereológico
-0.11887286637938782,0.9044946389790548,18980,GPD,tail,21.39793168391183,0.090625,Puntarenas_OTROS_Hidrometereológico
-0.11887286637938782,0.9044946389790548,18981,GPD,tail,21.39793168391183,0.090625,Puntarenas_OTROS_Hidrometereológico
-0.11887286637938782,0.9044946389790548,18982,GPD,tail,21.39793168391183,0.090625,Puntarenas_OTROS_Hidrometereológico
-0.11887286637938782,0.9044946389790548,18983,GPD,tail,21.39793168391183,0.090625,Puntarenas_OTROS_Hidrometereológico
-0.11887286637938782,0.9044946389790548,18984,GPD,tail,21.39793168391183,0.090625,Puntarenas_OTROS_Hidrometereológico
-0.11887286637938782,0.9044946389790548,18985,GPD,tail,21.39793168391183,0.090625,Puntarenas_OTROS_Hidrometereológico
-0.11887286637938782,0.9044946389790548,18986,GPD,tail,21.39793168391183,0.090625,Puntarenas_OTROS_Hidrometereológico
-0.11887286637938782,0.9044946389790548,18987,GPD,tail,21.39793168391183,0.090625,Puntarenas_OTROS_Hidrometereológico
-0.11887286637938782,0.9044946389790548,18988,GPD,tail,21.39793168391183,0.090625,Puntarenas_OTROS_Hidrometereológico
-0.11887286637938782,0.9044946389790548,18989,GPD,tail,21.39793168391183,0.090625,Puntarenas_OTROS_Hidrometereológico
-0.11887286637938782,0.9044946389790548,18990,GPD,tail,21.39793168391183,0.090625,Puntarenas_OTROS_Hidrometereológico
-0.11887286637938782,0.9044946389790548,18991,GPD,tail,21.39793168391183,0.090625,Puntarenas_OTROS_Hidrometereológico
-0.11887286637938782,0.9044946389790548,18992,GPD,tail,21.39793168391183,0.090625,Puntarenas_OTROS_Hidrometereológico
-0.11887286637938782,0.9044946389790548,18993,GPD,tail,21.39793168391183,0.090625,Puntarenas_OTROS_Hidrometereológico
-0.11887286637938782,0.9044946389790548,18994,GPD,tail,21.39793168391183,0.090625,Puntarenas_OTROS_Hidrometereológico
-0.11887286637938782,0.9044946389790548,18995,GPD,tail,21.39793168391183,0.090625,Puntarenas_OTROS_Hidrometereológico
-0.11887286637938782,0.9044946389790548,18996,GPD,tail,21.39793168391183,0.090625,Puntarenas_OTROS_Hidrometereológico
-0.11887286637938782,0.9044946389790548,18997,GPD,tail,21.39793168391183,0.090625,Puntarenas_OTROS_Hidrometereológico
-0.11887286637938782,0.9044946389790548,18998,GPD,tail,21.39793168391183,0.090625,Puntarenas_OTROS_Hidrometereológico
-0.11887286637938782,0.9044946389790548,18999,GPD,tail,21.39793168391183,0.090625,Puntarenas_OTROS_Hidrometereológico
-0.11887286637938782,0.9044946389790548,19000,GPD,tail,21.39793168391183,0.090625,Puntarenas_OTROS_Hidrometereológico
-0.11887286637938782,0.9044946389790548,19001,GPD,tail,21.39793168391183,0.090625,Puntarenas_OTROS_Hidrometereológico
-0.11887286637938782,0.9044946389790548,19002,GPD,tail,21.39793168391183,0.090625,Puntarenas_OTROS_Hidrometereológico
-0.11887286637938782,0.9044946389790548,19003,GPD,tail,21.39793168391183,0.090625,Puntarenas_OTROS_Hidrometereológico
-0.11887286637938782,0.9044946389790548,19004,GPD,tail,21.39793168391183,0.090625,Puntarenas_OTROS_Hidrometereológico
-0.11887286637938782,0.9044946389790548,19005,GPD,tail,21.39793168391183,0.090625,Puntarenas_OTROS_Hidrometereológico
-0.0015093958168593546,0.849126831868939,19006,GPD,tail,21.39793168391183,0.090625,Puntarenas_OTROS_Hidrometereológico
-0.0015093958168593546,0.849126831868939,19007,GPD,tail,21.39793168391183,0.090625,Puntarenas_OTROS_Hidrometereológico
-0.0015093958168593546,0.849126831868939,19008,GPD,tail,21.39793168391183,0.090625,Puntarenas_OTROS_Hidrometereológico
-0.0015093958168593546,0.849126831868939,19009,GPD,tail,21.39793168391183,0.090625,Puntarenas_OTROS_Hidrometereológico
-0.0015093958168593546,0.849126831868939,19010,GPD,tail,21.39793168391183,0.090625,Puntarenas_OTROS_Hidrometereológico
-0.0015093958168593546,0.849126831868939,19011,GPD,tail,21.39793168391183,0.090625,Puntarenas_OTROS_Hidrometereológico
-0.0015093958168593546,0.849126831868939,19012,GPD,tail,21.39793168391183,0.090625,Puntarenas_OTROS_Hidrometereológico
-0.0015093958168593546,0.849126831868939,19013,GPD,tail,21.39793168391183,0.090625,Puntarenas_OTROS_Hidrometereológico
-0.0015093958168593546,0.849126831868939,19014,GPD,tail,21.39793168391183,0.090625,Puntarenas_OTROS_Hidrometereológico
-0.0015093958168593546,0.849126831868939,19015,GPD,tail,21.39793168391183,0.090625,Puntarenas_OTROS_Hidrometereológico
-0.0015093958168593546,0.849126831868939,19016,GPD,tail,21.39793168391183,0.090625,Puntarenas_OTROS_Hidrometereológico
-0.0015093958168593546,0.849126831868939,19017,GPD,tail,21.39793168391183,0.090625,Puntarenas_OTROS_Hidrometereológico
-0.0015093958168593546,0.849126831868939,19018,GPD,tail,21.39793168391183,0.090625,Puntarenas_OTROS_Hidrometereológico
-0.0015093958168593546,0.849126831868939,19019,GPD,tail,21.39793168391183,0.090625,Puntarenas_OTROS_Hidrometereológico
0.02954983859858345,0.823461640950328,19020,GPD,tail,21.39793168391183,0.090625,Puntarenas_OTROS_Hidrometereológico
0.02954983859858345,0.823461640950328,19021,GPD,tail,21.39793168391183,0.090625,Puntarenas_OTROS_Hidrometereológico
0.02954983859858345,0.823461640950328,19022,GPD,tail,21.39793168391183,0.090625,Puntarenas_OTROS_Hidrometereológico
0.02954983859858345,0.823461640950328,19023,GPD,tail,21.39793168391183,0.090625,Puntarenas_OTROS_Hidrometereológico
0.02954983859858345,0.823461640950328,19024,GPD,tail,21.39793168391183,0.090625,Puntarenas_OTROS_Hidrometereológico
0.02954983859858345,0.823461640950328,19025,GPD,tail,21.39793168391183,0.090625,Puntarenas_OTROS_Hidrometereológico
-0.05253605713004942,0.9674077378918535,19026,GPD,tail,21.39793168391183,0.090625,Puntarenas_OTROS_Hidrometereológico
-0.05253605713004942,0.9674077378918535,19027,GPD,tail,21.39793168391183,0.090625,Puntarenas_OTROS_Hidrometereológico
-0.05253605713004942,0.9674077378918535,19028,GPD,tail,21.39793168391183,0.090625,Puntarenas_OTROS_Hidrometereológico
-0.05253605713004942,0.9674077378918535,19029,GPD,tail,21.39793168391183,0.090625,Puntarenas_OTROS_Hidrometereológico
-0.05253605713004942,0.9674077378918535,19030,GPD,tail,21.39793168391183,0.090625,Puntarenas_OTROS_Hidrometereológico
-0.05253605713004942,0.9674077378918535,19031,GPD,tail,21.39793168391183,0.090625,Puntarenas_OTROS_Hidrometereológico
-0.05253605713004942,0.9674077378918535,19032,GPD,tail,21.39793168391183,0.090625,Puntarenas_OTROS_Hidrometereológico
-0.1292359293801178,0.8327983990135002,19033,GPD,tail,21.39793168391183,0.090625,Puntarenas_OTROS_Hidrometereológico
-0.1292359293801178,0.8327983990135002,19034,GPD,tail,21.39793168391183,0.090625,Puntarenas_OTROS_Hidrometereológico
-0.1292359293801178,0.8327983990135002,19035,GPD,tail,21.39793168391183,0.090625,Puntarenas_OTROS_Hidrometereológico
-0.1292359293801178,0.8327983990135002,19036,GPD,tail,21.39793168391183,0.090625,Puntarenas_OTROS_Hidrometereológico
-0.1292359293801178,0.8327983990135002,19037,GPD,tail,21.39793168391183,0.090625,Puntarenas_OTROS_Hidrometereológico
-0.1292359293801178,0.8327983990135002,19038,GPD,tail,21.39793168391183,0.090625,Puntarenas_OTROS_Hidrometereológico
-0.1292359293801178,0.8327983990135002,19039,GPD,tail,21.39793168391183,0.090625,Puntarenas_OTROS_Hidrometereológico
-0.1292359293801178,0.8327983990135002,19040,GPD,tail,21.39793168391183,0.090625,Puntarenas_OTROS_Hidrometereológico
-0.1292359293801178,0.8327983990135002,19041,GPD,tail,21.39793168391183,0.090625,Puntarenas_OTROS_Hidrometereológico
-0.1292359293801178,0.8327983990135002,19042,GPD,tail,21.39793168391183,0.090625,Puntarenas_OTROS_Hidrometereológico
-0.1292359293801178,0.8327983990135002,19043,GPD,tail,21.39793168391183,0.090625,Puntarenas_OTROS_Hidrometereológico
-0.1292359293801178,0.8327983990135002,19044,GPD,tail,21.39793168391183,0.090625,Puntarenas_OTROS_Hidrometereológico
0.022176472026491673,0.8556110603033776,19045,GPD,tail,21.39793168391183,0.090625,Puntarenas_OTROS_Hidrometereológico
0.022176472026491673,0.8556110603033776,19046,GPD,tail,21.39793168391183,0.090625,Puntarenas_OTROS_Hidrometereológico
0.022176472026491673,0.8556110603033776,19047,GPD,tail,21.39793168391183,0.090625,Puntarenas_OTROS_Hidrometereológico
0.022176472026491673,0.8556110603033776,19048,GPD,tail,21.39793168391183,0.090625,Puntarenas_OTROS_Hidrometereológico
0.022176472026491673,0.8556110603033776,19049,GPD,tail,21.39793168391183,0.090625,Puntarenas_OTROS_Hidrometereológico
0.022176472026491673,0.8556110603033776,19050,GPD,tail,21.39793168391183,0.090625,Puntarenas_OTROS_Hidrometereológico
0.022176472026491673,0.8556110603033776,19051,GPD,tail,21.39793168391183,0.090625,Puntarenas_OTROS_Hidrometereológico
0.022176472026491673,0.8556110603033776,19052,GPD,tail,21.39793168391183,0.090625,Puntarenas_OTROS_Hidrometereológico
0.022176472026491673,0.8556110603033776,19053,GPD,tail,21.39793168391183,0.090625,Puntarenas_OTROS_Hidrometereológico
-0.0271813863866857,0.6808375459962832,19054,GPD,tail,21.39793168391183,0.090625,Puntarenas_OTROS_Hidrometereológico
-0.0271813863866857,0.6808375459962832,19055,GPD,tail,21.39793168391183,0.090625,Puntarenas_OTROS_Hidrometereológico
-0.0271813863866857,0.6808375459962832,19056,GPD,tail,21.39793168391183,0.090625,Puntarenas_OTROS_Hidrometereológico
-0.0271813863866857,0.6808375459962832,19057,GPD,tail,21.39793168391183,0.090625,Puntarenas_OTROS_Hidrometereológico
-0.0271813863866857,0.6808375459962832,19058,GPD,tail,21.39793168391183,0.090625,Puntarenas_OTROS_Hidrometereológico
-0.0271813863866857,0.6808375459962832,19059,GPD,tail,21.39793168391183,0.090625,Puntarenas_OTROS_Hidrometereológico
-0.0271813863866857,0.6808375459962832,19060,GPD,tail,21.39793168391183,0.090625,Puntarenas_OTROS_Hidrometereológico
-0.0271813863866857,0.6808375459962832,19061,GPD,tail,21.39793168391183,0.090625,Puntarenas_OTROS_Hidrometereológico
-0.0271813863866857,0.6808375459962832,19062,GPD,tail,21.39793168391183,0.090625,Puntarenas_OTROS_Hidrometereológico
-0.0271813863866857,0.6808375459962832,19063,GPD,tail,21.39793168391183,0.090625,Puntarenas_OTROS_Hidrometereológico
0.06421699826809765,0.8661663812118946,19064,GPD,tail,21.39793168391183,0.090625,Puntarenas_OTROS_Hidrometereológico
0.06421699826809765,0.8661663812118946,19065,GPD,tail,21.39793168391183,0.090625,Puntarenas_OTROS_Hidrometereológico
0.06421699826809765,0.8661663812118946,19066,GPD,tail,21.39793168391183,0.090625,Puntarenas_OTROS_Hidrometereológico
0.06421699826809765,0.8661663812118946,19067,GPD,tail,21.39793168391183,0.090625,Puntarenas_OTROS_Hidrometereológico
0.06421699826809765,0.8661663812118946,19068,GPD,tail,21.39793168391183,0.090625,Puntarenas_OTROS_Hidrometereológico
0.06421699826809765,0.8661663812118946,19069,GPD,tail,21.39793168391183,0.090625,Puntarenas_OTROS_Hidrometereológico
0.04650530520751114,0.7851814602094516,19070,GPD,tail,21.39793168391183,0.090625,Puntarenas_OTROS_Hidrometereológico
0.04650530520751114,0.7851814602094516,19071,GPD,tail,21.39793168391183,0.090625,Puntarenas_OTROS_Hidrometereológico
0.04650530520751114,0.7851814602094516,19072,GPD,tail,21.39793168391183,0.090625,Puntarenas_OTROS_Hidrometereológico
0.04650530520751114,0.7851814602094516,19073,GPD,tail,21.39793168391183,0.090625,Puntarenas_OTROS_Hidrometereológico
0.04650530520751114,0.7851814602094516,19074,GPD,tail,21.39793168391183,0.090625,Puntarenas_OTROS_Hidrometereológico
0.04650530520751114,0.7851814602094516,19075,GPD,tail,21.39793168391183,0.090625,Puntarenas_OTROS_Hidrometereológico
0.04650530520751114,0.7851814602094516,19076,GPD,tail,21.39793168391183,0.090625,Puntarenas_OTROS_Hidrometereológico
0.04650530520751114,0.7851814602094516,19077,GPD,tail,21.39793168391183,0.090625,Puntarenas_OTROS_Hidrometereológico
0.04650530520751114,0.7851814602094516,19078,GPD,tail,21.39793168391183,0.090625,Puntarenas_OTROS_Hidrometereológico
0.04650530520751114,0.7851814602094516,19079,GPD,tail,21.39793168391183,0.090625,Puntarenas_OTROS_Hidrometereológico
0.04650530520751114,0.7851814602094516,19080,GPD,tail,21.39793168391183,0.090625,Puntarenas_OTROS_Hidrometereológico
0.04650530520751114,0.7851814602094516,19081,GPD,tail,21.39793168391183,0.090625,Puntarenas_OTROS_Hidrometereológico
0.04650530520751114,0.7851814602094516,19082,GPD,tail,21.39793168391183,0.090625,Puntarenas_OTROS_Hidrometereológico
0.04650530520751114,0.7851814602094516,19083,GPD,tail,21.39793168391183,0.090625,Puntarenas_OTROS_Hidrometereológico
0.04650530520751114,0.7851814602094516,19084,GPD,tail,21.39793168391183,0.090625,Puntarenas_OTROS_Hidrometereológico
0.04650530520751114,0.7851814602094516,19085,GPD,tail,21.39793168391183,0.090625,Puntarenas_OTROS_Hidrometereológico
0.04650530520751114,0.7851814602094516,19086,GPD,tail,21.39793168391183,0.090625,Puntarenas_OTROS_Hidrometereológico
0.04650530520751114,0.7851814602094516,19087,GPD,tail,21.39793168391183,0.090625,Puntarenas_OTROS_Hidrometereológico
0.04650530520751114,0.7851814602094516,19088,GPD,tail,21.39793168391183,0.090625,Puntarenas_OTROS_Hidrometereológico
0.04650530520751114,0.7851814602094516,19089,GPD,tail,21.39793168391183,0.090625,Puntarenas_OTROS_Hidrometereológico
0.04650530520751114,0.7851814602094516,19090,GPD,tail,21.39793168391183,0.090625,Puntarenas_OTROS_Hidrometereológico
0.04650530520751114,0.7851814602094516,19091,GPD,tail,21.39793168391183,0.090625,Puntarenas_OTROS_Hidrometereológico
0.04650530520751114,0.7851814602094516,19092,GPD,tail,21.39793168391183,0.090625,Puntarenas_OTROS_Hidrometereológico
0.04650530520751114,0.7851814602094516,19093,GPD,tail,21.39793168391183,0.090625,Puntarenas_OTROS_Hidrometereológico
0.04650530520751114,0.7851814602094516,19094,GPD,tail,21.39793168391183,0.090625,Puntarenas_OTROS_Hidrometereológico
0.04650530520751114,0.7851814602094516,19095,GPD,tail,21.39793168391183,0.090625,Puntarenas_OTROS_Hidrometereológico
0.04650530520751114,0.7851814602094516,19096,GPD,tail,21.39793168391183,0.090625,Puntarenas_OTROS_Hidrometereológico
0.04650530520751114,0.7851814602094516,19097,GPD,tail,21.39793168391183,0.090625,Puntarenas_OTROS_Hidrometereológico
0.04650530520751114,0.7851814602094516,19098,GPD,tail,21.39793168391183,0.090625,Puntarenas_OTROS_Hidrometereológico
0.04650530520751114,0.7851814602094516,19099,GPD,tail,21.39793168391183,0.090625,Puntarenas_OTROS_Hidrometereológico
0.04650530520751114,0.7851814602094516,19100,GPD,tail,21.39793168391183,0.090625,Puntarenas_OTROS_Hidrometereológico
0.04650530520751114,0.7851814602094516,19101,GPD,tail,21.39793168391183,0.090625,Puntarenas_OTROS_Hidrometereológico
0.04650530520751114,0.7851814602094516,19102,GPD,tail,21.39793168391183,0.090625,Puntarenas_OTROS_Hidrometereológico
0.04650530520751114,0.7851814602094516,19103,GPD,tail,21.39793168391183,0.090625,Puntarenas_OTROS_Hidrometereológico
0.04650530520751114,0.7851814602094516,19104,GPD,tail,21.39793168391183,0.090625,Puntarenas_OTROS_Hidrometereológico
0.04650530520751114,0.7851814602094516,19105,GPD,tail,21.39793168391183,0.090625,Puntarenas_OTROS_Hidrometereológico
0.04650530520751114,0.7851814602094516,19106,GPD,tail,21.39793168391183,0.090625,Puntarenas_OTROS_Hidrometereológico
0.04650530520751114,0.7851814602094516,19107,GPD,tail,21.39793168391183,0.090625,Puntarenas_OTROS_Hidrometereológico
0.04650530520751114,0.7851814602094516,19108,GPD,tail,21.39793168391183,0.090625,Puntarenas_OTROS_Hidrometereológico
0.04650530520751114,0.7851814602094516,19109,GPD,tail,21.39793168391183,0.090625,Puntarenas_OTROS_Hidrometereológico
0.04650530520751114,0.7851814602094516,19110,GPD,tail,21.39793168391183,0.090625,Puntarenas_OTROS_Hidrometereológico
0.04650530520751114,0.7851814602094516,19111,GPD,tail,21.39793168391183,0.090625,Puntarenas_OTROS_Hidrometereológico
0.04650530520751114,0.7851814602094516,19112,GPD,tail,21.39793168391183,0.090625,Puntarenas_OTROS_Hidrometereológico
0.04650530520751114,0.7851814602094516,19113,GPD,tail,21.39793168391183,0.090625,Puntarenas_OTROS_Hidrometereológico
0.04650530520751114,0.7851814602094516,19114,GPD,tail,21.39793168391183,0.090625,Puntarenas_OTROS_Hidrometereológico
0.04650530520751114,0.7851814602094516,19115,GPD,tail,21.39793168391183,0.090625,Puntarenas_OTROS_Hidrometereológico
-0.07165067244888126,1.0054994296816466,19116,GPD,tail,21.39793168391183,0.090625,Puntarenas_OTROS_Hidrometereológico
-0.07165067244888126,1.0054994296816466,19117,GPD,tail,21.39793168391183,0.090625,Puntarenas_OTROS_Hidrometereológico
-0.07165067244888126,1.0054994296816466,19118,GPD,tail,21.39793168391183,0.090625,Puntarenas_OTROS_Hidrometereológico
-0.07165067244888126,1.0054994296816466,19119,GPD,tail,21.39793168391183,0.090625,Puntarenas_OTROS_Hidrometereológico
-0.07165067244888126,1.0054994296816466,19120,GPD,tail,21.39793168391183,0.090625,Puntarenas_OTROS_Hidrometereológico
-0.07165067244888126,1.0054994296816466,19121,GPD,tail,21.39793168391183,0.090625,Puntarenas_OTROS_Hidrometereológico
-0.07165067244888126,1.0054994296816466,19122,GPD,tail,21.39793168391183,0.090625,Puntarenas_OTROS_Hidrometereológico
-0.07165067244888126,1.0054994296816466,19123,GPD,tail,21.39793168391183,0.090625,Puntarenas_OTROS_Hidrometereológico
-0.07165067244888126,1.0054994296816466,19124,GPD,tail,21.39793168391183,0.090625,Puntarenas_OTROS_Hidrometereológico
-0.07165067244888126,1.0054994296816466,19125,GPD,tail,21.39793168391183,0.090625,Puntarenas_OTROS_Hidrometereológico
-0.14082053244978032,0.9041033005744591,19126,GPD,tail,21.39793168391183,0.090625,Puntarenas_OTROS_Hidrometereológico
-0.14082053244978032,0.9041033005744591,19127,GPD,tail,21.39793168391183,0.090625,Puntarenas_OTROS_Hidrometereológico
-0.14082053244978032,0.9041033005744591,19128,GPD,tail,21.39793168391183,0.090625,Puntarenas_OTROS_Hidrometereológico
-0.14082053244978032,0.9041033005744591,19129,GPD,tail,21.39793168391183,0.090625,Puntarenas_OTROS_Hidrometereológico
-0.14082053244978032,0.9041033005744591,19130,GPD,tail,21.39793168391183,0.090625,Puntarenas_OTROS_Hidrometereológico
-0.14082053244978032,0.9041033005744591,19131,GPD,tail,21.39793168391183,0.090625,Puntarenas_OTROS_Hidrometereológico
-0.14082053244978032,0.9041033005744591,19132,GPD,tail,21.39793168391183,0.090625,Puntarenas_OTROS_Hidrometereológico
-0.04566748077245156,0.8571377833835357,19133,GPD,tail,21.39793168391183,0.090625,Puntarenas_OTROS_Hidrometereológico
-0.04566748077245156,0.8571377833835357,19134,GPD,tail,21.39793168391183,0.090625,Puntarenas_OTROS_Hidrometereológico
-0.04566748077245156,0.8571377833835357,19135,GPD,tail,21.39793168391183,0.090625,Puntarenas_OTROS_Hidrometereológico
-0.04566748077245156,0.8571377833835357,19136,GPD,tail,21.39793168391183,0.090625,Puntarenas_OTROS_Hidrometereológico
-0.04566748077245156,0.8571377833835357,19137,GPD,tail,21.39793168391183,0.090625,Puntarenas_OTROS_Hidrometereológico
-0.04566748077245156,0.8571377833835357,19138,GPD,tail,21.39793168391183,0.090625,Puntarenas_OTROS_Hidrometereológico
-0.04566748077245156,0.8571377833835357,19139,GPD,tail,21.39793168391183,0.090625,Puntarenas_OTROS_Hidrometereológico
-0.04566748077245156,0.8571377833835357,19140,GPD,tail,21.39793168391183,0.090625,Puntarenas_OTROS_Hidrometereológico
-0.04566748077245156,0.8571377833835357,19141,GPD,tail,21.39793168391183,0.090625,Puntarenas_OTROS_Hidrometereológico
-0.04566748077245156,0.8571377833835357,19142,GPD,tail,21.39793168391183,0.090625,Puntarenas_OTROS_Hidrometereológico
-0.04566748077245156,0.8571377833835357,19143,GPD,tail,21.39793168391183,0.090625,Puntarenas_OTROS_Hidrometereológico
-0.04566748077245156,0.8571377833835357,19144,GPD,tail,21.39793168391183,0.090625,Puntarenas_OTROS_Hidrometereológico
-0.04566748077245156,0.8571377833835357,19145,GPD,tail,21.39793168391183,0.090625,Puntarenas_OTROS_Hidrometereológico
-0.04566748077245156,0.8571377833835357,19146,GPD,tail,21.39793168391183,0.090625,Puntarenas_OTROS_Hidrometereológico
-0.04566748077245156,0.8571377833835357,19147,GPD,tail,21.39793168391183,0.090625,Puntarenas_OTROS_Hidrometereológico
-0.15335596668399004,0.914212218602515,19148,GPD,tail,21.39793168391183,0.090625,Puntarenas_OTROS_Hidrometereológico
-0.15335596668399004,0.914212218602515,19149,GPD,tail,21.39793168391183,0.090625,Puntarenas_OTROS_Hidrometereológico
-0.15335596668399004,0.914212218602515,19150,GPD,tail,21.39793168391183,0.090625,Puntarenas_OTROS_Hidrometereológico
-0.15335596668399004,0.914212218602515,19151,GPD,tail,21.39793168391183,0.090625,Puntarenas_OTROS_Hidrometereológico
-0.15335596668399004,0.914212218602515,19152,GPD,tail,21.39793168391183,0.090625,Puntarenas_OTROS_Hidrometereológico
-0.15335596668399004,0.914212218602515,19153,GPD,tail,21.39793168391183,0.090625,Puntarenas_OTROS_Hidrometereológico
-0.15335596668399004,0.914212218602515,19154,GPD,tail,21.39793168391183,0.090625,Puntarenas_OTROS_Hidrometereológico
-0.15335596668399004,0.914212218602515,19155,GPD,tail,21.39793168391183,0.090625,Puntarenas_OTROS_Hidrometereológico
-0.15335596668399004,0.914212218602515,19156,GPD,tail,21.39793168391183,0.090625,Puntarenas_OTROS_Hidrometereológico
-0.15335596668399004,0.914212218602515,19157,GPD,tail,21.39793168391183,0.090625,Puntarenas_OTROS_Hidrometereológico
-0.04277875488889811,0.8008560016423796,19158,GPD,tail,21.39793168391183,0.090625,Puntarenas_OTROS_Hidrometereológico
-0.04277875488889811,0.8008560016423796,19159,GPD,tail,21.39793168391183,0.090625,Puntarenas_OTROS_Hidrometereológico
-0.04277875488889811,0.8008560016423796,19160,GPD,tail,21.39793168391183,0.090625,Puntarenas_OTROS_Hidrometereológico
-0.04277875488889811,0.8008560016423796,19161,GPD,tail,21.39793168391183,0.090625,Puntarenas_OTROS_Hidrometereológico
-0.04277875488889811,0.8008560016423796,19162,GPD,tail,21.39793168391183,0.090625,Puntarenas_OTROS_Hidrometereológico
-0.04277875488889811,0.8008560016423796,19163,GPD,tail,21.39793168391183,0.090625,Puntarenas_OTROS_Hidrometereológico
-0.04277875488889811,0.8008560016423796,19164,GPD,tail,21.39793168391183,0.090625,Puntarenas_OTROS_Hidrometereológico
-0.04277875488889811,0.8008560016423796,19165,GPD,tail,21.39793168391183,0.090625,Puntarenas_OTROS_Hidrometereológico
-0.06995387303388365,0.8928054612986045,19166,GPD,tail,21.39793168391183,0.090625,Puntarenas_OTROS_Hidrometereológico
-0.06995387303388365,0.8928054612986045,19167,GPD,tail,21.39793168391183,0.090625,Puntarenas_OTROS_Hidrometereológico
-0.06995387303388365,0.8928054612986045,19168,GPD,tail,21.39793168391183,0.090625,Puntarenas_OTROS_Hidrometereológico
-0.06995387303388365,0.8928054612986045,19169,GPD,tail,21.39793168391183,0.090625,Puntarenas_OTROS_Hidrometereológico
-0.06995387303388365,0.8928054612986045,19170,GPD,tail,21.39793168391183,0.090625,Puntarenas_OTROS_Hidrometereológico
-0.06995387303388365,0.8928054612986045,19171,GPD,tail,21.39793168391183,0.090625,Puntarenas_OTROS_Hidrometereológico
-0.06995387303388365,0.8928054612986045,19172,GPD,tail,21.39793168391183,0.090625,Puntarenas_OTROS_Hidrometereológico
-0.06995387303388365,0.8928054612986045,19173,GPD,tail,21.39793168391183,0.090625,Puntarenas_OTROS_Hidrometereológico
-0.06995387303388365,0.8928054612986045,19174,GPD,tail,21.39793168391183,0.090625,Puntarenas_OTROS_Hidrometereológico
-0.04565630454198319,0.7725316163047691,19175,GPD,tail,21.39793168391183,0.090625,Puntarenas_OTROS_Hidrometereológico
-0.04565630454198319,0.7725316163047691,19176,GPD,tail,21.39793168391183,0.090625,Puntarenas_OTROS_Hidrometereológico
-0.04565630454198319,0.7725316163047691,19177,GPD,tail,21.39793168391183,0.090625,Puntarenas_OTROS_Hidrometereológico
-0.04565630454198319,0.7725316163047691,19178,GPD,tail,21.39793168391183,0.090625,Puntarenas_OTROS_Hidrometereológico
-0.04565630454198319,0.7725316163047691,19179,GPD,tail,21.39793168391183,0.090625,Puntarenas_OTROS_Hidrometereológico
-0.04565630454198319,0.7725316163047691,19180,GPD,tail,21.39793168391183,0.090625,Puntarenas_OTROS_Hidrometereológico
-0.1449726452563848,0.9698834570689124,19181,GPD,tail,21.39793168391183,0.090625,Puntarenas_OTROS_Hidrometereológico
-0.1449726452563848,0.9698834570689124,19182,GPD,tail,21.39793168391183,0.090625,Puntarenas_OTROS_Hidrometereológico
-0.10436721854528713,0.9180127081538891,19183,GPD,tail,21.39793168391183,0.090625,Puntarenas_OTROS_Hidrometereológico
-0.10436721854528713,0.9180127081538891,19184,GPD,tail,21.39793168391183,0.090625,Puntarenas_OTROS_Hidrometereológico
-0.10436721854528713,0.9180127081538891,19185,GPD,tail,21.39793168391183,0.090625,Puntarenas_OTROS_Hidrometereológico
-0.10436721854528713,0.9180127081538891,19186,GPD,tail,21.39793168391183,0.090625,Puntarenas_OTROS_Hidrometereológico
-0.10436721854528713,0.9180127081538891,19187,GPD,tail,21.39793168391183,0.090625,Puntarenas_OTROS_Hidrometereológico
-0.10436721854528713,0.9180127081538891,19188,GPD,tail,21.39793168391183,0.090625,Puntarenas_OTROS_Hidrometereológico
-0.11337324326002922,0.9681316585968595,19189,GPD,tail,21.39793168391183,0.090625,Puntarenas_OTROS_Hidrometereológico
-0.11337324326002922,0.9681316585968595,19190,GPD,tail,21.39793168391183,0.090625,Puntarenas_OTROS_Hidrometereológico
-0.11337324326002922,0.9681316585968595,19191,GPD,tail,21.39793168391183,0.090625,Puntarenas_OTROS_Hidrometereológico
-0.11337324326002922,0.9681316585968595,19192,GPD,tail,21.39793168391183,0.090625,Puntarenas_OTROS_Hidrometereológico
-0.11337324326002922,0.9681316585968595,19193,GPD,tail,21.39793168391183,0.090625,Puntarenas_OTROS_Hidrometereológico
-0.11337324326002922,0.9681316585968595,19194,GPD,tail,21.39793168391183,0.090625,Puntarenas_OTROS_Hidrometereológico
-0.11337324326002922,0.9681316585968595,19195,GPD,tail,21.39793168391183,0.090625,Puntarenas_OTROS_Hidrometereológico
-0.11337324326002922,0.9681316585968595,19196,GPD,tail,21.39793168391183,0.090625,Puntarenas_OTROS_Hidrometereológico
-0.11337324326002922,0.9681316585968595,19197,GPD,tail,21.39793168391183,0.090625,Puntarenas_OTROS_Hidrometereológico
-0.11337324326002922,0.9681316585968595,19198,GPD,tail,21.39793168391183,0.090625,Puntarenas_OTROS_Hidrometereológico
-0.04352882041934465,0.8982829971110227,19199,GPD,tail,21.39793168391183,0.090625,Puntarenas_OTROS_Hidrometereológico
-0.04352882041934465,0.8982829971110227,19200,GPD,tail,21.39793168391183,0.090625,Puntarenas_OTROS_Hidrometereológico
-0.04352882041934465,0.8982829971110227,19201,GPD,tail,21.39793168391183,0.090625,Puntarenas_OTROS_Hidrometereológico
-0.04352882041934465,0.8982829971110227,19202,GPD,tail,21.39793168391183,0.090625,Puntarenas_OTROS_Hidrometereológico
-0.04352882041934465,0.8982829971110227,19203,GPD,tail,21.39793168391183,0.090625,Puntarenas_OTROS_Hidrometereológico
-0.16806988185433708,1.0125102972026274,19204,GPD,tail,21.39793168391183,0.090625,Puntarenas_OTROS_Hidrometereológico
-0.16806988185433708,1.0125102972026274,19205,GPD,tail,21.39793168391183,0.090625,Puntarenas_OTROS_Hidrometereológico
-0.16806988185433708,1.0125102972026274,19206,GPD,tail,21.39793168391183,0.090625,Puntarenas_OTROS_Hidrometereológico
-0.1724923769469916,1.012692258816012,19207,GPD,tail,21.39793168391183,0.090625,Puntarenas_OTROS_Hidrometereológico
-0.1724923769469916,1.012692258816012,19208,GPD,tail,21.39793168391183,0.090625,Puntarenas_OTROS_Hidrometereológico
-0.1724923769469916,1.012692258816012,19209,GPD,tail,21.39793168391183,0.090625,Puntarenas_OTROS_Hidrometereológico
-0.1724923769469916,1.012692258816012,19210,GPD,tail,21.39793168391183,0.090625,Puntarenas_OTROS_Hidrometereológico
-0.1724923769469916,1.012692258816012,19211,GPD,tail,21.39793168391183,0.090625,Puntarenas_OTROS_Hidrometereológico
-0.1724923769469916,1.012692258816012,19212,GPD,tail,21.39793168391183,0.090625,Puntarenas_OTROS_Hidrometereológico
-0.1724923769469916,1.012692258816012,19213,GPD,tail,21.39793168391183,0.090625,Puntarenas_OTROS_Hidrometereológico
-0.1724923769469916,1.012692258816012,19214,GPD,tail,21.39793168391183,0.090625,Puntarenas_OTROS_Hidrometereológico
-0.1724923769469916,1.012692258816012,19215,GPD,tail,21.39793168391183,0.090625,Puntarenas_OTROS_Hidrometereológico
-0.1724923769469916,1.012692258816012,19216,GPD,tail,21.39793168391183,0.090625,Puntarenas_OTROS_Hidrometereológico
-0.1724923769469916,1.012692258816012,19217,GPD,tail,21.39793168391183,0.090625,Puntarenas_OTROS_Hidrometereológico
-0.1724923769469916,1.012692258816012,19218,GPD,tail,21.39793168391183,0.090625,Puntarenas_OTROS_Hidrometereológico
-0.1724923769469916,1.012692258816012,19219,GPD,tail,21.39793168391183,0.090625,Puntarenas_OTROS_Hidrometereológico
-0.1724923769469916,1.012692258816012,19220,GPD,tail,21.39793168391183,0.090625,Puntarenas_OTROS_Hidrometereológico
-0.1724923769469916,1.012692258816012,19221,GPD,tail,21.39793168391183,0.090625,Puntarenas_OTROS_Hidrometereológico
-0.1724923769469916,1.012692258816012,19222,GPD,tail,21.39793168391183,0.090625,Puntarenas_OTROS_Hidrometereológico
-0.1724923769469916,1.012692258816012,19223,GPD,tail,21.39793168391183,0.090625,Puntarenas_OTROS_Hidrometereológico
-0.1724923769469916,1.012692258816012,19224,GPD,tail,21.39793168391183,0.090625,Puntarenas_OTROS_Hidrometereológico
-0.1724923769469916,1.012692258816012,19225,GPD,tail,21.39793168391183,0.090625,Puntarenas_OTROS_Hidrometereológico
-0.1724923769469916,1.012692258816012,19226,GPD,tail,21.39793168391183,0.090625,Puntarenas_OTROS_Hidrometereológico
-0.1724923769469916,1.012692258816012,19227,GPD,tail,21.39793168391183,0.090625,Puntarenas_OTROS_Hidrometereológico
-0.1724923769469916,1.012692258816012,19228,GPD,tail,21.39793168391183,0.090625,Puntarenas_OTROS_Hidrometereológico
-0.1724923769469916,1.012692258816012,19229,GPD,tail,21.39793168391183,0.090625,Puntarenas_OTROS_Hidrometereológico
-0.1724923769469916,1.012692258816012,19230,GPD,tail,21.39793168391183,0.090625,Puntarenas_OTROS_Hidrometereológico
-0.1724923769469916,1.012692258816012,19231,GPD,tail,21.39793168391183,0.090625,Puntarenas_OTROS_Hidrometereológico
-0.1724923769469916,1.012692258816012,19232,GPD,tail,21.39793168391183,0.090625,Puntarenas_OTROS_Hidrometereológico
-0.1724923769469916,1.012692258816012,19233,GPD,tail,21.39793168391183,0.090625,Puntarenas_OTROS_Hidrometereológico
-0.1724923769469916,1.012692258816012,19234,GPD,tail,21.39793168391183,0.090625,Puntarenas_OTROS_Hidrometereológico
-0.1724923769469916,1.012692258816012,19235,GPD,tail,21.39793168391183,0.090625,Puntarenas_OTROS_Hidrometereológico
-0.1724923769469916,1.012692258816012,19236,GPD,tail,21.39793168391183,0.090625,Puntarenas_OTROS_Hidrometereológico
-0.1724923769469916,1.012692258816012,19237,GPD,tail,21.39793168391183,0.090625,Puntarenas_OTROS_Hidrometereológico
-0.1724923769469916,1.012692258816012,19238,GPD,tail,21.39793168391183,0.090625,Puntarenas_OTROS_Hidrometereológico
-0.1724923769469916,1.012692258816012,19239,GPD,tail,21.39793168391183,0.090625,Puntarenas_OTROS_Hidrometereológico
0.04305322321177979,0.6752423821689983,19240,GPD,tail,21.39793168391183,0.090625,Puntarenas_OTROS_Hidrometereológico
0.04305322321177979,0.6752423821689983,19241,GPD,tail,21.39793168391183,0.090625,Puntarenas_OTROS_Hidrometereológico
0.04305322321177979,0.6752423821689983,19242,GPD,tail,21.39793168391183,0.090625,Puntarenas_OTROS_Hidrometereológico
0.04305322321177979,0.6752423821689983,19243,GPD,tail,21.39793168391183,0.090625,Puntarenas_OTROS_Hidrometereológico
0.04305322321177979,0.6752423821689983,19244,GPD,tail,21.39793168391183,0.090625,Puntarenas_OTROS_Hidrometereológico
0.04305322321177979,0.6752423821689983,19245,GPD,tail,21.39793168391183,0.090625,Puntarenas_OTROS_Hidrometereológico
-0.02336433333372613,0.9634171434812749,19246,GPD,tail,21.39793168391183,0.090625,Puntarenas_OTROS_Hidrometereológico
-0.02336433333372613,0.9634171434812749,19247,GPD,tail,21.39793168391183,0.090625,Puntarenas_OTROS_Hidrometereológico
-0.02336433333372613,0.9634171434812749,19248,GPD,tail,21.39793168391183,0.090625,Puntarenas_OTROS_Hidrometereológico
-0.02336433333372613,0.9634171434812749,19249,GPD,tail,21.39793168391183,0.090625,Puntarenas_OTROS_Hidrometereológico
-0.02336433333372613,0.9634171434812749,19250,GPD,tail,21.39793168391183,0.090625,Puntarenas_OTROS_Hidrometereológico
-0.06932673158689308,0.9702299317848039,19251,GPD,tail,21.39793168391183,0.090625,Puntarenas_OTROS_Hidrometereológico
-0.06932673158689308,0.9702299317848039,19252,GPD,tail,21.39793168391183,0.090625,Puntarenas_OTROS_Hidrometereológico
-0.06932673158689308,0.9702299317848039,19253,GPD,tail,21.39793168391183,0.090625,Puntarenas_OTROS_Hidrometereológico
-0.06932673158689308,0.9702299317848039,19254,GPD,tail,21.39793168391183,0.090625,Puntarenas_OTROS_Hidrometereológico
-0.06932673158689308,0.9702299317848039,19255,GPD,tail,21.39793168391183,0.090625,Puntarenas_OTROS_Hidrometereológico
-0.06932673158689308,0.9702299317848039,19256,GPD,tail,21.39793168391183,0.090625,Puntarenas_OTROS_Hidrometereológico
-0.06932673158689308,0.9702299317848039,19257,GPD,tail,21.39793168391183,0.090625,Puntarenas_OTROS_Hidrometereológico
-0.06932673158689308,0.9702299317848039,19258,GPD,tail,21.39793168391183,0.090625,Puntarenas_OTROS_Hidrometereológico
-0.06932673158689308,0.9702299317848039,19259,GPD,tail,21.39793168391183,0.090625,Puntarenas_OTROS_Hidrometereológico
-0.06932673158689308,0.9702299317848039,19260,GPD,tail,21.39793168391183,0.090625,Puntarenas_OTROS_Hidrometereológico
-0.06932673158689308,0.9702299317848039,19261,GPD,tail,21.39793168391183,0.090625,Puntarenas_OTROS_Hidrometereológico
-0.06932673158689308,0.9702299317848039,19262,GPD,tail,21.39793168391183,0.090625,Puntarenas_OTROS_Hidrometereológico
-0.06932673158689308,0.9702299317848039,19263,GPD,tail,21.39793168391183,0.090625,Puntarenas_OTROS_Hidrometereológico
-0.06932673158689308,0.9702299317848039,19264,GPD,tail,21.39793168391183,0.090625,Puntarenas_OTROS_Hidrometereológico
-0.06932673158689308,0.9702299317848039,19265,GPD,tail,21.39793168391183,0.090625,Puntarenas_OTROS_Hidrometereológico
-0.11229661684907641,1.0393459951259985,19266,GPD,tail,21.39793168391183,0.090625,Puntarenas_OTROS_Hidrometereológico
0.07104825100951759,0.7858954917975474,19267,GPD,tail,21.39793168391183,0.090625,Puntarenas_OTROS_Hidrometereológico
0.07104825100951759,0.7858954917975474,19268,GPD,tail,21.39793168391183,0.090625,Puntarenas_OTROS_Hidrometereológico
0.07104825100951759,0.7858954917975474,19269,GPD,tail,21.39793168391183,0.090625,Puntarenas_OTROS_Hidrometereológico
0.07104825100951759,0.7858954917975474,19270,GPD,tail,21.39793168391183,0.090625,Puntarenas_OTROS_Hidrometereológico
0.07104825100951759,0.7858954917975474,19271,GPD,tail,21.39793168391183,0.090625,Puntarenas_OTROS_Hidrometereológico
0.07104825100951759,0.7858954917975474,19272,GPD,tail,21.39793168391183,0.090625,Puntarenas_OTROS_Hidrometereológico
0.07104825100951759,0.7858954917975474,19273,GPD,tail,21.39793168391183,0.090625,Puntarenas_OTROS_Hidrometereológico
-0.12760094229972582,1.0458992527864162,19274,GPD,tail,21.39793168391183,0.090625,Puntarenas_OTROS_Hidrometereológico
0.03790427048005496,0.7086726174956033,19275,GPD,tail,21.39793168391183,0.090625,Puntarenas_OTROS_Hidrometereológico
0.03790427048005496,0.7086726174956033,19276,GPD,tail,21.39793168391183,0.090625,Puntarenas_OTROS_Hidrometereológico
0.08184732875080739,0.8133849821756275,19277,GPD,tail,21.39793168391183,0.090625,Puntarenas_OTROS_Hidrometereológico
0.08184732875080739,0.8133849821756275,19278,GPD,tail,21.39793168391183,0.090625,Puntarenas_OTROS_Hidrometereológico
0.08184732875080739,0.8133849821756275,19279,GPD,tail,21.39793168391183,0.090625,Puntarenas_OTROS_Hidrometereológico
0.08184732875080739,0.8133849821756275,19280,GPD,tail,21.39793168391183,0.090625,Puntarenas_OTROS_Hidrometereológico
0.08184732875080739,0.8133849821756275,19281,GPD,tail,21.39793168391183,0.090625,Puntarenas_OTROS_Hidrometereológico
0.08184732875080739,0.8133849821756275,19282,GPD,tail,21.39793168391183,0.090625,Puntarenas_OTROS_Hidrometereológico
0.08184732875080739,0.8133849821756275,19283,GPD,tail,21.39793168391183,0.090625,Puntarenas_OTROS_Hidrometereológico
0.08184732875080739,0.8133849821756275,19284,GPD,tail,21.39793168391183,0.090625,Puntarenas_OTROS_Hidrometereológico
0.08184732875080739,0.8133849821756275,19285,GPD,tail,21.39793168391183,0.090625,Puntarenas_OTROS_Hidrometereológico
0.08184732875080739,0.8133849821756275,19286,GPD,tail,21.39793168391183,0.090625,Puntarenas_OTROS_Hidrometereológico
0.013137086339592943,0.6647752236175837,19287,GPD,tail,21.39793168391183,0.090625,Puntarenas_OTROS_Hidrometereológico
-0.049597104375920006,0.7583973382174581,19288,GPD,tail,21.39793168391183,0.090625,Puntarenas_OTROS_Hidrometereológico
-0.049597104375920006,0.7583973382174581,19289,GPD,tail,21.39793168391183,0.090625,Puntarenas_OTROS_Hidrometereológico
-0.049597104375920006,0.7583973382174581,19290,GPD,tail,21.39793168391183,0.090625,Puntarenas_OTROS_Hidrometereológico
-0.049597104375920006,0.7583973382174581,19291,GPD,tail,21.39793168391183,0.090625,Puntarenas_OTROS_Hidrometereológico
-0.049597104375920006,0.7583973382174581,19292,GPD,tail,21.39793168391183,0.090625,Puntarenas_OTROS_Hidrometereológico
-0.049597104375920006,0.7583973382174581,19293,GPD,tail,21.39793168391183,0.090625,Puntarenas_OTROS_Hidrometereológico
-0.07896526297536587,0.8566695772467849,19294,GPD,tail,21.39793168391183,0.090625,Puntarenas_OTROS_Hidrometereológico
-0.07896526297536587,0.8566695772467849,19295,GPD,tail,21.39793168391183,0.090625,Puntarenas_OTROS_Hidrometereológico
-0.07896526297536587,0.8566695772467849,19296,GPD,tail,21.39793168391183,0.090625,Puntarenas_OTROS_Hidrometereológico
-0.07896526297536587,0.8566695772467849,19297,GPD,tail,21.39793168391183,0.090625,Puntarenas_OTROS_Hidrometereológico
-0.07896526297536587,0.8566695772467849,19298,GPD,tail,21.39793168391183,0.090625,Puntarenas_OTROS_Hidrometereológico
-0.07896526297536587,0.8566695772467849,19299,GPD,tail,21.39793168391183,0.090625,Puntarenas_OTROS_Hidrometereológico
-0.07896526297536587,0.8566695772467849,19300,GPD,tail,21.39793168391183,0.090625,Puntarenas_OTROS_Hidrometereológico
-0.07896526297536587,0.8566695772467849,19301,GPD,tail,21.39793168391183,0.090625,Puntarenas_OTROS_Hidrometereológico
-0.07896526297536587,0.8566695772467849,19302,GPD,tail,21.39793168391183,0.090625,Puntarenas_OTROS_Hidrometereológico
-0.07896526297536587,0.8566695772467849,19303,GPD,tail,21.39793168391183,0.090625,Puntarenas_OTROS_Hidrometereológico
-0.044606874092729065,0.8426758216845485,19304,GPD,tail,21.39793168391183,0.090625,Puntarenas_OTROS_Hidrometereológico
-0.044606874092729065,0.8426758216845485,19305,GPD,tail,21.39793168391183,0.090625,Puntarenas_OTROS_Hidrometereológico
-0.044606874092729065,0.8426758216845485,19306,GPD,tail,21.39793168391183,0.090625,Puntarenas_OTROS_Hidrometereológico
-0.044606874092729065,0.8426758216845485,19307,GPD,tail,21.39793168391183,0.090625,Puntarenas_OTROS_Hidrometereológico
-0.044606874092729065,0.8426758216845485,19308,GPD,tail,21.39793168391183,0.090625,Puntarenas_OTROS_Hidrometereológico
-0.044606874092729065,0.8426758216845485,19309,GPD,tail,21.39793168391183,0.090625,Puntarenas_OTROS_Hidrometereológico
-0.044606874092729065,0.8426758216845485,19310,GPD,tail,21.39793168391183,0.090625,Puntarenas_OTROS_Hidrometereológico
-0.044606874092729065,0.8426758216845485,19311,GPD,tail,21.39793168391183,0.090625,Puntarenas_OTROS_Hidrometereológico
-0.044606874092729065,0.8426758216845485,19312,GPD,tail,21.39793168391183,0.090625,Puntarenas_OTROS_Hidrometereológico
-0.044606874092729065,0.8426758216845485,19313,GPD,tail,21.39793168391183,0.090625,Puntarenas_OTROS_Hidrometereológico
-0.044606874092729065,0.8426758216845485,19314,GPD,tail,21.39793168391183,0.090625,Puntarenas_OTROS_Hidrometereológico
-0.044606874092729065,0.8426758216845485,19315,GPD,tail,21.39793168391183,0.090625,Puntarenas_OTROS_Hidrometereológico
-0.044606874092729065,0.8426758216845485,19316,GPD,tail,21.39793168391183,0.090625,Puntarenas_OTROS_Hidrometereológico
-0.044606874092729065,0.8426758216845485,19317,GPD,tail,21.39793168391183,0.090625,Puntarenas_OTROS_Hidrometereológico
-0.044606874092729065,0.8426758216845485,19318,GPD,tail,21.39793168391183,0.090625,Puntarenas_OTROS_Hidrometereológico
-0.044606874092729065,0.8426758216845485,19319,GPD,tail,21.39793168391183,0.090625,Puntarenas_OTROS_Hidrometereológico
-0.044606874092729065,0.8426758216845485,19320,GPD,tail,21.39793168391183,0.090625,Puntarenas_OTROS_Hidrometereológico
-0.044606874092729065,0.8426758216845485,19321,GPD,tail,21.39793168391183,0.090625,Puntarenas_OTROS_Hidrometereológico
0.06957764024437955,0.7484563959293762,19322,GPD,tail,21.39793168391183,0.090625,Puntarenas_OTROS_Hidrometereológico
0.06957764024437955,0.7484563959293762,19323,GPD,tail,21.39793168391183,0.090625,Puntarenas_OTROS_Hidrometereológico
0.06957764024437955,0.7484563959293762,19324,GPD,tail,21.39793168391183,0.090625,Puntarenas_OTROS_Hidrometereológico
0.06957764024437955,0.7484563959293762,19325,GPD,tail,21.39793168391183,0.090625,Puntarenas_OTROS_Hidrometereológico
0.06957764024437955,0.7484563959293762,19326,GPD,tail,21.39793168391183,0.090625,Puntarenas_OTROS_Hidrometereológico
0.06957764024437955,0.7484563959293762,19327,GPD,tail,21.39793168391183,0.090625,Puntarenas_OTROS_Hidrometereológico
0.06957764024437955,0.7484563959293762,19328,GPD,tail,21.39793168391183,0.090625,Puntarenas_OTROS_Hidrometereológico
0.06957764024437955,0.7484563959293762,19329,GPD,tail,21.39793168391183,0.090625,Puntarenas_OTROS_Hidrometereológico
0.11482341887134011,0.7327673884767412,19330,GPD,tail,21.39793168391183,0.090625,Puntarenas_OTROS_Hidrometereológico
0.11482341887134011,0.7327673884767412,19331,GPD,tail,21.39793168391183,0.090625,Puntarenas_OTROS_Hidrometereológico
0.11482341887134011,0.7327673884767412,19332,GPD,tail,21.39793168391183,0.090625,Puntarenas_OTROS_Hidrometereológico
0.11482341887134011,0.7327673884767412,19333,GPD,tail,21.39793168391183,0.090625,Puntarenas_OTROS_Hidrometereológico
0.11482341887134011,0.7327673884767412,19334,GPD,tail,21.39793168391183,0.090625,Puntarenas_OTROS_Hidrometereológico
0.11482341887134011,0.7327673884767412,19335,GPD,tail,21.39793168391183,0.090625,Puntarenas_OTROS_Hidrometereológico
0.11482341887134011,0.7327673884767412,19336,GPD,tail,21.39793168391183,0.090625,Puntarenas_OTROS_Hidrometereológico
0.11482341887134011,0.7327673884767412,19337,GPD,tail,21.39793168391183,0.090625,Puntarenas_OTROS_Hidrometereológico
0.11482341887134011,0.7327673884767412,19338,GPD,tail,21.39793168391183,0.090625,Puntarenas_OTROS_Hidrometereológico
0.11482341887134011,0.7327673884767412,19339,GPD,tail,21.39793168391183,0.090625,Puntarenas_OTROS_Hidrometereológico
0.11482341887134011,0.7327673884767412,19340,GPD,tail,21.39793168391183,0.090625,Puntarenas_OTROS_Hidrometereológico
0.11482341887134011,0.7327673884767412,19341,GPD,tail,21.39793168391183,0.090625,Puntarenas_OTROS_Hidrometereológico
0.11482341887134011,0.7327673884767412,19342,GPD,tail,21.39793168391183,0.090625,Puntarenas_OTROS_Hidrometereológico
0.11482341887134011,0.7327673884767412,19343,GPD,tail,21.39793168391183,0.090625,Puntarenas_OTROS_Hidrometereológico
0.11482341887134011,0.7327673884767412,19344,GPD,tail,21.39793168391183,0.090625,Puntarenas_OTROS_Hidrometereológico
0.11482341887134011,0.7327673884767412,19345,GPD,tail,21.39793168391183,0.090625,Puntarenas_OTROS_Hidrometereológico
0.11482341887134011,0.7327673884767412,19346,GPD,tail,21.39793168391183,0.090625,Puntarenas_OTROS_Hidrometereológico
0.03715403875220025,0.7249216915713448,19347,GPD,tail,21.39793168391183,0.090625,Puntarenas_OTROS_Hidrometereológico
0.03715403875220025,0.7249216915713448,19348,GPD,tail,21.39793168391183,0.090625,Puntarenas_OTROS_Hidrometereológico
0.03715403875220025,0.7249216915713448,19349,GPD,tail,21.39793168391183,0.090625,Puntarenas_OTROS_Hidrometereológico
-0.17094076303883687,0.928925445182129,19350,GPD,tail,21.39793168391183,0.090625,Puntarenas_OTROS_Hidrometereológico
-0.17513910229673052,1.016339370854765,19351,GPD,tail,21.39793168391183,0.090625,Puntarenas_OTROS_Hidrometereológico
-0.17513910229673052,1.016339370854765,19352,GPD,tail,21.39793168391183,0.090625,Puntarenas_OTROS_Hidrometereológico
-0.17513910229673052,1.016339370854765,19353,GPD,tail,21.39793168391183,0.090625,Puntarenas_OTROS_Hidrometereológico
-0.17513910229673052,1.016339370854765,19354,GPD,tail,21.39793168391183,0.090625,Puntarenas_OTROS_Hidrometereológico
-0.17513910229673052,1.016339370854765,19355,GPD,tail,21.39793168391183,0.090625,Puntarenas_OTROS_Hidrometereológico
-0.17513910229673052,1.016339370854765,19356,GPD,tail,21.39793168391183,0.090625,Puntarenas_OTROS_Hidrometereológico
-0.17513910229673052,1.016339370854765,19357,GPD,tail,21.39793168391183,0.090625,Puntarenas_OTROS_Hidrometereológico
-0.17513910229673052,1.016339370854765,19358,GPD,tail,21.39793168391183,0.090625,Puntarenas_OTROS_Hidrometereológico
-0.17513910229673052,1.016339370854765,19359,GPD,tail,21.39793168391183,0.090625,Puntarenas_OTROS_Hidrometereológico
-0.17513910229673052,1.016339370854765,19360,GPD,tail,21.39793168391183,0.090625,Puntarenas_OTROS_Hidrometereológico
-0.17513910229673052,1.016339370854765,19361,GPD,tail,21.39793168391183,0.090625,Puntarenas_OTROS_Hidrometereológico
-0.17513910229673052,1.016339370854765,19362,GPD,tail,21.39793168391183,0.090625,Puntarenas_OTROS_Hidrometereológico
-0.17513910229673052,1.016339370854765,19363,GPD,tail,21.39793168391183,0.090625,Puntarenas_OTROS_Hidrometereológico
-0.17513910229673052,1.016339370854765,19364,GPD,tail,21.39793168391183,0.090625,Puntarenas_OTROS_Hidrometereológico
-0.17513910229673052,1.016339370854765,19365,GPD,tail,21.39793168391183,0.090625,Puntarenas_OTROS_Hidrometereológico
-0.1384540190345725,1.0299988008072474,19366,GPD,tail,21.39793168391183,0.090625,Puntarenas_OTROS_Hidrometereológico
-0.1384540190345725,1.0299988008072474,19367,GPD,tail,21.39793168391183,0.090625,Puntarenas_OTROS_Hidrometereológico
-0.1384540190345725,1.0299988008072474,19368,GPD,tail,21.39793168391183,0.090625,Puntarenas_OTROS_Hidrometereológico
-0.1384540190345725,1.0299988008072474,19369,GPD,tail,21.39793168391183,0.090625,Puntarenas_OTROS_Hidrometereológico
-0.1384540190345725,1.0299988008072474,19370,GPD,tail,21.39793168391183,0.090625,Puntarenas_OTROS_Hidrometereológico
-0.1384540190345725,1.0299988008072474,19371,GPD,tail,21.39793168391183,0.090625,Puntarenas_OTROS_Hidrometereológico
-0.1384540190345725,1.0299988008072474,19372,GPD,tail,21.39793168391183,0.090625,Puntarenas_OTROS_Hidrometereológico
-0.1384540190345725,1.0299988008072474,19373,GPD,tail,21.39793168391183,0.090625,Puntarenas_OTROS_Hidrometereológico
-0.1384540190345725,1.0299988008072474,19374,GPD,tail,21.39793168391183,0.090625,Puntarenas_OTROS_Hidrometereológico
-0.1384540190345725,1.0299988008072474,19375,GPD,tail,21.39793168391183,0.090625,Puntarenas_OTROS_Hidrometereológico
-0.1384540190345725,1.0299988008072474,19376,GPD,tail,21.39793168391183,0.090625,Puntarenas_OTROS_Hidrometereológico
-0.1384540190345725,1.0299988008072474,19377,GPD,tail,21.39793168391183,0.090625,Puntarenas_OTROS_Hidrometereológico
-0.1384540190345725,1.0299988008072474,19378,GPD,tail,21.39793168391183,0.090625,Puntarenas_OTROS_Hidrometereológico
-0.1384540190345725,1.0299988008072474,19379,GPD,tail,21.39793168391183,0.090625,Puntarenas_OTROS_Hidrometereológico
-0.1384540190345725,1.0299988008072474,19380,GPD,tail,21.39793168391183,0.090625,Puntarenas_OTROS_Hidrometereológico
-0.1384540190345725,1.0299988008072474,19381,GPD,tail,21.39793168391183,0.090625,Puntarenas_OTROS_Hidrometereológico
-0.1384540190345725,1.0299988008072474,19382,GPD,tail,21.39793168391183,0.090625,Puntarenas_OTROS_Hidrometereológico
-0.1384540190345725,1.0299988008072474,19383,GPD,tail,21.39793168391183,0.090625,Puntarenas_OTROS_Hidrometereológico
-0.1384540190345725,1.0299988008072474,19384,GPD,tail,21.39793168391183,0.090625,Puntarenas_OTROS_Hidrometereológico
-0.1384540190345725,1.0299988008072474,19385,GPD,tail,21.39793168391183,0.090625,Puntarenas_OTROS_Hidrometereológico
-0.1384540190345725,1.0299988008072474,19386,GPD,tail,21.39793168391183,0.090625,Puntarenas_OTROS_Hidrometereológico
-0.1384540190345725,1.0299988008072474,19387,GPD,tail,21.39793168391183,0.090625,Puntarenas_OTROS_Hidrometereológico
0.0014820126904158681,0.7755771911584002,19388,GPD,tail,21.39793168391183,0.090625,Puntarenas_OTROS_Hidrometereológico
0.0014820126904158681,0.7755771911584002,19389,GPD,tail,21.39793168391183,0.090625,Puntarenas_OTROS_Hidrometereológico
0.0014820126904158681,0.7755771911584002,19390,GPD,tail,21.39793168391183,0.090625,Puntarenas_OTROS_Hidrometereológico
-0.04054589215676063,0.8308095508384379,19391,GPD,tail,21.39793168391183,0.090625,Puntarenas_OTROS_Hidrometereológico
-0.04054589215676063,0.8308095508384379,19392,GPD,tail,21.39793168391183,0.090625,Puntarenas_OTROS_Hidrometereológico
-0.04054589215676063,0.8308095508384379,19393,GPD,tail,21.39793168391183,0.090625,Puntarenas_OTROS_Hidrometereológico
-0.04054589215676063,0.8308095508384379,19394,GPD,tail,21.39793168391183,0.090625,Puntarenas_OTROS_Hidrometereológico
-0.04054589215676063,0.8308095508384379,19395,GPD,tail,21.39793168391183,0.090625,Puntarenas_OTROS_Hidrometereológico
-0.04054589215676063,0.8308095508384379,19396,GPD,tail,21.39793168391183,0.090625,Puntarenas_OTROS_Hidrometereológico
-0.04054589215676063,0.8308095508384379,19397,GPD,tail,21.39793168391183,0.090625,Puntarenas_OTROS_Hidrometereológico
-0.04054589215676063,0.8308095508384379,19398,GPD,tail,21.39793168391183,0.090625,Puntarenas_OTROS_Hidrometereológico
-0.04054589215676063,0.8308095508384379,19399,GPD,tail,21.39793168391183,0.090625,Puntarenas_OTROS_Hidrometereológico
0.024873119523144444,0.8347024573466163,19400,GPD,tail,21.39793168391183,0.090625,Puntarenas_OTROS_Hidrometereológico
0.024873119523144444,0.8347024573466163,19401,GPD,tail,21.39793168391183,0.090625,Puntarenas_OTROS_Hidrometereológico
0.024873119523144444,0.8347024573466163,19402,GPD,tail,21.39793168391183,0.090625,Puntarenas_OTROS_Hidrometereológico
0.024873119523144444,0.8347024573466163,19403,GPD,tail,21.39793168391183,0.090625,Puntarenas_OTROS_Hidrometereológico
0.024873119523144444,0.8347024573466163,19404,GPD,tail,21.39793168391183,0.090625,Puntarenas_OTROS_Hidrometereológico
0.024873119523144444,0.8347024573466163,19405,GPD,tail,21.39793168391183,0.090625,Puntarenas_OTROS_Hidrometereológico
0.024873119523144444,0.8347024573466163,19406,GPD,tail,21.39793168391183,0.090625,Puntarenas_OTROS_Hidrometereológico
0.024873119523144444,0.8347024573466163,19407,GPD,tail,21.39793168391183,0.090625,Puntarenas_OTROS_Hidrometereológico
0.024873119523144444,0.8347024573466163,19408,GPD,tail,21.39793168391183,0.090625,Puntarenas_OTROS_Hidrometereológico
0.024873119523144444,0.8347024573466163,19409,GPD,tail,21.39793168391183,0.090625,Puntarenas_OTROS_Hidrometereológico
0.024873119523144444,0.8347024573466163,19410,GPD,tail,21.39793168391183,0.090625,Puntarenas_OTROS_Hidrometereológico
0.024873119523144444,0.8347024573466163,19411,GPD,tail,21.39793168391183,0.090625,Puntarenas_OTROS_Hidrometereológico
0.024873119523144444,0.8347024573466163,19412,GPD,tail,21.39793168391183,0.090625,Puntarenas_OTROS_Hidrometereológico
0.024873119523144444,0.8347024573466163,19413,GPD,tail,21.39793168391183,0.090625,Puntarenas_OTROS_Hidrometereológico
0.08773928471800299,0.7399761406477922,19414,GPD,tail,21.39793168391183,0.090625,Puntarenas_OTROS_Hidrometereológico
0.08773928471800299,0.7399761406477922,19415,GPD,tail,21.39793168391183,0.090625,Puntarenas_OTROS_Hidrometereológico
0.08773928471800299,0.7399761406477922,19416,GPD,tail,21.39793168391183,0.090625,Puntarenas_OTROS_Hidrometereológico
0.08773928471800299,0.7399761406477922,19417,GPD,tail,21.39793168391183,0.090625,Puntarenas_OTROS_Hidrometereológico
0.08773928471800299,0.7399761406477922,19418,GPD,tail,21.39793168391183,0.090625,Puntarenas_OTROS_Hidrometereológico
0.08773928471800299,0.7399761406477922,19419,GPD,tail,21.39793168391183,0.090625,Puntarenas_OTROS_Hidrometereológico
0.08773928471800299,0.7399761406477922,19420,GPD,tail,21.39793168391183,0.090625,Puntarenas_OTROS_Hidrometereológico
0.08773928471800299,0.7399761406477922,19421,GPD,tail,21.39793168391183,0.090625,Puntarenas_OTROS_Hidrometereológico
0.08773928471800299,0.7399761406477922,19422,GPD,tail,21.39793168391183,0.090625,Puntarenas_OTROS_Hidrometereológico
0.08773928471800299,0.7399761406477922,19423,GPD,tail,21.39793168391183,0.090625,Puntarenas_OTROS_Hidrometereológico
0.08773928471800299,0.7399761406477922,19424,GPD,tail,21.39793168391183,0.090625,Puntarenas_OTROS_Hidrometereológico
0.08773928471800299,0.7399761406477922,19425,GPD,tail,21.39793168391183,0.090625,Puntarenas_OTROS_Hidrometereológico
0.08773928471800299,0.7399761406477922,19426,GPD,tail,21.39793168391183,0.090625,Puntarenas_OTROS_Hidrometereológico
0.08773928471800299,0.7399761406477922,19427,GPD,tail,21.39793168391183,0.090625,Puntarenas_OTROS_Hidrometereológico
0.08773928471800299,0.7399761406477922,19428,GPD,tail,21.39793168391183,0.090625,Puntarenas_OTROS_Hidrometereológico
0.08773928471800299,0.7399761406477922,19429,GPD,tail,21.39793168391183,0.090625,Puntarenas_OTROS_Hidrometereológico
-0.09523867118382495,0.8810958310510508,19430,GPD,tail,21.39793168391183,0.090625,Puntarenas_OTROS_Hidrometereológico
-0.09523867118382495,0.8810958310510508,19431,GPD,tail,21.39793168391183,0.090625,Puntarenas_OTROS_Hidrometereológico
-0.09523867118382495,0.8810958310510508,19432,GPD,tail,21.39793168391183,0.090625,Puntarenas_OTROS_Hidrometereológico
-0.09523867118382495,0.8810958310510508,19433,GPD,tail,21.39793168391183,0.090625,Puntarenas_OTROS_Hidrometereológico
-0.09523867118382495,0.8810958310510508,19434,GPD,tail,21.39793168391183,0.090625,Puntarenas_OTROS_Hidrometereológico
-0.09523867118382495,0.8810958310510508,19435,GPD,tail,21.39793168391183,0.090625,Puntarenas_OTROS_Hidrometereológico
-0.09523867118382495,0.8810958310510508,19436,GPD,tail,21.39793168391183,0.090625,Puntarenas_OTROS_Hidrometereológico
-0.09523867118382495,0.8810958310510508,19437,GPD,tail,21.39793168391183,0.090625,Puntarenas_OTROS_Hidrometereológico
-0.07776557483565893,0.9772389614247604,19438,GPD,tail,21.39793168391183,0.090625,Puntarenas_OTROS_Hidrometereológico
-0.07776557483565893,0.9772389614247604,19439,GPD,tail,21.39793168391183,0.090625,Puntarenas_OTROS_Hidrometereológico
-0.07776557483565893,0.9772389614247604,19440,GPD,tail,21.39793168391183,0.090625,Puntarenas_OTROS_Hidrometereológico
-0.09514035295263755,0.8376035838098984,19441,GPD,tail,21.39793168391183,0.090625,Puntarenas_OTROS_Hidrometereológico
-0.09514035295263755,0.8376035838098984,19442,GPD,tail,21.39793168391183,0.090625,Puntarenas_OTROS_Hidrometereológico
-0.09514035295263755,0.8376035838098984,19443,GPD,tail,21.39793168391183,0.090625,Puntarenas_OTROS_Hidrometereológico
-0.09514035295263755,0.8376035838098984,19444,GPD,tail,21.39793168391183,0.090625,Puntarenas_OTROS_Hidrometereológico
-0.09514035295263755,0.8376035838098984,19445,GPD,tail,21.39793168391183,0.090625,Puntarenas_OTROS_Hidrometereológico
-0.09514035295263755,0.8376035838098984,19446,GPD,tail,21.39793168391183,0.090625,Puntarenas_OTROS_Hidrometereológico
-0.09514035295263755,0.8376035838098984,19447,GPD,tail,21.39793168391183,0.090625,Puntarenas_OTROS_Hidrometereológico
-0.09514035295263755,0.8376035838098984,19448,GPD,tail,21.39793168391183,0.090625,Puntarenas_OTROS_Hidrometereológico
-0.09514035295263755,0.8376035838098984,19449,GPD,tail,21.39793168391183,0.090625,Puntarenas_OTROS_Hidrometereológico
-0.09514035295263755,0.8376035838098984,19450,GPD,tail,21.39793168391183,0.090625,Puntarenas_OTROS_Hidrometereológico
-0.16727260936061195,0.9739777381261782,19451,GPD,tail,21.39793168391183,0.090625,Puntarenas_OTROS_Hidrometereológico
-0.16727260936061195,0.9739777381261782,19452,GPD,tail,21.39793168391183,0.090625,Puntarenas_OTROS_Hidrometereológico
-0.16727260936061195,0.9739777381261782,19453,GPD,tail,21.39793168391183,0.090625,Puntarenas_OTROS_Hidrometereológico
-0.16727260936061195,0.9739777381261782,19454,GPD,tail,21.39793168391183,0.090625,Puntarenas_OTROS_Hidrometereológico
-0.16727260936061195,0.9739777381261782,19455,GPD,tail,21.39793168391183,0.090625,Puntarenas_OTROS_Hidrometereológico
-0.16727260936061195,0.9739777381261782,19456,GPD,tail,21.39793168391183,0.090625,Puntarenas_OTROS_Hidrometereológico
-0.16727260936061195,0.9739777381261782,19457,GPD,tail,21.39793168391183,0.090625,Puntarenas_OTROS_Hidrometereológico
-0.16727260936061195,0.9739777381261782,19458,GPD,tail,21.39793168391183,0.090625,Puntarenas_OTROS_Hidrometereológico
-0.16727260936061195,0.9739777381261782,19459,GPD,tail,21.39793168391183,0.090625,Puntarenas_OTROS_Hidrometereológico
-0.16727260936061195,0.9739777381261782,19460,GPD,tail,21.39793168391183,0.090625,Puntarenas_OTROS_Hidrometereológico
-0.16727260936061195,0.9739777381261782,19461,GPD,tail,21.39793168391183,0.090625,Puntarenas_OTROS_Hidrometereológico
-0.16727260936061195,0.9739777381261782,19462,GPD,tail,21.39793168391183,0.090625,Puntarenas_OTROS_Hidrometereológico
-0.16727260936061195,0.9739777381261782,19463,GPD,tail,21.39793168391183,0.090625,Puntarenas_OTROS_Hidrometereológico
-0.16727260936061195,0.9739777381261782,19464,GPD,tail,21.39793168391183,0.090625,Puntarenas_OTROS_Hidrometereológico
-0.16727260936061195,0.9739777381261782,19465,GPD,tail,21.39793168391183,0.090625,Puntarenas_OTROS_Hidrometereológico
-0.16727260936061195,0.9739777381261782,19466,GPD,tail,21.39793168391183,0.090625,Puntarenas_OTROS_Hidrometereológico
-0.16727260936061195,0.9739777381261782,19467,GPD,tail,21.39793168391183,0.090625,Puntarenas_OTROS_Hidrometereológico
-0.16727260936061195,0.9739777381261782,19468,GPD,tail,21.39793168391183,0.090625,Puntarenas_OTROS_Hidrometereológico
-0.16727260936061195,0.9739777381261782,19469,GPD,tail,21.39793168391183,0.090625,Puntarenas_OTROS_Hidrometereológico
-0.16727260936061195,0.9739777381261782,19470,GPD,tail,21.39793168391183,0.090625,Puntarenas_OTROS_Hidrometereológico
-0.16727260936061195,0.9739777381261782,19471,GPD,tail,21.39793168391183,0.090625,Puntarenas_OTROS_Hidrometereológico
-0.16727260936061195,0.9739777381261782,19472,GPD,tail,21.39793168391183,0.090625,Puntarenas_OTROS_Hidrometereológico
-0.16727260936061195,0.9739777381261782,19473,GPD,tail,21.39793168391183,0.090625,Puntarenas_OTROS_Hidrometereológico
-0.16727260936061195,0.9739777381261782,19474,GPD,tail,21.39793168391183,0.090625,Puntarenas_OTROS_Hidrometereológico
-0.16727260936061195,0.9739777381261782,19475,GPD,tail,21.39793168391183,0.090625,Puntarenas_OTROS_Hidrometereológico
-0.16727260936061195,0.9739777381261782,19476,GPD,tail,21.39793168391183,0.090625,Puntarenas_OTROS_Hidrometereológico
-0.16727260936061195,0.9739777381261782,19477,GPD,tail,21.39793168391183,0.090625,Puntarenas_OTROS_Hidrometereológico
-0.16727260936061195,0.9739777381261782,19478,GPD,tail,21.39793168391183,0.090625,Puntarenas_OTROS_Hidrometereológico
-0.16727260936061195,0.9739777381261782,19479,GPD,tail,21.39793168391183,0.090625,Puntarenas_OTROS_Hidrometereológico
-0.16727260936061195,0.9739777381261782,19480,GPD,tail,21.39793168391183,0.090625,Puntarenas_OTROS_Hidrometereológico
-0.16727260936061195,0.9739777381261782,19481,GPD,tail,21.39793168391183,0.090625,Puntarenas_OTROS_Hidrometereológico
-0.16727260936061195,0.9739777381261782,19482,GPD,tail,21.39793168391183,0.090625,Puntarenas_OTROS_Hidrometereológico
-0.16727260936061195,0.9739777381261782,19483,GPD,tail,21.39793168391183,0.090625,Puntarenas_OTROS_Hidrometereológico
-0.16727260936061195,0.9739777381261782,19484,GPD,tail,21.39793168391183,0.090625,Puntarenas_OTROS_Hidrometereológico
-0.16727260936061195,0.9739777381261782,19485,GPD,tail,21.39793168391183,0.090625,Puntarenas_OTROS_Hidrometereológico
-0.16727260936061195,0.9739777381261782,19486,GPD,tail,21.39793168391183,0.090625,Puntarenas_OTROS_Hidrometereológico
-0.16727260936061195,0.9739777381261782,19487,GPD,tail,21.39793168391183,0.090625,Puntarenas_OTROS_Hidrometereológico
-0.16727260936061195,0.9739777381261782,19488,GPD,tail,21.39793168391183,0.090625,Puntarenas_OTROS_Hidrometereológico
-0.16727260936061195,0.9739777381261782,19489,GPD,tail,21.39793168391183,0.090625,Puntarenas_OTROS_Hidrometereológico
-0.16727260936061195,0.9739777381261782,19490,GPD,tail,21.39793168391183,0.090625,Puntarenas_OTROS_Hidrometereológico
-0.16727260936061195,0.9739777381261782,19491,GPD,tail,21.39793168391183,0.090625,Puntarenas_OTROS_Hidrometereológico
-0.16727260936061195,0.9739777381261782,19492,GPD,tail,21.39793168391183,0.090625,Puntarenas_OTROS_Hidrometereológico
-0.16727260936061195,0.9739777381261782,19493,GPD,tail,21.39793168391183,0.090625,Puntarenas_OTROS_Hidrometereológico
-0.16727260936061195,0.9739777381261782,19494,GPD,tail,21.39793168391183,0.090625,Puntarenas_OTROS_Hidrometereológico
-0.16727260936061195,0.9739777381261782,19495,GPD,tail,21.39793168391183,0.090625,Puntarenas_OTROS_Hidrometereológico
-0.16727260936061195,0.9739777381261782,19496,GPD,tail,21.39793168391183,0.090625,Puntarenas_OTROS_Hidrometereológico
-0.16727260936061195,0.9739777381261782,19497,GPD,tail,21.39793168391183,0.090625,Puntarenas_OTROS_Hidrometereológico
-0.16727260936061195,0.9739777381261782,19498,GPD,tail,21.39793168391183,0.090625,Puntarenas_OTROS_Hidrometereológico
0.019611550082337892,0.7758234893290858,19499,GPD,tail,21.39793168391183,0.090625,Puntarenas_OTROS_Hidrometereológico
0.019611550082337892,0.7758234893290858,19500,GPD,tail,21.39793168391183,0.090625,Puntarenas_OTROS_Hidrometereológico
0.019611550082337892,0.7758234893290858,19501,GPD,tail,21.39793168391183,0.090625,Puntarenas_OTROS_Hidrometereológico
0.019611550082337892,0.7758234893290858,19502,GPD,tail,21.39793168391183,0.090625,Puntarenas_OTROS_Hidrometereológico
0.019611550082337892,0.7758234893290858,19503,GPD,tail,21.39793168391183,0.090625,Puntarenas_OTROS_Hidrometereológico
0.019611550082337892,0.7758234893290858,19504,GPD,tail,21.39793168391183,0.090625,Puntarenas_OTROS_Hidrometereológico
0.019611550082337892,0.7758234893290858,19505,GPD,tail,21.39793168391183,0.090625,Puntarenas_OTROS_Hidrometereológico
0.019611550082337892,0.7758234893290858,19506,GPD,tail,21.39793168391183,0.090625,Puntarenas_OTROS_Hidrometereológico
0.019611550082337892,0.7758234893290858,19507,GPD,tail,21.39793168391183,0.090625,Puntarenas_OTROS_Hidrometereológico
0.019611550082337892,0.7758234893290858,19508,GPD,tail,21.39793168391183,0.090625,Puntarenas_OTROS_Hidrometereológico
0.019611550082337892,0.7758234893290858,19509,GPD,tail,21.39793168391183,0.090625,Puntarenas_OTROS_Hidrometereológico
0.019611550082337892,0.7758234893290858,19510,GPD,tail,21.39793168391183,0.090625,Puntarenas_OTROS_Hidrometereológico
0.019611550082337892,0.7758234893290858,19511,GPD,tail,21.39793168391183,0.090625,Puntarenas_OTROS_Hidrometereológico
0.019611550082337892,0.7758234893290858,19512,GPD,tail,21.39793168391183,0.090625,Puntarenas_OTROS_Hidrometereológico
0.019611550082337892,0.7758234893290858,19513,GPD,tail,21.39793168391183,0.090625,Puntarenas_OTROS_Hidrometereológico
0.019611550082337892,0.7758234893290858,19514,GPD,tail,21.39793168391183,0.090625,Puntarenas_OTROS_Hidrometereológico
0.019611550082337892,0.7758234893290858,19515,GPD,tail,21.39793168391183,0.090625,Puntarenas_OTROS_Hidrometereológico
0.019611550082337892,0.7758234893290858,19516,GPD,tail,21.39793168391183,0.090625,Puntarenas_OTROS_Hidrometereológico
0.019611550082337892,0.7758234893290858,19517,GPD,tail,21.39793168391183,0.090625,Puntarenas_OTROS_Hidrometereológico
0.019611550082337892,0.7758234893290858,19518,GPD,tail,21.39793168391183,0.090625,Puntarenas_OTROS_Hidrometereológico
0.019611550082337892,0.7758234893290858,19519,GPD,tail,21.39793168391183,0.090625,Puntarenas_OTROS_Hidrometereológico
0.019611550082337892,0.7758234893290858,19520,GPD,tail,21.39793168391183,0.090625,Puntarenas_OTROS_Hidrometereológico
0.019611550082337892,0.7758234893290858,19521,GPD,tail,21.39793168391183,0.090625,Puntarenas_OTROS_Hidrometereológico
0.019611550082337892,0.7758234893290858,19522,GPD,tail,21.39793168391183,0.090625,Puntarenas_OTROS_Hidrometereológico
-0.1588436148101931,0.9108904979011295,19523,GPD,tail,21.39793168391183,0.090625,Puntarenas_OTROS_Hidrometereológico
-0.1588436148101931,0.9108904979011295,19524,GPD,tail,21.39793168391183,0.090625,Puntarenas_OTROS_Hidrometereológico
-0.1588436148101931,0.9108904979011295,19525,GPD,tail,21.39793168391183,0.090625,Puntarenas_OTROS_Hidrometereológico
-0.15371053139840987,0.8988343808666637,19526,GPD,tail,21.39793168391183,0.090625,Puntarenas_OTROS_Hidrometereológico
-0.15371053139840987,0.8988343808666637,19527,GPD,tail,21.39793168391183,0.090625,Puntarenas_OTROS_Hidrometereológico
-0.15371053139840987,0.8988343808666637,19528,GPD,tail,21.39793168391183,0.090625,Puntarenas_OTROS_Hidrometereológico
-0.15371053139840987,0.8988343808666637,19529,GPD,tail,21.39793168391183,0.090625,Puntarenas_OTROS_Hidrometereológico
-0.15371053139840987,0.8988343808666637,19530,GPD,tail,21.39793168391183,0.090625,Puntarenas_OTROS_Hidrometereológico
-0.15371053139840987,0.8988343808666637,19531,GPD,tail,21.39793168391183,0.090625,Puntarenas_OTROS_Hidrometereológico
-0.15371053139840987,0.8988343808666637,19532,GPD,tail,21.39793168391183,0.090625,Puntarenas_OTROS_Hidrometereológico
-0.15371053139840987,0.8988343808666637,19533,GPD,tail,21.39793168391183,0.090625,Puntarenas_OTROS_Hidrometereológico
-0.15371053139840987,0.8988343808666637,19534,GPD,tail,21.39793168391183,0.090625,Puntarenas_OTROS_Hidrometereológico
-0.15371053139840987,0.8988343808666637,19535,GPD,tail,21.39793168391183,0.090625,Puntarenas_OTROS_Hidrometereológico
-0.15371053139840987,0.8988343808666637,19536,GPD,tail,21.39793168391183,0.090625,Puntarenas_OTROS_Hidrometereológico
-0.15371053139840987,0.8988343808666637,19537,GPD,tail,21.39793168391183,0.090625,Puntarenas_OTROS_Hidrometereológico
-0.15371053139840987,0.8988343808666637,19538,GPD,tail,21.39793168391183,0.090625,Puntarenas_OTROS_Hidrometereológico
-0.15371053139840987,0.8988343808666637,19539,GPD,tail,21.39793168391183,0.090625,Puntarenas_OTROS_Hidrometereológico
-0.15371053139840987,0.8988343808666637,19540,GPD,tail,21.39793168391183,0.090625,Puntarenas_OTROS_Hidrometereológico
-0.0010431700834495072,0.835576182293943,19541,GPD,tail,21.39793168391183,0.090625,Puntarenas_OTROS_Hidrometereológico
-0.0010431700834495072,0.835576182293943,19542,GPD,tail,21.39793168391183,0.090625,Puntarenas_OTROS_Hidrometereológico
-0.0010431700834495072,0.835576182293943,19543,GPD,tail,21.39793168391183,0.090625,Puntarenas_OTROS_Hidrometereológico
-0.0010431700834495072,0.835576182293943,19544,GPD,tail,21.39793168391183,0.090625,Puntarenas_OTROS_Hidrometereológico
-0.0010431700834495072,0.835576182293943,19545,GPD,tail,21.39793168391183,0.090625,Puntarenas_OTROS_Hidrometereológico
-0.0010431700834495072,0.835576182293943,19546,GPD,tail,21.39793168391183,0.090625,Puntarenas_OTROS_Hidrometereológico
-0.14162490959941146,0.9197748538034379,19547,GPD,tail,21.39793168391183,0.090625,Puntarenas_OTROS_Hidrometereológico
-0.14162490959941146,0.9197748538034379,19548,GPD,tail,21.39793168391183,0.090625,Puntarenas_OTROS_Hidrometereológico
-0.14162490959941146,0.9197748538034379,19549,GPD,tail,21.39793168391183,0.090625,Puntarenas_OTROS_Hidrometereológico
-0.14162490959941146,0.9197748538034379,19550,GPD,tail,21.39793168391183,0.090625,Puntarenas_OTROS_Hidrometereológico
-0.14162490959941146,0.9197748538034379,19551,GPD,tail,21.39793168391183,0.090625,Puntarenas_OTROS_Hidrometereológico
-0.05618472957766739,0.872837553868848,19552,GPD,tail,21.39793168391183,0.090625,Puntarenas_OTROS_Hidrometereológico
-0.05618472957766739,0.872837553868848,19553,GPD,tail,21.39793168391183,0.090625,Puntarenas_OTROS_Hidrometereológico
-0.05618472957766739,0.872837553868848,19554,GPD,tail,21.39793168391183,0.090625,Puntarenas_OTROS_Hidrometereológico
-0.05618472957766739,0.872837553868848,19555,GPD,tail,21.39793168391183,0.090625,Puntarenas_OTROS_Hidrometereológico
-0.05618472957766739,0.872837553868848,19556,GPD,tail,21.39793168391183,0.090625,Puntarenas_OTROS_Hidrometereológico
-0.05618472957766739,0.872837553868848,19557,GPD,tail,21.39793168391183,0.090625,Puntarenas_OTROS_Hidrometereológico
-0.05618472957766739,0.872837553868848,19558,GPD,tail,21.39793168391183,0.090625,Puntarenas_OTROS_Hidrometereológico
-0.05618472957766739,0.872837553868848,19559,GPD,tail,21.39793168391183,0.090625,Puntarenas_OTROS_Hidrometereológico
-0.05618472957766739,0.872837553868848,19560,GPD,tail,21.39793168391183,0.090625,Puntarenas_OTROS_Hidrometereológico
-0.05618472957766739,0.872837553868848,19561,GPD,tail,21.39793168391183,0.090625,Puntarenas_OTROS_Hidrometereológico
-0.05618472957766739,0.872837553868848,19562,GPD,tail,21.39793168391183,0.090625,Puntarenas_OTROS_Hidrometereológico
-0.05618472957766739,0.872837553868848,19563,GPD,tail,21.39793168391183,0.090625,Puntarenas_OTROS_Hidrometereológico
-0.05618472957766739,0.872837553868848,19564,GPD,tail,21.39793168391183,0.090625,Puntarenas_OTROS_Hidrometereológico
-0.05618472957766739,0.872837553868848,19565,GPD,tail,21.39793168391183,0.090625,Puntarenas_OTROS_Hidrometereológico
-0.05618472957766739,0.872837553868848,19566,GPD,tail,21.39793168391183,0.090625,Puntarenas_OTROS_Hidrometereológico
-0.05618472957766739,0.872837553868848,19567,GPD,tail,21.39793168391183,0.090625,Puntarenas_OTROS_Hidrometereológico
-0.05618472957766739,0.872837553868848,19568,GPD,tail,21.39793168391183,0.090625,Puntarenas_OTROS_Hidrometereológico
-0.05618472957766739,0.872837553868848,19569,GPD,tail,21.39793168391183,0.090625,Puntarenas_OTROS_Hidrometereológico
-0.05618472957766739,0.872837553868848,19570,GPD,tail,21.39793168391183,0.090625,Puntarenas_OTROS_Hidrometereológico
-0.05618472957766739,0.872837553868848,19571,GPD,tail,21.39793168391183,0.090625,Puntarenas_OTROS_Hidrometereológico
-0.05618472957766739,0.872837553868848,19572,GPD,tail,21.39793168391183,0.090625,Puntarenas_OTROS_Hidrometereológico
-0.05618472957766739,0.872837553868848,19573,GPD,tail,21.39793168391183,0.090625,Puntarenas_OTROS_Hidrometereológico
-0.05618472957766739,0.872837553868848,19574,GPD,tail,21.39793168391183,0.090625,Puntarenas_OTROS_Hidrometereológico
-0.05618472957766739,0.872837553868848,19575,GPD,tail,21.39793168391183,0.090625,Puntarenas_OTROS_Hidrometereológico
-0.05618472957766739,0.872837553868848,19576,GPD,tail,21.39793168391183,0.090625,Puntarenas_OTROS_Hidrometereológico
-0.05618472957766739,0.872837553868848,19577,GPD,tail,21.39793168391183,0.090625,Puntarenas_OTROS_Hidrometereológico
-0.05618472957766739,0.872837553868848,19578,GPD,tail,21.39793168391183,0.090625,Puntarenas_OTROS_Hidrometereológico
-0.05618472957766739,0.872837553868848,19579,GPD,tail,21.39793168391183,0.090625,Puntarenas_OTROS_Hidrometereológico
-0.05618472957766739,0.872837553868848,19580,GPD,tail,21.39793168391183,0.090625,Puntarenas_OTROS_Hidrometereológico
-0.05618472957766739,0.872837553868848,19581,GPD,tail,21.39793168391183,0.090625,Puntarenas_OTROS_Hidrometereológico
-0.05618472957766739,0.872837553868848,19582,GPD,tail,21.39793168391183,0.090625,Puntarenas_OTROS_Hidrometereológico
-0.05618472957766739,0.872837553868848,19583,GPD,tail,21.39793168391183,0.090625,Puntarenas_OTROS_Hidrometereológico
-0.05618472957766739,0.872837553868848,19584,GPD,tail,21.39793168391183,0.090625,Puntarenas_OTROS_Hidrometereológico
-0.05618472957766739,0.872837553868848,19585,GPD,tail,21.39793168391183,0.090625,Puntarenas_OTROS_Hidrometereológico
-0.05618472957766739,0.872837553868848,19586,GPD,tail,21.39793168391183,0.090625,Puntarenas_OTROS_Hidrometereológico
-0.05618472957766739,0.872837553868848,19587,GPD,tail,21.39793168391183,0.090625,Puntarenas_OTROS_Hidrometereológico
-0.05618472957766739,0.872837553868848,19588,GPD,tail,21.39793168391183,0.090625,Puntarenas_OTROS_Hidrometereológico
-0.05618472957766739,0.872837553868848,19589,GPD,tail,21.39793168391183,0.090625,Puntarenas_OTROS_Hidrometereológico
-0.05618472957766739,0.872837553868848,19590,GPD,tail,21.39793168391183,0.090625,Puntarenas_OTROS_Hidrometereológico
-0.05618472957766739,0.872837553868848,19591,GPD,tail,21.39793168391183,0.090625,Puntarenas_OTROS_Hidrometereológico
-0.05618472957766739,0.872837553868848,19592,GPD,tail,21.39793168391183,0.090625,Puntarenas_OTROS_Hidrometereológico
-0.05618472957766739,0.872837553868848,19593,GPD,tail,21.39793168391183,0.090625,Puntarenas_OTROS_Hidrometereológico
-0.05618472957766739,0.872837553868848,19594,GPD,tail,21.39793168391183,0.090625,Puntarenas_OTROS_Hidrometereológico
-0.05618472957766739,0.872837553868848,19595,GPD,tail,21.39793168391183,0.090625,Puntarenas_OTROS_Hidrometereológico
-0.05618472957766739,0.872837553868848,19596,GPD,tail,21.39793168391183,0.090625,Puntarenas_OTROS_Hidrometereológico
-0.05618472957766739,0.872837553868848,19597,GPD,tail,21.39793168391183,0.090625,Puntarenas_OTROS_Hidrometereológico
-0.05618472957766739,0.872837553868848,19598,GPD,tail,21.39793168391183,0.090625,Puntarenas_OTROS_Hidrometereológico
-0.05618472957766739,0.872837553868848,19599,GPD,tail,21.39793168391183,0.090625,Puntarenas_OTROS_Hidrometereológico
-0.05618472957766739,0.872837553868848,19600,GPD,tail,21.39793168391183,0.090625,Puntarenas_OTROS_Hidrometereológico
-0.05618472957766739,0.872837553868848,19601,GPD,tail,21.39793168391183,0.090625,Puntarenas_OTROS_Hidrometereológico
-0.05618472957766739,0.872837553868848,19602,GPD,tail,21.39793168391183,0.090625,Puntarenas_OTROS_Hidrometereológico
-0.09414721892268339,0.8769039218709763,19603,GPD,tail,21.39793168391183,0.090625,Puntarenas_OTROS_Hidrometereológico
-0.09414721892268339,0.8769039218709763,19604,GPD,tail,21.39793168391183,0.090625,Puntarenas_OTROS_Hidrometereológico
-0.09414721892268339,0.8769039218709763,19605,GPD,tail,21.39793168391183,0.090625,Puntarenas_OTROS_Hidrometereológico
-0.09414721892268339,0.8769039218709763,19606,GPD,tail,21.39793168391183,0.090625,Puntarenas_OTROS_Hidrometereológico
-0.09414721892268339,0.8769039218709763,19607,GPD,tail,21.39793168391183,0.090625,Puntarenas_OTROS_Hidrometereológico
-0.09414721892268339,0.8769039218709763,19608,GPD,tail,21.39793168391183,0.090625,Puntarenas_OTROS_Hidrometereológico
-0.09414721892268339,0.8769039218709763,19609,GPD,tail,21.39793168391183,0.090625,Puntarenas_OTROS_Hidrometereológico
-0.09414721892268339,0.8769039218709763,19610,GPD,tail,21.39793168391183,0.090625,Puntarenas_OTROS_Hidrometereológico
-0.09414721892268339,0.8769039218709763,19611,GPD,tail,21.39793168391183,0.090625,Puntarenas_OTROS_Hidrometereológico
-0.09414721892268339,0.8769039218709763,19612,GPD,tail,21.39793168391183,0.090625,Puntarenas_OTROS_Hidrometereológico
-0.09414721892268339,0.8769039218709763,19613,GPD,tail,21.39793168391183,0.090625,Puntarenas_OTROS_Hidrometereológico
-0.09414721892268339,0.8769039218709763,19614,GPD,tail,21.39793168391183,0.090625,Puntarenas_OTROS_Hidrometereológico
-0.09414721892268339,0.8769039218709763,19615,GPD,tail,21.39793168391183,0.090625,Puntarenas_OTROS_Hidrometereológico
-0.09414721892268339,0.8769039218709763,19616,GPD,tail,21.39793168391183,0.090625,Puntarenas_OTROS_Hidrometereológico
-0.09414721892268339,0.8769039218709763,19617,GPD,tail,21.39793168391183,0.090625,Puntarenas_OTROS_Hidrometereológico
-0.09414721892268339,0.8769039218709763,19618,GPD,tail,21.39793168391183,0.090625,Puntarenas_OTROS_Hidrometereológico
-0.09414721892268339,0.8769039218709763,19619,GPD,tail,21.39793168391183,0.090625,Puntarenas_OTROS_Hidrometereológico
-0.09414721892268339,0.8769039218709763,19620,GPD,tail,21.39793168391183,0.090625,Puntarenas_OTROS_Hidrometereológico
-0.04607767287701518,0.8017673566904093,19621,GPD,tail,21.39793168391183,0.090625,Puntarenas_OTROS_Hidrometereológico
-0.04607767287701518,0.8017673566904093,19622,GPD,tail,21.39793168391183,0.090625,Puntarenas_OTROS_Hidrometereológico
-0.04607767287701518,0.8017673566904093,19623,GPD,tail,21.39793168391183,0.090625,Puntarenas_OTROS_Hidrometereológico
-0.04607767287701518,0.8017673566904093,19624,GPD,tail,21.39793168391183,0.090625,Puntarenas_OTROS_Hidrometereológico
-0.04607767287701518,0.8017673566904093,19625,GPD,tail,21.39793168391183,0.090625,Puntarenas_OTROS_Hidrometereológico
-0.04607767287701518,0.8017673566904093,19626,GPD,tail,21.39793168391183,0.090625,Puntarenas_OTROS_Hidrometereológico
-0.04607767287701518,0.8017673566904093,19627,GPD,tail,21.39793168391183,0.090625,Puntarenas_OTROS_Hidrometereológico
-0.06353963412308292,0.8581919573524076,19628,GPD,tail,21.39793168391183,0.090625,Puntarenas_OTROS_Hidrometereológico
-0.06353963412308292,0.8581919573524076,19629,GPD,tail,21.39793168391183,0.090625,Puntarenas_OTROS_Hidrometereológico
-0.06353963412308292,0.8581919573524076,19630,GPD,tail,21.39793168391183,0.090625,Puntarenas_OTROS_Hidrometereológico
-0.0688141616088948,0.8595471545216999,19631,GPD,tail,21.39793168391183,0.090625,Puntarenas_OTROS_Hidrometereológico
-0.0688141616088948,0.8595471545216999,19632,GPD,tail,21.39793168391183,0.090625,Puntarenas_OTROS_Hidrometereológico
-0.0688141616088948,0.8595471545216999,19633,GPD,tail,21.39793168391183,0.090625,Puntarenas_OTROS_Hidrometereológico
-0.0688141616088948,0.8595471545216999,19634,GPD,tail,21.39793168391183,0.090625,Puntarenas_OTROS_Hidrometereológico
-0.0688141616088948,0.8595471545216999,19635,GPD,tail,21.39793168391183,0.090625,Puntarenas_OTROS_Hidrometereológico
-0.0688141616088948,0.8595471545216999,19636,GPD,tail,21.39793168391183,0.090625,Puntarenas_OTROS_Hidrometereológico
-0.0688141616088948,0.8595471545216999,19637,GPD,tail,21.39793168391183,0.090625,Puntarenas_OTROS_Hidrometereológico
-0.0688141616088948,0.8595471545216999,19638,GPD,tail,21.39793168391183,0.090625,Puntarenas_OTROS_Hidrometereológico
-0.0688141616088948,0.8595471545216999,19639,GPD,tail,21.39793168391183,0.090625,Puntarenas_OTROS_Hidrometereológico
-0.0688141616088948,0.8595471545216999,19640,GPD,tail,21.39793168391183,0.090625,Puntarenas_OTROS_Hidrometereológico
-0.0688141616088948,0.8595471545216999,19641,GPD,tail,21.39793168391183,0.090625,Puntarenas_OTROS_Hidrometereológico
-0.0688141616088948,0.8595471545216999,19642,GPD,tail,21.39793168391183,0.090625,Puntarenas_OTROS_Hidrometereológico
-0.0688141616088948,0.8595471545216999,19643,GPD,tail,21.39793168391183,0.090625,Puntarenas_OTROS_Hidrometereológico
-0.0688141616088948,0.8595471545216999,19644,GPD,tail,21.39793168391183,0.090625,Puntarenas_OTROS_Hidrometereológico
-0.0688141616088948,0.8595471545216999,19645,GPD,tail,21.39793168391183,0.090625,Puntarenas_OTROS_Hidrometereológico
-0.0688141616088948,0.8595471545216999,19646,GPD,tail,21.39793168391183,0.090625,Puntarenas_OTROS_Hidrometereológico
-0.0688141616088948,0.8595471545216999,19647,GPD,tail,21.39793168391183,0.090625,Puntarenas_OTROS_Hidrometereológico
-0.0688141616088948,0.8595471545216999,19648,GPD,tail,21.39793168391183,0.090625,Puntarenas_OTROS_Hidrometereológico
-0.0688141616088948,0.8595471545216999,19649,GPD,tail,21.39793168391183,0.090625,Puntarenas_OTROS_Hidrometereológico
-0.0688141616088948,0.8595471545216999,19650,GPD,tail,21.39793168391183,0.090625,Puntarenas_OTROS_Hidrometereológico
-0.0688141616088948,0.8595471545216999,19651,GPD,tail,21.39793168391183,0.090625,Puntarenas_OTROS_Hidrometereológico
-0.0688141616088948,0.8595471545216999,19652,GPD,tail,21.39793168391183,0.090625,Puntarenas_OTROS_Hidrometereológico
-0.0688141616088948,0.8595471545216999,19653,GPD,tail,21.39793168391183,0.090625,Puntarenas_OTROS_Hidrometereológico
-0.0688141616088948,0.8595471545216999,19654,GPD,tail,21.39793168391183,0.090625,Puntarenas_OTROS_Hidrometereológico
-0.0688141616088948,0.8595471545216999,19655,GPD,tail,21.39793168391183,0.090625,Puntarenas_OTROS_Hidrometereológico
-0.0688141616088948,0.8595471545216999,19656,GPD,tail,21.39793168391183,0.090625,Puntarenas_OTROS_Hidrometereológico
-0.0688141616088948,0.8595471545216999,19657,GPD,tail,21.39793168391183,0.090625,Puntarenas_OTROS_Hidrometereológico
-0.10051327113320972,0.9304156489234962,19658,GPD,tail,21.39793168391183,0.090625,Puntarenas_OTROS_Hidrometereológico
-0.10051327113320972,0.9304156489234962,19659,GPD,tail,21.39793168391183,0.090625,Puntarenas_OTROS_Hidrometereológico
-0.10051327113320972,0.9304156489234962,19660,GPD,tail,21.39793168391183,0.090625,Puntarenas_OTROS_Hidrometereológico
-0.10051327113320972,0.9304156489234962,19661,GPD,tail,21.39793168391183,0.090625,Puntarenas_OTROS_Hidrometereológico
-0.10051327113320972,0.9304156489234962,19662,GPD,tail,21.39793168391183,0.090625,Puntarenas_OTROS_Hidrometereológico
-0.10051327113320972,0.9304156489234962,19663,GPD,tail,21.39793168391183,0.090625,Puntarenas_OTROS_Hidrometereológico
-0.10051327113320972,0.9304156489234962,19664,GPD,tail,21.39793168391183,0.090625,Puntarenas_OTROS_Hidrometereológico
-0.10051327113320972,0.9304156489234962,19665,GPD,tail,21.39793168391183,0.090625,Puntarenas_OTROS_Hidrometereológico
-0.10051327113320972,0.9304156489234962,19666,GPD,tail,21.39793168391183,0.090625,Puntarenas_OTROS_Hidrometereológico
-0.10051327113320972,0.9304156489234962,19667,GPD,tail,21.39793168391183,0.090625,Puntarenas_OTROS_Hidrometereológico
-0.10051327113320972,0.9304156489234962,19668,GPD,tail,21.39793168391183,0.090625,Puntarenas_OTROS_Hidrometereológico
-0.10051327113320972,0.9304156489234962,19669,GPD,tail,21.39793168391183,0.090625,Puntarenas_OTROS_Hidrometereológico
-0.10051327113320972,0.9304156489234962,19670,GPD,tail,21.39793168391183,0.090625,Puntarenas_OTROS_Hidrometereológico
-0.10051327113320972,0.9304156489234962,19671,GPD,tail,21.39793168391183,0.090625,Puntarenas_OTROS_Hidrometereológico
-0.10051327113320972,0.9304156489234962,19672,GPD,tail,21.39793168391183,0.090625,Puntarenas_OTROS_Hidrometereológico
-0.10051327113320972,0.9304156489234962,19673,GPD,tail,21.39793168391183,0.090625,Puntarenas_OTROS_Hidrometereológico
-0.10051327113320972,0.9304156489234962,19674,GPD,tail,21.39793168391183,0.090625,Puntarenas_OTROS_Hidrometereológico
-0.10051327113320972,0.9304156489234962,19675,GPD,tail,21.39793168391183,0.090625,Puntarenas_OTROS_Hidrometereológico
-0.10051327113320972,0.9304156489234962,19676,GPD,tail,21.39793168391183,0.090625,Puntarenas_OTROS_Hidrometereológico
-0.10051327113320972,0.9304156489234962,19677,GPD,tail,21.39793168391183,0.090625,Puntarenas_OTROS_Hidrometereológico
-0.10051327113320972,0.9304156489234962,19678,GPD,tail,21.39793168391183,0.090625,Puntarenas_OTROS_Hidrometereológico
-0.10051327113320972,0.9304156489234962,19679,GPD,tail,21.39793168391183,0.090625,Puntarenas_OTROS_Hidrometereológico
-0.07689738766460344,0.8019332973884711,19680,GPD,tail,21.39793168391183,0.090625,Puntarenas_OTROS_Hidrometereológico
-0.07689738766460344,0.8019332973884711,19681,GPD,tail,21.39793168391183,0.090625,Puntarenas_OTROS_Hidrometereológico
-0.07689738766460344,0.8019332973884711,19682,GPD,tail,21.39793168391183,0.090625,Puntarenas_OTROS_Hidrometereológico
-0.07689738766460344,0.8019332973884711,19683,GPD,tail,21.39793168391183,0.090625,Puntarenas_OTROS_Hidrometereológico
-0.07689738766460344,0.8019332973884711,19684,GPD,tail,21.39793168391183,0.090625,Puntarenas_OTROS_Hidrometereológico
-0.07689738766460344,0.8019332973884711,19685,GPD,tail,21.39793168391183,0.090625,Puntarenas_OTROS_Hidrometereológico
-0.07689738766460344,0.8019332973884711,19686,GPD,tail,21.39793168391183,0.090625,Puntarenas_OTROS_Hidrometereológico
-0.07689738766460344,0.8019332973884711,19687,GPD,tail,21.39793168391183,0.090625,Puntarenas_OTROS_Hidrometereológico
-0.1250524580880082,0.8476074779901028,19688,GPD,tail,21.39793168391183,0.090625,Puntarenas_OTROS_Hidrometereológico
-0.1250524580880082,0.8476074779901028,19689,GPD,tail,21.39793168391183,0.090625,Puntarenas_OTROS_Hidrometereológico
0.010767822189551607,0.7271977004221586,19690,GPD,tail,21.39793168391183,0.090625,Puntarenas_OTROS_Hidrometereológico
0.010767822189551607,0.7271977004221586,19691,GPD,tail,21.39793168391183,0.090625,Puntarenas_OTROS_Hidrometereológico
0.010767822189551607,0.7271977004221586,19692,GPD,tail,21.39793168391183,0.090625,Puntarenas_OTROS_Hidrometereológico
0.010767822189551607,0.7271977004221586,19693,GPD,tail,21.39793168391183,0.090625,Puntarenas_OTROS_Hidrometereológico
0.010767822189551607,0.7271977004221586,19694,GPD,tail,21.39793168391183,0.090625,Puntarenas_OTROS_Hidrometereológico
0.010767822189551607,0.7271977004221586,19695,GPD,tail,21.39793168391183,0.090625,Puntarenas_OTROS_Hidrometereológico
0.010767822189551607,0.7271977004221586,19696,GPD,tail,21.39793168391183,0.090625,Puntarenas_OTROS_Hidrometereológico
0.010767822189551607,0.7271977004221586,19697,GPD,tail,21.39793168391183,0.090625,Puntarenas_OTROS_Hidrometereológico
0.010767822189551607,0.7271977004221586,19698,GPD,tail,21.39793168391183,0.090625,Puntarenas_OTROS_Hidrometereológico
0.010767822189551607,0.7271977004221586,19699,GPD,tail,21.39793168391183,0.090625,Puntarenas_OTROS_Hidrometereológico
0.010767822189551607,0.7271977004221586,19700,GPD,tail,21.39793168391183,0.090625,Puntarenas_OTROS_Hidrometereológico
0.010767822189551607,0.7271977004221586,19701,GPD,tail,21.39793168391183,0.090625,Puntarenas_OTROS_Hidrometereológico
0.010767822189551607,0.7271977004221586,19702,GPD,tail,21.39793168391183,0.090625,Puntarenas_OTROS_Hidrometereológico
0.010767822189551607,0.7271977004221586,19703,GPD,tail,21.39793168391183,0.090625,Puntarenas_OTROS_Hidrometereológico
0.010767822189551607,0.7271977004221586,19704,GPD,tail,21.39793168391183,0.090625,Puntarenas_OTROS_Hidrometereológico
0.011874948207982646,0.7856295656485246,19705,GPD,tail,21.39793168391183,0.090625,Puntarenas_OTROS_Hidrometereológico
0.011874948207982646,0.7856295656485246,19706,GPD,tail,21.39793168391183,0.090625,Puntarenas_OTROS_Hidrometereológico
0.011874948207982646,0.7856295656485246,19707,GPD,tail,21.39793168391183,0.090625,Puntarenas_OTROS_Hidrometereológico
0.011874948207982646,0.7856295656485246,19708,GPD,tail,21.39793168391183,0.090625,Puntarenas_OTROS_Hidrometereológico
0.011874948207982646,0.7856295656485246,19709,GPD,tail,21.39793168391183,0.090625,Puntarenas_OTROS_Hidrometereológico
0.011874948207982646,0.7856295656485246,19710,GPD,tail,21.39793168391183,0.090625,Puntarenas_OTROS_Hidrometereológico
0.011874948207982646,0.7856295656485246,19711,GPD,tail,21.39793168391183,0.090625,Puntarenas_OTROS_Hidrometereológico
0.011874948207982646,0.7856295656485246,19712,GPD,tail,21.39793168391183,0.090625,Puntarenas_OTROS_Hidrometereológico
0.011874948207982646,0.7856295656485246,19713,GPD,tail,21.39793168391183,0.090625,Puntarenas_OTROS_Hidrometereológico
0.011874948207982646,0.7856295656485246,19714,GPD,tail,21.39793168391183,0.090625,Puntarenas_OTROS_Hidrometereológico
0.011874948207982646,0.7856295656485246,19715,GPD,tail,21.39793168391183,0.090625,Puntarenas_OTROS_Hidrometereológico
0.011874948207982646,0.7856295656485246,19716,GPD,tail,21.39793168391183,0.090625,Puntarenas_OTROS_Hidrometereológico
0.011874948207982646,0.7856295656485246,19717,GPD,tail,21.39793168391183,0.090625,Puntarenas_OTROS_Hidrometereológico
-0.00527838260280193,0.6789413789074579,19718,GPD,tail,21.39793168391183,0.090625,Puntarenas_OTROS_Hidrometereológico
-0.00527838260280193,0.6789413789074579,19719,GPD,tail,21.39793168391183,0.090625,Puntarenas_OTROS_Hidrometereológico
-0.00527838260280193,0.6789413789074579,19720,GPD,tail,21.39793168391183,0.090625,Puntarenas_OTROS_Hidrometereológico
-0.00527838260280193,0.6789413789074579,19721,GPD,tail,21.39793168391183,0.090625,Puntarenas_OTROS_Hidrometereológico
-0.00527838260280193,0.6789413789074579,19722,GPD,tail,21.39793168391183,0.090625,Puntarenas_OTROS_Hidrometereológico
-0.00527838260280193,0.6789413789074579,19723,GPD,tail,21.39793168391183,0.090625,Puntarenas_OTROS_Hidrometereológico
-0.014712852795849551,0.9182345769670524,19724,GPD,tail,21.39793168391183,0.090625,Puntarenas_OTROS_Hidrometereológico
0.041150169897599696,0.764933104177786,19725,GPD,tail,21.39793168391183,0.090625,Puntarenas_OTROS_Hidrometereológico
0.041150169897599696,0.764933104177786,19726,GPD,tail,21.39793168391183,0.090625,Puntarenas_OTROS_Hidrometereológico
0.041150169897599696,0.764933104177786,19727,GPD,tail,21.39793168391183,0.090625,Puntarenas_OTROS_Hidrometereológico
0.041150169897599696,0.764933104177786,19728,GPD,tail,21.39793168391183,0.090625,Puntarenas_OTROS_Hidrometereológico
0.041150169897599696,0.764933104177786,19729,GPD,tail,21.39793168391183,0.090625,Puntarenas_OTROS_Hidrometereológico
-0.08297884097238986,0.9750788445746832,19730,GPD,tail,21.39793168391183,0.090625,Puntarenas_OTROS_Hidrometereológico
-0.18970142711810828,1.1266364541444107,19731,GPD,tail,21.39793168391183,0.090625,Puntarenas_OTROS_Hidrometereológico
-0.18970142711810828,1.1266364541444107,19732,GPD,tail,21.39793168391183,0.090625,Puntarenas_OTROS_Hidrometereológico
-0.18970142711810828,1.1266364541444107,19733,GPD,tail,21.39793168391183,0.090625,Puntarenas_OTROS_Hidrometereológico
-0.18970142711810828,1.1266364541444107,19734,GPD,tail,21.39793168391183,0.090625,Puntarenas_OTROS_Hidrometereológico
-0.18970142711810828,1.1266364541444107,19735,GPD,tail,21.39793168391183,0.090625,Puntarenas_OTROS_Hidrometereológico
-0.1920267947437477,1.1498688296237325,19736,GPD,tail,21.39793168391183,0.090625,Puntarenas_OTROS_Hidrometereológico
-0.1920267947437477,1.1498688296237325,19737,GPD,tail,21.39793168391183,0.090625,Puntarenas_OTROS_Hidrometereológico
-0.1920267947437477,1.1498688296237325,19738,GPD,tail,21.39793168391183,0.090625,Puntarenas_OTROS_Hidrometereológico
-0.1920267947437477,1.1498688296237325,19739,GPD,tail,21.39793168391183,0.090625,Puntarenas_OTROS_Hidrometereológico
-0.12295336662712712,0.9780076752088552,19740,GPD,tail,21.39793168391183,0.090625,Puntarenas_OTROS_Hidrometereológico
-0.12295336662712712,0.9780076752088552,19741,GPD,tail,21.39793168391183,0.090625,Puntarenas_OTROS_Hidrometereológico
-0.12295336662712712,0.9780076752088552,19742,GPD,tail,21.39793168391183,0.090625,Puntarenas_OTROS_Hidrometereológico
-0.12295336662712712,0.9780076752088552,19743,GPD,tail,21.39793168391183,0.090625,Puntarenas_OTROS_Hidrometereológico
-0.12295336662712712,0.9780076752088552,19744,GPD,tail,21.39793168391183,0.090625,Puntarenas_OTROS_Hidrometereológico
-0.12295336662712712,0.9780076752088552,19745,GPD,tail,21.39793168391183,0.090625,Puntarenas_OTROS_Hidrometereológico
-0.12295336662712712,0.9780076752088552,19746,GPD,tail,21.39793168391183,0.090625,Puntarenas_OTROS_Hidrometereológico
-0.12295336662712712,0.9780076752088552,19747,GPD,tail,21.39793168391183,0.090625,Puntarenas_OTROS_Hidrometereológico
-0.12295336662712712,0.9780076752088552,19748,GPD,tail,21.39793168391183,0.090625,Puntarenas_OTROS_Hidrometereológico
-0.12295336662712712,0.9780076752088552,19749,GPD,tail,21.39793168391183,0.090625,Puntarenas_OTROS_Hidrometereológico
-0.12295336662712712,0.9780076752088552,19750,GPD,tail,21.39793168391183,0.090625,Puntarenas_OTROS_Hidrometereológico
-0.12295336662712712,0.9780076752088552,19751,GPD,tail,21.39793168391183,0.090625,Puntarenas_OTROS_Hidrometereológico
-0.12295336662712712,0.9780076752088552,19752,GPD,tail,21.39793168391183,0.090625,Puntarenas_OTROS_Hidrometereológico
-0.12295336662712712,0.9780076752088552,19753,GPD,tail,21.39793168391183,0.090625,Puntarenas_OTROS_Hidrometereológico
-0.12295336662712712,0.9780076752088552,19754,GPD,tail,21.39793168391183,0.090625,Puntarenas_OTROS_Hidrometereológico
-0.0033297157465632804,0.9225559335362767,19755,GPD,tail,21.39793168391183,0.090625,Puntarenas_OTROS_Hidrometereológico
0.040272497658588494,0.8710577362861177,19756,GPD,tail,21.39793168391183,0.090625,Puntarenas_OTROS_Hidrometereológico
0.040272497658588494,0.8710577362861177,19757,GPD,tail,21.39793168391183,0.090625,Puntarenas_OTROS_Hidrometereológico
0.040272497658588494,0.8710577362861177,19758,GPD,tail,21.39793168391183,0.090625,Puntarenas_OTROS_Hidrometereológico
0.040272497658588494,0.8710577362861177,19759,GPD,tail,21.39793168391183,0.090625,Puntarenas_OTROS_Hidrometereológico
0.040272497658588494,0.8710577362861177,19760,GPD,tail,21.39793168391183,0.090625,Puntarenas_OTROS_Hidrometereológico
0.11672066931804356,0.7336024702340833,19761,GPD,tail,21.39793168391183,0.090625,Puntarenas_OTROS_Hidrometereológico
0.11672066931804356,0.7336024702340833,19762,GPD,tail,21.39793168391183,0.090625,Puntarenas_OTROS_Hidrometereológico
0.11672066931804356,0.7336024702340833,19763,GPD,tail,21.39793168391183,0.090625,Puntarenas_OTROS_Hidrometereológico
0.11672066931804356,0.7336024702340833,19764,GPD,tail,21.39793168391183,0.090625,Puntarenas_OTROS_Hidrometereológico
0.11672066931804356,0.7336024702340833,19765,GPD,tail,21.39793168391183,0.090625,Puntarenas_OTROS_Hidrometereológico
0.07309759980259808,0.7885841801175539,19766,GPD,tail,21.39793168391183,0.090625,Puntarenas_OTROS_Hidrometereológico
0.07309759980259808,0.7885841801175539,19767,GPD,tail,21.39793168391183,0.090625,Puntarenas_OTROS_Hidrometereológico
0.07309759980259808,0.7885841801175539,19768,GPD,tail,21.39793168391183,0.090625,Puntarenas_OTROS_Hidrometereológico
0.07309759980259808,0.7885841801175539,19769,GPD,tail,21.39793168391183,0.090625,Puntarenas_OTROS_Hidrometereológico
0.07309759980259808,0.7885841801175539,19770,GPD,tail,21.39793168391183,0.090625,Puntarenas_OTROS_Hidrometereológico
0.07309759980259808,0.7885841801175539,19771,GPD,tail,21.39793168391183,0.090625,Puntarenas_OTROS_Hidrometereológico
0.07309759980259808,0.7885841801175539,19772,GPD,tail,21.39793168391183,0.090625,Puntarenas_OTROS_Hidrometereológico
0.07309759980259808,0.7885841801175539,19773,GPD,tail,21.39793168391183,0.090625,Puntarenas_OTROS_Hidrometereológico
0.03597462395904843,0.7555952666654082,19774,GPD,tail,21.39793168391183,0.090625,Puntarenas_OTROS_Hidrometereológico
0.03597462395904843,0.7555952666654082,19775,GPD,tail,21.39793168391183,0.090625,Puntarenas_OTROS_Hidrometereológico
0.03597462395904843,0.7555952666654082,19776,GPD,tail,21.39793168391183,0.090625,Puntarenas_OTROS_Hidrometereológico
0.03597462395904843,0.7555952666654082,19777,GPD,tail,21.39793168391183,0.090625,Puntarenas_OTROS_Hidrometereológico
0.03597462395904843,0.7555952666654082,19778,GPD,tail,21.39793168391183,0.090625,Puntarenas_OTROS_Hidrometereológico
0.03597462395904843,0.7555952666654082,19779,GPD,tail,21.39793168391183,0.090625,Puntarenas_OTROS_Hidrometereológico
0.03597462395904843,0.7555952666654082,19780,GPD,tail,21.39793168391183,0.090625,Puntarenas_OTROS_Hidrometereológico
0.03597462395904843,0.7555952666654082,19781,GPD,tail,21.39793168391183,0.090625,Puntarenas_OTROS_Hidrometereológico
0.03597462395904843,0.7555952666654082,19782,GPD,tail,21.39793168391183,0.090625,Puntarenas_OTROS_Hidrometereológico
0.03597462395904843,0.7555952666654082,19783,GPD,tail,21.39793168391183,0.090625,Puntarenas_OTROS_Hidrometereológico
0.03597462395904843,0.7555952666654082,19784,GPD,tail,21.39793168391183,0.090625,Puntarenas_OTROS_Hidrometereológico
0.03597462395904843,0.7555952666654082,19785,GPD,tail,21.39793168391183,0.090625,Puntarenas_OTROS_Hidrometereológico
0.03597462395904843,0.7555952666654082,19786,GPD,tail,21.39793168391183,0.090625,Puntarenas_OTROS_Hidrometereológico
0.03597462395904843,0.7555952666654082,19787,GPD,tail,21.39793168391183,0.090625,Puntarenas_OTROS_Hidrometereológico
0.03597462395904843,0.7555952666654082,19788,GPD,tail,21.39793168391183,0.090625,Puntarenas_OTROS_Hidrometereológico
0.03597462395904843,0.7555952666654082,19789,GPD,tail,21.39793168391183,0.090625,Puntarenas_OTROS_Hidrometereológico
0.03597462395904843,0.7555952666654082,19790,GPD,tail,21.39793168391183,0.090625,Puntarenas_OTROS_Hidrometereológico
0.03597462395904843,0.7555952666654082,19791,GPD,tail,21.39793168391183,0.090625,Puntarenas_OTROS_Hidrometereológico
0.03597462395904843,0.7555952666654082,19792,GPD,tail,21.39793168391183,0.090625,Puntarenas_OTROS_Hidrometereológico
0.03597462395904843,0.7555952666654082,19793,GPD,tail,21.39793168391183,0.090625,Puntarenas_OTROS_Hidrometereológico
0.03597462395904843,0.7555952666654082,19794,GPD,tail,21.39793168391183,0.090625,Puntarenas_OTROS_Hidrometereológico
0.03597462395904843,0.7555952666654082,19795,GPD,tail,21.39793168391183,0.090625,Puntarenas_OTROS_Hidrometereológico
0.03597462395904843,0.7555952666654082,19796,GPD,tail,21.39793168391183,0.090625,Puntarenas_OTROS_Hidrometereológico
0.03597462395904843,0.7555952666654082,19797,GPD,tail,21.39793168391183,0.090625,Puntarenas_OTROS_Hidrometereológico
-0.054141013295904365,0.7825757863192068,19798,GPD,tail,21.39793168391183,0.090625,Puntarenas_OTROS_Hidrometereológico
-0.054141013295904365,0.7825757863192068,19799,GPD,tail,21.39793168391183,0.090625,Puntarenas_OTROS_Hidrometereológico
-0.054141013295904365,0.7825757863192068,19800,GPD,tail,21.39793168391183,0.090625,Puntarenas_OTROS_Hidrometereológico
-0.054141013295904365,0.7825757863192068,19801,GPD,tail,21.39793168391183,0.090625,Puntarenas_OTROS_Hidrometereológico
-0.054141013295904365,0.7825757863192068,19802,GPD,tail,21.39793168391183,0.090625,Puntarenas_OTROS_Hidrometereológico
-0.054141013295904365,0.7825757863192068,19803,GPD,tail,21.39793168391183,0.090625,Puntarenas_OTROS_Hidrometereológico
-0.054141013295904365,0.7825757863192068,19804,GPD,tail,21.39793168391183,0.090625,Puntarenas_OTROS_Hidrometereológico
-0.054141013295904365,0.7825757863192068,19805,GPD,tail,21.39793168391183,0.090625,Puntarenas_OTROS_Hidrometereológico
-0.054141013295904365,0.7825757863192068,19806,GPD,tail,21.39793168391183,0.090625,Puntarenas_OTROS_Hidrometereológico
-0.054141013295904365,0.7825757863192068,19807,GPD,tail,21.39793168391183,0.090625,Puntarenas_OTROS_Hidrometereológico
-0.054141013295904365,0.7825757863192068,19808,GPD,tail,21.39793168391183,0.090625,Puntarenas_OTROS_Hidrometereológico
-0.054141013295904365,0.7825757863192068,19809,GPD,tail,21.39793168391183,0.090625,Puntarenas_OTROS_Hidrometereológico
-0.054141013295904365,0.7825757863192068,19810,GPD,tail,21.39793168391183,0.090625,Puntarenas_OTROS_Hidrometereológico
-0.054141013295904365,0.7825757863192068,19811,GPD,tail,21.39793168391183,0.090625,Puntarenas_OTROS_Hidrometereológico
-0.054141013295904365,0.7825757863192068,19812,GPD,tail,21.39793168391183,0.090625,Puntarenas_OTROS_Hidrometereológico
-0.054141013295904365,0.7825757863192068,19813,GPD,tail,21.39793168391183,0.090625,Puntarenas_OTROS_Hidrometereológico
-0.054141013295904365,0.7825757863192068,19814,GPD,tail,21.39793168391183,0.090625,Puntarenas_OTROS_Hidrometereológico
-0.054141013295904365,0.7825757863192068,19815,GPD,tail,21.39793168391183,0.090625,Puntarenas_OTROS_Hidrometereológico
-0.054141013295904365,0.7825757863192068,19816,GPD,tail,21.39793168391183,0.090625,Puntarenas_OTROS_Hidrometereológico
-0.054141013295904365,0.7825757863192068,19817,GPD,tail,21.39793168391183,0.090625,Puntarenas_OTROS_Hidrometereológico
-0.054141013295904365,0.7825757863192068,19818,GPD,tail,21.39793168391183,0.090625,Puntarenas_OTROS_Hidrometereológico
-0.054141013295904365,0.7825757863192068,19819,GPD,tail,21.39793168391183,0.090625,Puntarenas_OTROS_Hidrometereológico
-0.054141013295904365,0.7825757863192068,19820,GPD,tail,21.39793168391183,0.090625,Puntarenas_OTROS_Hidrometereológico
-0.054141013295904365,0.7825757863192068,19821,GPD,tail,21.39793168391183,0.090625,Puntarenas_OTROS_Hidrometereológico
-0.054141013295904365,0.7825757863192068,19822,GPD,tail,21.39793168391183,0.090625,Puntarenas_OTROS_Hidrometereológico
-0.054141013295904365,0.7825757863192068,19823,GPD,tail,21.39793168391183,0.090625,Puntarenas_OTROS_Hidrometereológico
-0.054141013295904365,0.7825757863192068,19824,GPD,tail,21.39793168391183,0.090625,Puntarenas_OTROS_Hidrometereológico
-0.054141013295904365,0.7825757863192068,19825,GPD,tail,21.39793168391183,0.090625,Puntarenas_OTROS_Hidrometereológico
-0.14485892073726078,1.0002132152290653,19826,GPD,tail,21.39793168391183,0.090625,Puntarenas_OTROS_Hidrometereológico
-0.14485892073726078,1.0002132152290653,19827,GPD,tail,21.39793168391183,0.090625,Puntarenas_OTROS_Hidrometereológico
-0.14485892073726078,1.0002132152290653,19828,GPD,tail,21.39793168391183,0.090625,Puntarenas_OTROS_Hidrometereológico
-0.14485892073726078,1.0002132152290653,19829,GPD,tail,21.39793168391183,0.090625,Puntarenas_OTROS_Hidrometereológico
-0.14485892073726078,1.0002132152290653,19830,GPD,tail,21.39793168391183,0.090625,Puntarenas_OTROS_Hidrometereológico
-0.14485892073726078,1.0002132152290653,19831,GPD,tail,21.39793168391183,0.090625,Puntarenas_OTROS_Hidrometereológico
-0.14485892073726078,1.0002132152290653,19832,GPD,tail,21.39793168391183,0.090625,Puntarenas_OTROS_Hidrometereológico
-0.09143764295706246,1.0324885045061771,19833,GPD,tail,21.39793168391183,0.090625,Puntarenas_OTROS_Hidrometereológico
-0.09143764295706246,1.0324885045061771,19834,GPD,tail,21.39793168391183,0.090625,Puntarenas_OTROS_Hidrometereológico
-0.09143764295706246,1.0324885045061771,19835,GPD,tail,21.39793168391183,0.090625,Puntarenas_OTROS_Hidrometereológico
-0.09143764295706246,1.0324885045061771,19836,GPD,tail,21.39793168391183,0.090625,Puntarenas_OTROS_Hidrometereológico
-0.09143764295706246,1.0324885045061771,19837,GPD,tail,21.39793168391183,0.090625,Puntarenas_OTROS_Hidrometereológico
-0.09143764295706246,1.0324885045061771,19838,GPD,tail,21.39793168391183,0.090625,Puntarenas_OTROS_Hidrometereológico
-0.09143764295706246,1.0324885045061771,19839,GPD,tail,21.39793168391183,0.090625,Puntarenas_OTROS_Hidrometereológico
-0.09143764295706246,1.0324885045061771,19840,GPD,tail,21.39793168391183,0.090625,Puntarenas_OTROS_Hidrometereológico
0.08787225850531395,0.8082470765256512,19841,GPD,tail,21.39793168391183,0.090625,Puntarenas_OTROS_Hidrometereológico
0.08787225850531395,0.8082470765256512,19842,GPD,tail,21.39793168391183,0.090625,Puntarenas_OTROS_Hidrometereológico
0.08787225850531395,0.8082470765256512,19843,GPD,tail,21.39793168391183,0.090625,Puntarenas_OTROS_Hidrometereológico
0.08787225850531395,0.8082470765256512,19844,GPD,tail,21.39793168391183,0.090625,Puntarenas_OTROS_Hidrometereológico
0.08787225850531395,0.8082470765256512,19845,GPD,tail,21.39793168391183,0.090625,Puntarenas_OTROS_Hidrometereológico
0.08787225850531395,0.8082470765256512,19846,GPD,tail,21.39793168391183,0.090625,Puntarenas_OTROS_Hidrometereológico
0.08787225850531395,0.8082470765256512,19847,GPD,tail,21.39793168391183,0.090625,Puntarenas_OTROS_Hidrometereológico
0.08787225850531395,0.8082470765256512,19848,GPD,tail,21.39793168391183,0.090625,Puntarenas_OTROS_Hidrometereológico
0.08787225850531395,0.8082470765256512,19849,GPD,tail,21.39793168391183,0.090625,Puntarenas_OTROS_Hidrometereológico
0.09116727101455874,0.6994271663503123,19850,GPD,tail,21.39793168391183,0.090625,Puntarenas_OTROS_Hidrometereológico
0.09116727101455874,0.6994271663503123,19851,GPD,tail,21.39793168391183,0.090625,Puntarenas_OTROS_Hidrometereológico
0.09116727101455874,0.6994271663503123,19852,GPD,tail,21.39793168391183,0.090625,Puntarenas_OTROS_Hidrometereológico
0.09116727101455874,0.6994271663503123,19853,GPD,tail,21.39793168391183,0.090625,Puntarenas_OTROS_Hidrometereológico
0.09116727101455874,0.6994271663503123,19854,GPD,tail,21.39793168391183,0.090625,Puntarenas_OTROS_Hidrometereológico
0.09116727101455874,0.6994271663503123,19855,GPD,tail,21.39793168391183,0.090625,Puntarenas_OTROS_Hidrometereológico
0.09116727101455874,0.6994271663503123,19856,GPD,tail,21.39793168391183,0.090625,Puntarenas_OTROS_Hidrometereológico
0.023110554294237695,0.8790020927967401,19857,GPD,tail,21.39793168391183,0.090625,Puntarenas_OTROS_Hidrometereológico
0.023110554294237695,0.8790020927967401,19858,GPD,tail,21.39793168391183,0.090625,Puntarenas_OTROS_Hidrometereológico
0.023110554294237695,0.8790020927967401,19859,GPD,tail,21.39793168391183,0.090625,Puntarenas_OTROS_Hidrometereológico
0.023110554294237695,0.8790020927967401,19860,GPD,tail,21.39793168391183,0.090625,Puntarenas_OTROS_Hidrometereológico
0.023110554294237695,0.8790020927967401,19861,GPD,tail,21.39793168391183,0.090625,Puntarenas_OTROS_Hidrometereológico
0.023110554294237695,0.8790020927967401,19862,GPD,tail,21.39793168391183,0.090625,Puntarenas_OTROS_Hidrometereológico
0.023110554294237695,0.8790020927967401,19863,GPD,tail,21.39793168391183,0.090625,Puntarenas_OTROS_Hidrometereológico
0.023110554294237695,0.8790020927967401,19864,GPD,tail,21.39793168391183,0.090625,Puntarenas_OTROS_Hidrometereológico
0.023110554294237695,0.8790020927967401,19865,GPD,tail,21.39793168391183,0.090625,Puntarenas_OTROS_Hidrometereológico
0.023110554294237695,0.8790020927967401,19866,GPD,tail,21.39793168391183,0.090625,Puntarenas_OTROS_Hidrometereológico
0.023110554294237695,0.8790020927967401,19867,GPD,tail,21.39793168391183,0.090625,Puntarenas_OTROS_Hidrometereológico
0.023110554294237695,0.8790020927967401,19868,GPD,tail,21.39793168391183,0.090625,Puntarenas_OTROS_Hidrometereológico
0.023110554294237695,0.8790020927967401,19869,GPD,tail,21.39793168391183,0.090625,Puntarenas_OTROS_Hidrometereológico
0.023110554294237695,0.8790020927967401,19870,GPD,tail,21.39793168391183,0.090625,Puntarenas_OTROS_Hidrometereológico
0.023110554294237695,0.8790020927967401,19871,GPD,tail,21.39793168391183,0.090625,Puntarenas_OTROS_Hidrometereológico
0.023110554294237695,0.8790020927967401,19872,GPD,tail,21.39793168391183,0.090625,Puntarenas_OTROS_Hidrometereológico
0.023110554294237695,0.8790020927967401,19873,GPD,tail,21.39793168391183,0.090625,Puntarenas_OTROS_Hidrometereológico
0.023110554294237695,0.8790020927967401,19874,GPD,tail,21.39793168391183,0.090625,Puntarenas_OTROS_Hidrometereológico
0.023110554294237695,0.8790020927967401,19875,GPD,tail,21.39793168391183,0.090625,Puntarenas_OTROS_Hidrometereológico
0.023110554294237695,0.8790020927967401,19876,GPD,tail,21.39793168391183,0.090625,Puntarenas_OTROS_Hidrometereológico
0.023110554294237695,0.8790020927967401,19877,GPD,tail,21.39793168391183,0.090625,Puntarenas_OTROS_Hidrometereológico
0.023110554294237695,0.8790020927967401,19878,GPD,tail,21.39793168391183,0.090625,Puntarenas_OTROS_Hidrometereológico
0.023110554294237695,0.8790020927967401,19879,GPD,tail,21.39793168391183,0.090625,Puntarenas_OTROS_Hidrometereológico
0.08616125908602007,0.7029158531171729,19880,GPD,tail,21.39793168391183,0.090625,Puntarenas_OTROS_Hidrometereológico
0.08616125908602007,0.7029158531171729,19881,GPD,tail,21.39793168391183,0.090625,Puntarenas_OTROS_Hidrometereológico
0.08616125908602007,0.7029158531171729,19882,GPD,tail,21.39793168391183,0.090625,Puntarenas_OTROS_Hidrometereológico
0.08616125908602007,0.7029158531171729,19883,GPD,tail,21.39793168391183,0.090625,Puntarenas_OTROS_Hidrometereológico
0.08616125908602007,0.7029158531171729,19884,GPD,tail,21.39793168391183,0.090625,Puntarenas_OTROS_Hidrometereológico
0.08616125908602007,0.7029158531171729,19885,GPD,tail,21.39793168391183,0.090625,Puntarenas_OTROS_Hidrometereológico
0.08616125908602007,0.7029158531171729,19886,GPD,tail,21.39793168391183,0.090625,Puntarenas_OTROS_Hidrometereológico
0.08616125908602007,0.7029158531171729,19887,GPD,tail,21.39793168391183,0.090625,Puntarenas_OTROS_Hidrometereológico
0.0218372424411504,0.8106027582871241,19888,GPD,tail,21.39793168391183,0.090625,Puntarenas_OTROS_Hidrometereológico
0.0218372424411504,0.8106027582871241,19889,GPD,tail,21.39793168391183,0.090625,Puntarenas_OTROS_Hidrometereológico
0.0218372424411504,0.8106027582871241,19890,GPD,tail,21.39793168391183,0.090625,Puntarenas_OTROS_Hidrometereológico
0.018748379385909175,0.7771904310327866,19891,GPD,tail,21.39793168391183,0.090625,Puntarenas_OTROS_Hidrometereológico
0.018748379385909175,0.7771904310327866,19892,GPD,tail,21.39793168391183,0.090625,Puntarenas_OTROS_Hidrometereológico
0.018748379385909175,0.7771904310327866,19893,GPD,tail,21.39793168391183,0.090625,Puntarenas_OTROS_Hidrometereológico
0.018748379385909175,0.7771904310327866,19894,GPD,tail,21.39793168391183,0.090625,Puntarenas_OTROS_Hidrometereológico
0.018748379385909175,0.7771904310327866,19895,GPD,tail,21.39793168391183,0.090625,Puntarenas_OTROS_Hidrometereológico
0.018748379385909175,0.7771904310327866,19896,GPD,tail,21.39793168391183,0.090625,Puntarenas_OTROS_Hidrometereológico
0.018748379385909175,0.7771904310327866,19897,GPD,tail,21.39793168391183,0.090625,Puntarenas_OTROS_Hidrometereológico
0.018748379385909175,0.7771904310327866,19898,GPD,tail,21.39793168391183,0.090625,Puntarenas_OTROS_Hidrometereológico
0.018748379385909175,0.7771904310327866,19899,GPD,tail,21.39793168391183,0.090625,Puntarenas_OTROS_Hidrometereológico
0.018748379385909175,0.7771904310327866,19900,GPD,tail,21.39793168391183,0.090625,Puntarenas_OTROS_Hidrometereológico
0.018748379385909175,0.7771904310327866,19901,GPD,tail,21.39793168391183,0.090625,Puntarenas_OTROS_Hidrometereológico
0.018748379385909175,0.7771904310327866,19902,GPD,tail,21.39793168391183,0.090625,Puntarenas_OTROS_Hidrometereológico
0.018748379385909175,0.7771904310327866,19903,GPD,tail,21.39793168391183,0.090625,Puntarenas_OTROS_Hidrometereológico
0.018748379385909175,0.7771904310327866,19904,GPD,tail,21.39793168391183,0.090625,Puntarenas_OTROS_Hidrometereológico
0.018748379385909175,0.7771904310327866,19905,GPD,tail,21.39793168391183,0.090625,Puntarenas_OTROS_Hidrometereológico
0.018748379385909175,0.7771904310327866,19906,GPD,tail,21.39793168391183,0.090625,Puntarenas_OTROS_Hidrometereológico
0.018748379385909175,0.7771904310327866,19907,GPD,tail,21.39793168391183,0.090625,Puntarenas_OTROS_Hidrometereológico
-0.09344288115588197,0.815013539500124,19908,GPD,tail,21.39793168391183,0.090625,Puntarenas_OTROS_Hidrometereológico
-0.09344288115588197,0.815013539500124,19909,GPD,tail,21.39793168391183,0.090625,Puntarenas_OTROS_Hidrometereológico
-0.09344288115588197,0.815013539500124,19910,GPD,tail,21.39793168391183,0.090625,Puntarenas_OTROS_Hidrometereológico
-0.09344288115588197,0.815013539500124,19911,GPD,tail,21.39793168391183,0.090625,Puntarenas_OTROS_Hidrometereológico
-0.09344288115588197,0.815013539500124,19912,GPD,tail,21.39793168391183,0.090625,Puntarenas_OTROS_Hidrometereológico
-0.09344288115588197,0.815013539500124,19913,GPD,tail,21.39793168391183,0.090625,Puntarenas_OTROS_Hidrometereológico
-0.027876684992962558,0.7860100514274577,19914,GPD,tail,21.39793168391183,0.090625,Puntarenas_OTROS_Hidrometereológico
-0.027876684992962558,0.7860100514274577,19915,GPD,tail,21.39793168391183,0.090625,Puntarenas_OTROS_Hidrometereológico
-0.027876684992962558,0.7860100514274577,19916,GPD,tail,21.39793168391183,0.090625,Puntarenas_OTROS_Hidrometereológico
-0.027876684992962558,0.7860100514274577,19917,GPD,tail,21.39793168391183,0.090625,Puntarenas_OTROS_Hidrometereológico
-0.027876684992962558,0.7860100514274577,19918,GPD,tail,21.39793168391183,0.090625,Puntarenas_OTROS_Hidrometereológico
-0.027876684992962558,0.7860100514274577,19919,GPD,tail,21.39793168391183,0.090625,Puntarenas_OTROS_Hidrometereológico
-0.027876684992962558,0.7860100514274577,19920,GPD,tail,21.39793168391183,0.090625,Puntarenas_OTROS_Hidrometereológico
-0.027876684992962558,0.7860100514274577,19921,GPD,tail,21.39793168391183,0.090625,Puntarenas_OTROS_Hidrometereológico
-0.027876684992962558,0.7860100514274577,19922,GPD,tail,21.39793168391183,0.090625,Puntarenas_OTROS_Hidrometereológico
-0.027876684992962558,0.7860100514274577,19923,GPD,tail,21.39793168391183,0.090625,Puntarenas_OTROS_Hidrometereológico
-0.027876684992962558,0.7860100514274577,19924,GPD,tail,21.39793168391183,0.090625,Puntarenas_OTROS_Hidrometereológico
-0.027876684992962558,0.7860100514274577,19925,GPD,tail,21.39793168391183,0.090625,Puntarenas_OTROS_Hidrometereológico
-0.027876684992962558,0.7860100514274577,19926,GPD,tail,21.39793168391183,0.090625,Puntarenas_OTROS_Hidrometereológico
-0.027876684992962558,0.7860100514274577,19927,GPD,tail,21.39793168391183,0.090625,Puntarenas_OTROS_Hidrometereológico
-0.027876684992962558,0.7860100514274577,19928,GPD,tail,21.39793168391183,0.090625,Puntarenas_OTROS_Hidrometereológico
-0.027876684992962558,0.7860100514274577,19929,GPD,tail,21.39793168391183,0.090625,Puntarenas_OTROS_Hidrometereológico
-0.027876684992962558,0.7860100514274577,19930,GPD,tail,21.39793168391183,0.090625,Puntarenas_OTROS_Hidrometereológico
-0.0734512353614235,0.8179008707699044,19931,GPD,tail,21.39793168391183,0.090625,Puntarenas_OTROS_Hidrometereológico
-0.0734512353614235,0.8179008707699044,19932,GPD,tail,21.39793168391183,0.090625,Puntarenas_OTROS_Hidrometereológico
-0.0734512353614235,0.8179008707699044,19933,GPD,tail,21.39793168391183,0.090625,Puntarenas_OTROS_Hidrometereológico
-0.0734512353614235,0.8179008707699044,19934,GPD,tail,21.39793168391183,0.090625,Puntarenas_OTROS_Hidrometereológico
-0.0734512353614235,0.8179008707699044,19935,GPD,tail,21.39793168391183,0.090625,Puntarenas_OTROS_Hidrometereológico
-0.0734512353614235,0.8179008707699044,19936,GPD,tail,21.39793168391183,0.090625,Puntarenas_OTROS_Hidrometereológico
-0.0734512353614235,0.8179008707699044,19937,GPD,tail,21.39793168391183,0.090625,Puntarenas_OTROS_Hidrometereológico
-0.0734512353614235,0.8179008707699044,19938,GPD,tail,21.39793168391183,0.090625,Puntarenas_OTROS_Hidrometereológico
-0.0734512353614235,0.8179008707699044,19939,GPD,tail,21.39793168391183,0.090625,Puntarenas_OTROS_Hidrometereológico
-0.0734512353614235,0.8179008707699044,19940,GPD,tail,21.39793168391183,0.090625,Puntarenas_OTROS_Hidrometereológico
-0.0734512353614235,0.8179008707699044,19941,GPD,tail,21.39793168391183,0.090625,Puntarenas_OTROS_Hidrometereológico
-0.0734512353614235,0.8179008707699044,19942,GPD,tail,21.39793168391183,0.090625,Puntarenas_OTROS_Hidrometereológico
-0.0734512353614235,0.8179008707699044,19943,GPD,tail,21.39793168391183,0.090625,Puntarenas_OTROS_Hidrometereológico
-0.09186456705267243,0.9865652811767829,19944,GPD,tail,21.39793168391183,0.090625,Puntarenas_OTROS_Hidrometereológico
-0.09186456705267243,0.9865652811767829,19945,GPD,tail,21.39793168391183,0.090625,Puntarenas_OTROS_Hidrometereológico
-0.09186456705267243,0.9865652811767829,19946,GPD,tail,21.39793168391183,0.090625,Puntarenas_OTROS_Hidrometereológico
-0.09186456705267243,0.9865652811767829,19947,GPD,tail,21.39793168391183,0.090625,Puntarenas_OTROS_Hidrometereológico
-0.09186456705267243,0.9865652811767829,19948,GPD,tail,21.39793168391183,0.090625,Puntarenas_OTROS_Hidrometereológico
-0.09186456705267243,0.9865652811767829,19949,GPD,tail,21.39793168391183,0.090625,Puntarenas_OTROS_Hidrometereológico
-0.09186456705267243,0.9865652811767829,19950,GPD,tail,21.39793168391183,0.090625,Puntarenas_OTROS_Hidrometereológico
-0.09186456705267243,0.9865652811767829,19951,GPD,tail,21.39793168391183,0.090625,Puntarenas_OTROS_Hidrometereológico
-0.09186456705267243,0.9865652811767829,19952,GPD,tail,21.39793168391183,0.090625,Puntarenas_OTROS_Hidrometereológico
-0.09186456705267243,0.9865652811767829,19953,GPD,tail,21.39793168391183,0.090625,Puntarenas_OTROS_Hidrometereológico
0.02228669690926205,0.8253135156219762,19954,GPD,tail,21.39793168391183,0.090625,Puntarenas_OTROS_Hidrometereológico
0.02228669690926205,0.8253135156219762,19955,GPD,tail,21.39793168391183,0.090625,Puntarenas_OTROS_Hidrometereológico
0.02228669690926205,0.8253135156219762,19956,GPD,tail,21.39793168391183,0.090625,Puntarenas_OTROS_Hidrometereológico
0.04015721891410925,0.8270435662430914,19957,GPD,tail,21.39793168391183,0.090625,Puntarenas_OTROS_Hidrometereológico
0.04015721891410925,0.8270435662430914,19958,GPD,tail,21.39793168391183,0.090625,Puntarenas_OTROS_Hidrometereológico
0.04015721891410925,0.8270435662430914,19959,GPD,tail,21.39793168391183,0.090625,Puntarenas_OTROS_Hidrometereológico
0.04015721891410925,0.8270435662430914,19960,GPD,tail,21.39793168391183,0.090625,Puntarenas_OTROS_Hidrometereológico
0.04015721891410925,0.8270435662430914,19961,GPD,tail,21.39793168391183,0.090625,Puntarenas_OTROS_Hidrometereológico
0.04015721891410925,0.8270435662430914,19962,GPD,tail,21.39793168391183,0.090625,Puntarenas_OTROS_Hidrometereológico
0.04015721891410925,0.8270435662430914,19963,GPD,tail,21.39793168391183,0.090625,Puntarenas_OTROS_Hidrometereológico
0.04015721891410925,0.8270435662430914,19964,GPD,tail,21.39793168391183,0.090625,Puntarenas_OTROS_Hidrometereológico
0.04015721891410925,0.8270435662430914,19965,GPD,tail,21.39793168391183,0.090625,Puntarenas_OTROS_Hidrometereológico
0.04015721891410925,0.8270435662430914,19966,GPD,tail,21.39793168391183,0.090625,Puntarenas_OTROS_Hidrometereológico
0.04015721891410925,0.8270435662430914,19967,GPD,tail,21.39793168391183,0.090625,Puntarenas_OTROS_Hidrometereológico
0.04015721891410925,0.8270435662430914,19968,GPD,tail,21.39793168391183,0.090625,Puntarenas_OTROS_Hidrometereológico
0.04015721891410925,0.8270435662430914,19969,GPD,tail,21.39793168391183,0.090625,Puntarenas_OTROS_Hidrometereológico
-0.04413256164463552,0.8275324046769258,19970,GPD,tail,21.39793168391183,0.090625,Puntarenas_OTROS_Hidrometereológico
-0.04413256164463552,0.8275324046769258,19971,GPD,tail,21.39793168391183,0.090625,Puntarenas_OTROS_Hidrometereológico
-0.04413256164463552,0.8275324046769258,19972,GPD,tail,21.39793168391183,0.090625,Puntarenas_OTROS_Hidrometereológico
-0.04413256164463552,0.8275324046769258,19973,GPD,tail,21.39793168391183,0.090625,Puntarenas_OTROS_Hidrometereológico
-0.04413256164463552,0.8275324046769258,19974,GPD,tail,21.39793168391183,0.090625,Puntarenas_OTROS_Hidrometereológico
-0.04413256164463552,0.8275324046769258,19975,GPD,tail,21.39793168391183,0.090625,Puntarenas_OTROS_Hidrometereológico
-0.04413256164463552,0.8275324046769258,19976,GPD,tail,21.39793168391183,0.090625,Puntarenas_OTROS_Hidrometereológico
-0.04413256164463552,0.8275324046769258,19977,GPD,tail,21.39793168391183,0.090625,Puntarenas_OTROS_Hidrometereológico
-0.04413256164463552,0.8275324046769258,19978,GPD,tail,21.39793168391183,0.090625,Puntarenas_OTROS_Hidrometereológico
-0.04413256164463552,0.8275324046769258,19979,GPD,tail,21.39793168391183,0.090625,Puntarenas_OTROS_Hidrometereológico
-0.04413256164463552,0.8275324046769258,19980,GPD,tail,21.39793168391183,0.090625,Puntarenas_OTROS_Hidrometereológico
-0.04413256164463552,0.8275324046769258,19981,GPD,tail,21.39793168391183,0.090625,Puntarenas_OTROS_Hidrometereológico
-0.006034070423354715,0.8267529425629332,19982,GPD,tail,21.39793168391183,0.090625,Puntarenas_OTROS_Hidrometereológico
-0.006034070423354715,0.8267529425629332,19983,GPD,tail,21.39793168391183,0.090625,Puntarenas_OTROS_Hidrometereológico
-0.006034070423354715,0.8267529425629332,19984,GPD,tail,21.39793168391183,0.090625,Puntarenas_OTROS_Hidrometereológico
-0.006034070423354715,0.8267529425629332,19985,GPD,tail,21.39793168391183,0.090625,Puntarenas_OTROS_Hidrometereológico
-0.006034070423354715,0.8267529425629332,19986,GPD,tail,21.39793168391183,0.090625,Puntarenas_OTROS_Hidrometereológico
-0.006034070423354715,0.8267529425629332,19987,GPD,tail,21.39793168391183,0.090625,Puntarenas_OTROS_Hidrometereológico
-0.006034070423354715,0.8267529425629332,19988,GPD,tail,21.39793168391183,0.090625,Puntarenas_OTROS_Hidrometereológico
-0.1018631921880323,0.9392538171269302,19989,GPD,tail,21.39793168391183,0.090625,Puntarenas_OTROS_Hidrometereológico
-0.1018631921880323,0.9392538171269302,19990,GPD,tail,21.39793168391183,0.090625,Puntarenas_OTROS_Hidrometereológico
-0.1018631921880323,0.9392538171269302,19991,GPD,tail,21.39793168391183,0.090625,Puntarenas_OTROS_Hidrometereológico
-0.1018631921880323,0.9392538171269302,19992,GPD,tail,21.39793168391183,0.090625,Puntarenas_OTROS_Hidrometereológico
-0.1018631921880323,0.9392538171269302,19993,GPD,tail,21.39793168391183,0.090625,Puntarenas_OTROS_Hidrometereológico
-0.1018631921880323,0.9392538171269302,19994,GPD,tail,21.39793168391183,0.090625,Puntarenas_OTROS_Hidrometereológico
-0.1018631921880323,0.9392538171269302,19995,GPD,tail,21.39793168391183,0.090625,Puntarenas_OTROS_Hidrometereológico
-0.1018631921880323,0.9392538171269302,19996,GPD,tail,21.39793168391183,0.090625,Puntarenas_OTROS_Hidrometereológico
-0.1018631921880323,0.9392538171269302,19997,GPD,tail,21.39793168391183,0.090625,Puntarenas_OTROS_Hidrometereológico
-0.1018631921880323,0.9392538171269302,19998,GPD,tail,21.39793168391183,0.090625,Puntarenas_OTROS_Hidrometereológico
-0.1018631921880323,0.9392538171269302,19999,GPD,tail,21.39793168391183,0.090625,Puntarenas_OTROS_Hidrometereológico
